groundtruth: cam2wheel_ryp.roll = -0.957862, cam2wheel_ryp.yaw = -4.04534, cam2wheel_ryp.pitch = -7.22235, cam2wheel_xyz.x = 1.84476, cam2wheel_xyz.y = -0.283707, cam2wheel_xyz.z = 1.29741
from_timestamp to_timestamp delta_pos_wheel delta_q_wheel delta_pos_cam delta_q_cam pos_wheel q_wheel pos_cam q_cam 
1576462251.444367 1576462252.549156 -0.0413731 0.608322 0 0.997762 0 0 0.0668655 -3391.94 675.276 5902.61 0.997725 0.00145476 -0.0673524 0.00237956 -0.0413731 0.608322 0 0.997762 0 0 0.0668655 9262.36 -5590.16 -425786 0.967272 0.0490633 0.248928 -0.00351123 
1576462252.549156 1576462253.765311 -0.0423582 0.677251 0 0.998215 0 0 0.0597238 -3145.19 797.252 6601.14 0.998217 0.000756499 -0.0596698 0.000956585 -0.173719 1.27387 0 0.991987 0 0 0.126336 9708.51 -5490.32 -418445 0.980368 0.049679 0.190817 0.00053622 
1576462253.765311 1576462254.971973 -0.0307239 0.655387 0 0.999001 0 0 0.0446824 -2488.09 776.416 6469.6 0.999003 0.00158279 -0.0446142 0.000815068 -0.367734 1.90063 0 0.985352 0 0 0.170534 9836.41 -5396.38 -411472 0.987824 0.0510017 0.146928 0.00385316 
1576462254.971973 1576462256.077893 -0.0259919 0.675213 0 0.999278 0 0 0.037984 -2139.94 799.266 6601.33 0.999267 0.00287164 -0.0381526 0.00160643 -0.619135 2.52783 0 0.978163 0 0 0.207839 9713.63 -5307.34 -404488 0.992552 0.0534179 0.109203 0.00780497 
1576462256.077893 1576462256.882328 -0.0187712 0.644001 0 0.999628 0 0 0.0272672 -1632.31 812.536 6302.78 0.999634 0.00122756 -0.0270251 0.00087049 -0.898136 3.10857 0 0.972132 0 0 0.234434 9488.92 -5201.48 -397932 0.995068 0.0543108 0.0823762 0.0102438 
1576462256.882328 1576462257.586155 -0.0141003 0.693561 0 0.999814 0 0 0.0192993 -1388.49 833.737 6714.78 0.999825 0.000631997 -0.0186687 -0.0013026 -1.22681 3.71946 0 0.967427 0 0 0.253151 9218.31 -5128.01 -391030 0.99641 0.0548462 0.0637079 0.0100118 
1576462257.586155 1576462258.190872 -0.00841252 0.670316 0 0.999933 0 0 0.011599 -990.59 827.091 6425.89 0.999934 0.000166927 -0.0114476 0.000469552 -1.56247 4.29974 0 0.964425 0 0 0.264355 9048.12 -5026.89 -384479 0.99706 0.0548644 0.0523213 0.0111175 
1576462258.190872 1576462258.696587 -0.00454086 0.591332 0 0.999971 0 0 0.00766226 -785.426 756.951 5815.32 0.999975 -0.000412908 -0.0070807 2.01129e-06 -1.8679 4.80611 0 0.962371 0 0 0.271737 8868.59 -4926.07 -378566 0.997428 0.0543725 0.0452648 0.0114861 
1576462258.696587 1576462259.298877 -0.0057227 0.758747 0 0.999973 0 0 0.00738303 -871.335 934.319 7441.26 0.999971 -0.000138347 -0.00758218 0.000160044 -2.26962 5.44981 0 0.960339 0 0 0.278835 8665.46 -4821.16 -371019 0.997748 0.0541386 0.0377111 0.0120514 
1576462259.298877 1576462259.803454 -0.00307477 0.670623 0 0.999991 0 0 0.00415419 -801.461 807.451 6453.43 0.999989 0.000377065 -0.00438714 -0.00133391 -2.63137 6.01451 0 0.959172 0 0 0.282822 8344.45 -4732.54 -364475 0.997899 0.0545117 0.0332567 0.0109721 
1576462259.803454 1576462260.305058 -0.00264985 0.65618 0 0.999991 0 0 0.00413839 -689.939 792.33 6435.54 0.999991 -1.97128e-06 -0.00418754 -0.000171964 -2.98961 6.56428 0 0.957994 0 0 0.286789 8076.57 -4658.18 -357960 0.998031 0.054469 0.0290683 0.0110286 
1576462260.305058 1576462260.708960 -0.00167177 0.537711 0 0.999997 0 0 0.00259008 -512.667 657.019 5303.88 0.999995 3.12294e-06 -0.00303685 -0.000361171 -3.28647 7.01262 0 0.957248 0 0 0.28927 7866.63 -4591.38 -352595 0.998119 0.0544489 0.0260176 0.0108336 
1576462260.708960 1576462261.210116 -0.00065221 0.690306 0 0.999999 0 0 0.00108179 -573.406 845.675 6756.88 0.999997 0.000379714 -0.00180946 0.00181385 -3.66931 7.58704 0 0.956934 0 0 0.290305 7637.15 -4495.56 -345766 0.998122 0.0547609 0.0243061 0.0127524 
1576462261.210116 1576462261.713261 -0.00120565 0.697892 0 0.999998 0 0 0.00197103 -635.716 824.88 6615.77 0.999997 0.000127407 -0.00190489 -0.00154658 -4.05806 8.16663 0 0.95636 0 0 0.29219 7313.83 -4412.88 -339077 0.998178 0.0549012 0.0223184 0.0113161 
1576462261.713261 1576462262.215965 -0.0015906 0.67954 0 0.999998 0 0 0.00219998 -603.62 809.521 6606.98 0.999998 6.6214e-05 -0.00194996 -0.000391832 -4.43916 8.72925 0 0.955715 0 0 0.294294 6997.25 -4344.37 -332401 0.998221 0.0549539 0.0203497 0.0110335 
1576462262.215965 1576462262.720725 -0.000551508 0.693482 0 1 0 0 0.000750641 -578.063 820.323 6726.75 0.999998 0.00177753 -0.000522884 0.000608 -4.82972 9.30229 0 0.955494 0 0 0.295011 6685.01 -4278.21 -325608 0.998125 0.05671 0.0198415 0.0117053 
1576462262.720725 1576462263.120317 -0.000688648 0.560947 0 1 0 0 0.000947143 -416.614 650.981 5439.11 0.999998 0.000446781 -0.000696434 0.00154796 -5.14653 9.76521 0 0.955214 0 0 0.295916 6477.75 -4255.49 -320118 0.998094 0.057117 0.0192289 0.0132987 
1576462263.120317 1576462263.623440 -0.000151452 0.72174 0 1 0 0 1.65396e-05 -531.67 870.746 6918.47 1 0.00048965 -2.84755e-05 -0.00041433 -5.55467 10.3605 0 0.955209 0 0 0.295932 6201.53 -4191.29 -313130 0.998072 0.0576133 0.0191703 0.0128962 
1576462263.623440 1576462264.025242 0.000176934 0.574996 0 1 0 0 -6.62847e-05 -469.796 735.277 5590.79 1 6.80324e-05 4.19997e-05 -0.000641014 -5.8796 10.8349 0 0.955229 0 0 0.295868 5937.18 -4114.47 -307479 0.998075 0.057694 0.0191744 0.0122553 
1576462264.025242 1576462264.528313 0.000558859 0.727241 0 1 0 0 -0.000515797 -505.804 927.266 7097.13 0.999999 -0.00114571 8.49831e-06 0.000856325 -6.29021 11.4351 0 0.955381 0 0 0.295376 5692.95 -4021.17 -300308 0.998129 0.0565341 0.0192463 0.0130875 
1576462264.528313 1576462265.031760 -0.00021366 0.719846 0 1 0 0 0.00016006 -559.996 849.818 7047.61 0.999999 -0.000646153 0.000392779 -0.000707479 -6.69666 12.0292 0 0.955334 0 0 0.295529 5394.41 -3984.74 -293194 0.998167 0.0559079 0.0196068 0.0123467 
1576462265.031760 1576462265.436580 0.000386374 0.58842 0 1 0 0 -0.000616051 -465.302 665.999 5512.96 0.999999 0.000232137 0.000984884 -0.000243226 -7.0286 12.5151 0 0.955516 0 0 0.29494 5138.05 -3948.23 -287627 0.998137 0.0561565 0.0205734 0.0120534 
1576462265.436580 1576462265.942886 0.000862866 0.714453 0 0.999999 -0 0 -0.00138958 -504.095 915.488 7004 0.999998 0.000700227 0.00157848 0.000226776 -7.43058 13.1057 0 0.955925 0 0 0.293612 4911.75 -3833.78 -280550 0.998061 0.0568697 0.0221532 0.0122055 
1576462265.942886 1576462266.344984 0.000395962 0.602556 0 1 -0 0 -0.000892295 -414.896 703.757 5732.98 0.999998 0.00103863 0.00158425 0.000169437 -7.76849 13.6046 0 0.956186 0 0 0.292759 4743.49 -3793.64 -274762 0.997963 0.0579218 0.0237313 0.0123075 
1576462266.344984 1576462266.755268 0.000779097 0.612294 0 0.999999 -0 0 -0.00147243 -429.275 443.001 5713.64 0.999973 0.00713437 0.00186014 0.000302082 -8.11065 14.1124 0 0.956616 0 0 0.291351 4583.94 -4022.67 -269022 0.997475 0.0650558 0.0255167 0.0126702 
1576462266.755268 1576462267.255854 0.00237707 0.804271 0 0.999998 0 0 -0.00199818 -559.919 1406.68 7859.38 0.999968 -0.00773905 0.00143427 -0.00144766 -8.55699 14.7814 0 0.957197 0 0 0.289439 4407.08 -3659.3 -261028 0.997928 0.0573893 0.0269504 0.010935 
1576462267.255854 1576462267.557476 0.000405108 0.534156 0 1 0 0 -0.000505027 -384.38 681.406 5139.82 1 -0.000489204 0.000724245 0.000355893 -8.85263 15.2263 0 0.957343 0 0 0.288955 4293.5 -3577.81 -255831 0.997932 0.0568994 0.0276989 0.0112354 
1576462267.557476 1576462267.961979 0.000819054 0.746071 0 0.999999 -0 0 -0.00103487 -569.995 945.001 7307.71 0.999995 -0.00270093 0.000891078 -0.00127001 -9.26472 15.8482 0 0.957641 0 0 0.287964 4119.65 -3479.09 -248443 0.998071 0.054249 0.0285461 0.00984245 
1576462267.961979 1576462268.263607 0.000468235 0.583823 0 1 0 0 -0.000688574 -430.28 686.078 5634.76 0.999985 -0.00520127 0.000126663 -0.00187437 -9.58632 16.3355 0 0.957839 0 0 0.287305 4005.9 -3413.98 -242752 0.998353 0.0491117 0.0286216 0.0078162 
1576462268.263607 1576462268.669105 -0.000740977 0.788052 0 1 0 0 0.000662715 -583.168 946.565 7440.61 0.999979 0.00605455 8.78515e-05 0.00213862 -10.0207 16.993 0 0.957649 0 0 0.287939 3842.58 -3209.15 -235233 0.998015 0.0550947 0.0287664 0.0101201 
1576462268.669105 1576462268.966270 1.43676e-05 0.598877 0 1 -0 0 -0.000210034 -484.489 705.368 5834.58 0.999997 -0.00227245 -0.000194593 -6.75098e-05 -10.3509 17.4926 0 0.957709 0 0 0.287738 3688.5 -3157.77 -229339 0.998144 0.0528266 0.0285914 0.00999805 
1576462268.966270 1576462269.270159 0.000400016 0.616703 0 1 -0 0 -0.0003966 -466.549 722.848 5942 1 0.000713401 -0.000155745 0.000346371 -10.6905 18.0074 0 0.957823 0 0 0.287358 3555.99 -3073.05 -223337 0.998107 0.0535272 0.0284471 0.0103724 
1576462269.270159 1576462269.571183 -3.28003e-05 0.643033 0 1 0 0 0.000399566 -530.62 794.605 6176.06 0.999997 0.00151719 -0.000137705 -0.00164901 -11.0445 18.5442 0 0.957708 0 0 0.287741 3369.88 -2952.05 -217091 0.998045 0.0550869 0.0282056 0.00877702 
1576462269.571183 1576462269.871374 -0.000557937 0.661049 0 1 0 0 0.000438107 -518.127 795.362 6408.17 1 -0.000622763 -0.00010378 0.000262079 -11.4093 19.0955 0 0.957582 0 0 0.288161 3208.18 -2873.78 -210615 0.998079 0.054457 0.0281219 0.00902673 
1576462269.871374 1576462270.174966 -0.00014446 0.706843 0 1 0 0 4.81315e-05 -504.432 837.89 6554.5 0.999999 0.000374627 0.0001472 0.00150375 -11.7995 19.6849 0 0.957568 0 0 0.288207 3066.48 -2760.81 -203991 0.99804 0.0547899 0.0283473 0.0105301 
1576462270.174966 1576462270.474252 0.000462806 0.697188 0 1 0 0 -0.000399253 -470.485 816.197 6722.62 1 0.000207683 0.00024461 0.000908196 -12.1839 20.2665 0 0.957683 0 0 0.287824 2970.38 -2692.25 -197204 0.998012 0.054974 0.028639 0.011429 
1576462270.474252 1576462270.788229 -4.58237e-05 0.733439 0 1 0 0 -0.000221782 -563.394 911.485 6870.82 0.999998 -0.000549845 0.000652048 -0.00172935 -12.5883 20.8784 0 0.957747 0 0 0.287612 2791.54 -2550.57 -190254 0.998041 0.0544821 0.0292009 0.00965147 
1576462270.788229 1576462271.078260 0.000612724 0.715476 0 0.999999 -0 0 -0.00120626 -481.976 895.4 7038.4 0.999997 -0.000147805 0.000890813 0.00215612 -12.982 21.4759 0 0.958093 0 0 0.286457 2713.72 -2432.94 -183143 0.998 0.0542801 0.0302088 0.0117505 
1576462271.078260 1576462271.279326 0.00015444 0.500235 0 1 0 0 8.22456e-05 -353.402 606.423 4797.53 1 -0.000220665 0.000439897 -0.00026137 -13.2564 21.8941 0 0.95807 0 0 0.286535 2644.22 -2356.08 -178296 0.998001 0.0540729 0.0306362 0.0114591 
1576462271.279326 1576462271.583079 -9.7018e-05 0.761409 0 1 -0 0 -0.000113396 -578.946 875.2 7327.25 1 0.000134551 0.000499519 -5.8728e-05 -13.6745 22.5304 0 0.958102 0 0 0.286427 2506.54 -2287.07 -170896 0.997979 0.0542147 0.03113 0.0113776 
1576462271.583079 1576462271.781560 0.000287689 0.519888 0 1 -0 0 -0.000630173 -413.01 639.458 4981.76 0.999999 0.000928123 0.000347167 -0.000768918 -13.9596 22.9652 0 0.958282 0 0 0.285823 2397.76 -2197.85 -165858 0.997926 0.0551688 0.0314242 0.0106203 
1576462271.781560 1576462272.083529 -9.14771e-05 0.820944 0 1 0 0 0.000367956 -600.428 963.201 7736.61 1 7.83129e-05 4.74867e-05 0.00076214 -14.4094 23.6519 0 0.958177 0 0 0.286175 2275.86 -2102.25 -158040 0.997912 0.0552235 0.0315128 0.0113807 
1576462272.083529 1576462272.284167 1.40098e-06 0.547661 0 1 0 0 6.4081e-05 -398.929 685.191 5279.98 1 0.000760154 5.64606e-05 0.000201695 -14.7098 24.1099 0 0.958159 0 0 0.286237 2203.37 -2010.02 -152702 0.997865 0.0559763 0.0315716 0.0116028 
1576462272.284167 1576462272.586251 -0.00024234 0.831445 0 1 0 0 0.000128787 -671.947 972.012 8004.08 1 0.000174337 -0.00036553 -0.000699059 -15.166 24.8049 0 0.958122 0 0 0.28636 2028.59 -1950.59 -144613 0.997875 0.0561681 0.0311657 0.0109312 
1576462272.586251 1576462272.787517 -0.000121157 0.555223 0 1 0 0 0.000411728 -456.56 681.125 5360.15 1 -0.00010858 -6.42204e-05 -2.47718e-05 -15.4708 25.269 0 0.958004 0 0 0.286755 1900.53 -1882.69 -139193 0.997883 0.0560598 0.0311014 0.0109067 
1576462272.787517 1576462272.987996 -2.78003e-05 0.554549 0 1 0 0 4.38647e-05 -368.039 713.065 5327.66 1 8.15658e-06 -0.000246671 0.000760527 -15.7755 25.7324 0 0.957991 0 0 0.286797 1857.46 -1776.03 -133806 0.997882 0.0560416 0.0308978 0.0116797 
1576462272.987996 1576462273.294733 -1.96483e-05 0.861826 0 1 0 0 1.1677e-05 -670.943 1014.12 7984.39 0.999998 -0.000687283 0.0005351 -0.00182229 -16.2491 26.4524 0 0.957988 0 0 0.286808 1670.66 -1673.78 -125733 0.997923 0.0554182 0.0313376 0.00981002 
1576462273.294733 1576462273.491372 0.000567784 0.510845 0 0.999999 -0 0 -0.00112133 -374.039 640.632 5269.14 0.999999 -0.000688049 0.000540063 0.000652033 -16.5294 26.8795 0 0.958309 0 0 0.285733 1622.4 -1625.38 -120412 0.997937 0.0547164 0.0319194 0.0104092 
1576462273.491372 1576462273.692958 0.000142378 0.53878 0 1 0 0 -5.4445e-05 -392.597 624.566 5169.99 0.999999 0.000310725 0.00041079 -0.00142164 -16.8243 27.3304 0 0.958325 0 0 0.285681 1555.15 -1575.39 -115190 0.997921 0.0550761 0.0322483 0.00897793 
1576462273.692958 1576462274.003205 0.000302229 0.828563 0 1 -0 0 -0.000801544 -587.982 917.42 7616.46 0.999999 0.000608916 0.00123915 7.84812e-05 -17.2777 28.0239 0 0.958553 0 0 0.284913 1453.05 -1509.12 -107497 0.997846 0.0556923 0.0334837 0.00900763 
1576462274.003205 1576462274.197537 0.000580542 0.517236 0 0.999999 -0 0 -0.0012548 -348.094 608.704 4964.31 1 -0.000153167 0.000743362 0.000314002 -17.5598 28.4575 0 0.95891 0 0 0.28371 1433.83 -1460.61 -102484 0.997826 0.0555356 0.0342443 0.00927442 
1576462274.197537 1576462274.498621 0.00108269 0.763064 0 0.999999 -0 0 -0.00113002 -544.153 960.712 7385.84 0.999999 -0.000647684 0.00120362 -1.05315e-05 -17.974 29.0983 0 0.95923 0 0 0.282626 1389.28 -1332.01 -95017.3 0.99782 0.0549008 0.0354507 0.00917488 
1576462274.498621 1576462274.800210 0.000620261 0.741375 0 1 0 0 -0.000760035 -552.961 913.086 7197.78 0.999997 -0.00228446 0.000452111 -0.000193234 -18.3755 29.7216 0 0.959445 0 0 0.281897 1341.11 -1220.78 -87741.8 0.997929 0.0526322 0.0359121 0.00887624 
1576462274.800210 1576462275.002490 -0.00015621 0.481806 0 1 0 0 0.000254759 -401.614 538.23 4625.76 1 -0.000212193 -0.000122756 7.35989e-07 -18.6362 30.1267 0 0.959373 0 0 0.282142 1268.97 -1177.22 -83068.3 0.997944 0.0524193 0.0357915 0.00887581 
1576462275.002490 1576462275.302709 -0.000461612 0.699266 0 1 0 0 0.000732865 -560.185 797.713 6739.33 0.999999 0.000665029 -0.000421977 -0.000850063 -19.0152 30.7144 0 0.959166 0 0 0.282845 1186.87 -1096.85 -76259.8 0.997931 0.0531096 0.0353199 0.00807341 
1576462275.302709 1576462275.606354 -0.000235046 0.685508 0 1 0 0 0.000282045 -513.838 805.871 6465.86 0.999999 0.000657478 -0.000105289 0.00124657 -19.3873 31.2901 0 0.959086 0 0 0.283115 1125.76 -987.527 -69724.9 0.997889 0.0537208 0.0352757 0.00934621 
1576462275.606354 1576462275.908269 -0.000451125 0.645334 0 1 0 0 0.000804201 -512.842 746.135 6188.7 1 0.000887497 -0.000380796 0.00010266 -19.7382 31.8317 0 0.958858 0 0 0.283886 1045.11 -916.778 -63471.2 0.997853 0.0545992 0.0348929 0.00950041 
1576462275.908269 1576462276.207860 -0.000129627 0.617243 0 1 0 0 0.000210145 -512.013 762.774 5933.28 1 0.000636405 -0.000121275 0.000431763 -20.0743 32.3494 0 0.958798 0 0 0.284088 942.209 -812.928 -57469 0.997818 0.055218 0.0347894 0.00996007 
1576462276.207860 1576462276.610328 -0.000752198 0.81006 0 1 0 0 0.000999589 -668.519 956.222 7568.04 0.999999 -0.000836429 -0.000415084 -0.000739835 -20.5162 33.0283 0 0.958514 0 0 0.285046 793.859 -707.3 -49813.7 0.997886 0.054405 0.0343427 0.00921567 
1576462276.610328 1576462276.916117 -0.000355641 0.575069 0 1 0 0 0.000537657 -462.425 688.396 5552.82 1 -0.000627837 -0.000460721 -0.000233447 -20.8308 33.5097 0 0.95836 0 0 0.285561 708.673 -632.739 -44200.5 0.997937 0.0537822 0.033876 0.00898621 
1576462276.916117 1576462277.314028 5.99949e-05 0.682463 0 1 0 0 -0.00023381 -581.624 819.682 6766.4 0.999998 -0.00126792 -0.00027043 0.00145812 -21.2043 34.0809 0 0.958427 0 0 0.285337 580.796 -552.686 -37361.5 0.998 0.052465 0.0336959 0.0104129 
1576462277.314028 1576462277.716161 -0.000210054 0.574206 0 1 0 0 0.000240804 -467.332 609.536 5485.36 0.999997 0.00227554 -0.000175316 -0.000822176 -21.5185 34.5615 0 0.958358 0 0 0.285568 479.035 -528.581 -31823.6 0.997892 0.0547617 0.033454 0.00967821 
1576462277.716161 1576462278.221537 -0.000346739 0.694579 0 1 0 0 0.000154741 -542.507 867.608 6684.95 1 0.000545632 -9.00751e-05 0.000110808 -21.899 35.1426 0 0.958314 0 0 0.285716 377.684 -405.091 -25062.7 0.997864 0.0553016 0.0333649 0.00981197 
1576462278.221537 1576462278.725859 0.000254108 0.713807 0 1 0 0 -0.000354033 -579.611 841.095 6736.89 0.999999 0.000782877 0.000358431 -0.000660779 -22.2897 35.74 0 0.958415 0 0 0.285377 242.01 -321.91 -18250.7 0.997814 0.0561083 0.0336783 0.00915889 
1576462278.725859 1576462279.129210 -0.000308798 0.572451 0 1 0 0 0.000833761 -400.452 764.79 5571.56 0.999999 -0.00100112 -0.000430311 0.00106812 -22.6031 36.2191 0 0.958177 0 0 0.286176 211.634 -191.314 -12614.2 0.997874 0.0550694 0.033318 0.0102151 
1576462279.129210 1576462279.634336 -0.000777717 0.744375 0 1 0 0 0.000720853 -629.842 887.319 6988.15 0.999998 -0.00202657 -8.20941e-05 -0.000877171 -23.0119 36.8411 0 0.957971 0 0 0.286867 41.0227 -87.987 -5544.67 0.997995 0.0530754 0.0332084 0.00927677 
1576462279.634336 1576462280.037169 0.000211071 0.589741 0 1 0 0 -0.000297458 -428.154 728.48 5648.04 1 -9.0293e-06 -0.000246573 -4.5267e-05 -23.3359 37.3339 0 0.958056 0 0 0.286582 -17.0991 31.9635 164.67 0.998004 0.0530656 0.03296 0.00924438 
1576462280.037169 1576462280.538072 0.00013177 0.759759 0 1 0 0 -4.14835e-05 -597.794 871.854 7316.13 1 0.000269258 -0.000230937 0.000157564 -23.753 37.9689 0 0.958068 0 0 0.286542 -138.035 115.175 7555.32 0.997996 0.053327 0.0327354 0.00942276 
1576462280.538072 1576462280.942352 -0.000590098 0.637763 0 1 0 0 0.000493372 -506.866 732.545 6093.09 1 0.000841194 -2.71416e-05 -0.000359531 -24.1036 38.5016 0 0.957926 0 0 0.287015 -250.701 187.33 13711.7 0.997955 0.054178 0.0326812 0.00909293 
1576462280.942352 1576462281.344696 0.000964316 0.680872 0 0.999998 -0 0 -0.00200178 -493.701 786.189 6363.31 0.999997 0.00138492 0.00154398 -0.00127401 -24.4772 39.0709 0 0.958499 0 0 0.285097 -333.41 273.753 20141.3 0.997838 0.0556156 0.0341403 0.00778311 
1576462281.344696 1576462281.644076 0.00194511 0.518129 0 0.999991 -0 0 -0.00422118 -291.472 614.349 4943.21 0.99999 9.99015e-05 0.00434633 -0.000541986 -24.7588 39.5058 0 0.959694 0 0 0.281048 -290.301 332.569 25130.5 0.997679 0.0557671 0.038446 0.00700391 
1576462281.644076 1576462282.046943 0.00754623 0.707546 0 0.999934 -0 0 -0.0115287 -173.711 843.404 6738.74 0.999922 -0.000421374 0.0124214 0.00109313 -25.1341 40.1057 0 0.96287 0 0 0.269965 50.5639 421.246 31914.9 0.997139 0.0553873 0.0508995 0.00738505 
1576462282.046943 1576462282.451468 0.00914569 0.722586 0 0.999933 -0 0 -0.011536 -69.1042 897.579 6933.44 0.999928 -0.000257316 0.0118004 -0.00202375 -25.5019 40.7277 0 0.96592 0 0 0.25884 683.138 551.173 38876.7 0.996496 0.0553169 0.0625523 0.00469987 
1576462282.451468 1576462282.753280 0.00609125 0.548772 0 0.999916 -0 0 -0.0129839 -39.1183 627.334 5259.4 0.99991 -0.00156412 0.0130722 -0.00243723 -25.7711 41.206 0 0.9692 0 0 0.246276 1301.2 597.267 44137.1 0.995687 0.0539672 0.0754456 0.00144981 
1576462282.753280 1576462283.157345 0.0217998 0.75896 0 0.999524 -0 0 -0.0308361 615.046 819.848 7013.42 0.999552 -0.00259449 0.0298134 -0.00022999 -26.1142 41.8833 0 0.976333 0 0 0.216273 2968.35 666.929 51025.8 0.993132 0.0514203 0.105088 -0.000584528 
1576462283.157345 1576462283.558153 0.0301429 0.744108 0 0.999077 -0 0 -0.0429477 1189.94 855.146 6911.94 0.999106 -0.00204578 0.0422164 -0.000784587 -26.4012 42.5705 0 0.984721 0 0 0.174142 5584.57 822.235 57587.3 0.987913 0.0494004 0.146879 -0.00374897 
1576462283.558153 1576462283.859324 0.0202223 0.527025 0 0.999203 -0 0 -0.039911 1256.99 571.361 5041.32 0.999168 -0.00159115 0.0407514 -0.000740834 -26.5629 43.0725 0 0.990886 0 0 0.134702 8260.98 902.104 62076.4 0.981181 0.0477434 0.186973 -0.00672457 
1576462283.859324 1576462284.261532 0.0438237 0.709399 0 0.997977 -0 0 -0.063571 2055.29 865.282 6640.48 0.997911 -0.00277065 0.0645191 -0.00183827 -26.71 43.7678 0 0.997445 0 0 0.0714382 12631.4 1134.09 67545.8 0.967188 0.044835 0.249781 -0.0121126 
1576462284.261532 1576462284.564652 0.0299001 0.554246 0 0.998562 -0 0 -0.053603 1729.32 596.829 4990.59 0.998589 -0.00167322 0.0530508 -0.00155111 -26.7594 44.3207 0 0.99984 0 0 0.0178695 16577.7 1263.54 71104.3 0.952629 0.0428983 0.300649 -0.0163922 
1576462284.564652 1576462284.965788 0.0565589 0.730237 0 0.996881 -0 0 -0.0789154 2777.01 806.413 6647.54 0.996813 -0.00314562 0.0796978 -0.00159446 -26.729 45.0525 0 0.998132 -0 0 -0.061089 22695.6 1442.61 74989 0.92574 0.0389379 0.375493 -0.0222235 
1576462284.965788 1576462285.269075 0.0364174 0.571982 0 0.997981 -0 0 -0.0635093 2161.46 733.469 5223.3 0.997927 -0.00210848 0.0643147 -0.000711598 -26.6231 45.6158 0 0.992238 -0 0 -0.124356 27919.4 1683.67 77257.8 0.899738 0.0357432 0.434179 -0.0261322 
1576462285.269075 1576462285.669154 0.0703764 0.811652 0 0.996489 -0 0 -0.0837202 3002.17 1025.7 7372.98 0.996387 -0.00169071 0.0849052 -0.00062626 -26.3546 46.3849 0 0.978343 -0 0 -0.20699 35612.3 2015.82 79523.6 0.859667 0.032146 0.508936 -0.0303701 
1576462285.669154 1576462285.972878 0.0377721 0.643367 0 0.998382 -0 0 -0.0568659 1947.81 844.123 5891.98 0.998269 -0.00138627 0.0588039 0.000166299 -26.0595 46.9579 0 0.964989 -0 0 -0.26229 41763.3 2310.88 80663.6 0.828301 0.0290281 0.55857 -0.0327704 
1576462285.972878 1576462286.275814 0.037799 0.69878 0 0.998545 -0 0 -0.0539164 1578.45 870.686 6217.7 0.998568 -0.00107222 0.0534627 -0.00139994 -25.6732 47.5414 0 0.949444 -0 0 -0.313937 48170.5 2617.1 81537.3 0.797238 0.0271284 0.601978 -0.0360339 
1576462286.275814 1576462286.576471 0.0323112 0.680491 0 0.998968 -0 0 -0.045418 1500.26 836.134 6288.84 0.998908 -0.00154122 0.0466619 -0.0016852 -25.2416 48.0685 0 0.934206 -0 0 -0.356735 54678.9 2867.78 81816 0.768259 0.0252031 0.63842 -0.0395317 
1576462286.576471 1576462286.878044 0.0273685 0.680363 0 0.999249 -0 0 -0.0387396 1217.61 853.896 6365.93 0.999187 0.000265071 0.0403209 -0.000188464 -24.7677 48.5574 0 0.919685 -0 0 -0.392658 61211.5 3115.3 81777.7 0.741878 0.0239126 0.668883 -0.0404913 
1576462286.878044 1576462287.177857 0.0210751 0.671975 0 0.999533 -0 0 -0.0305468 811.635 828.277 6305.94 0.999478 -0.00154402 0.0322538 -0.000363178 -24.2678 49.007 0 0.907261 -0 0 -0.420568 67616.6 3351.8 81611.3 0.71994 0.0216916 0.692392 -0.0425437 
1576462287.177857 1576462287.383294 0.00806443 0.448986 0 0.99985 -0 0 -0.0173266 454.17 572.728 4284.12 0.999844 0.00105822 0.0176076 -0.000384067 -23.9199 49.291 0 0.899838 -0 0 -0.436224 71949.2 3521.53 81314.2 0.707597 0.0219669 0.704997 -0.0424628 
1576462287.383294 1576462287.684994 0.0124462 0.690659 0 0.999863 -0 0 -0.0165512 217.487 791.716 6327.99 0.999842 -0.00183067 0.0176468 -0.000865924 -23.37 49.709 0 0.892495 -0 0 -0.451058 78323.4 3727.7 81105.6 0.695048 0.0205292 0.717276 -0.0447471 
1576462287.684994 1576462287.989081 0.00867372 0.67323 0 0.999921 -0 0 -0.0125638 29.3829 810.767 6400.29 0.999904 0.000211374 0.0138671 0.000763882 -22.8228 50.1013 0 0.886757 -0 0 -0.462236 84766.6 3940.08 80856.5 0.685064 0.0195057 0.72687 -0.0443449 
1576462287.989081 1576462288.288838 0.00414853 0.680696 0 0.999988 -0 0 -0.00485026 -188.18 859.132 6454.13 0.999981 0.000966607 0.00610823 0.000256661 -22.2624 50.4877 0 0.884505 -0 0 -0.466531 91271.1 4212.72 80641.1 0.680604 0.0197101 0.731089 -0.0435848 
1576462288.288838 1576462288.590506 0.00216524 0.690907 0 0.999993 -0 0 -0.00361517 -361.602 852.613 6546.37 0.999994 -7.88891e-06 0.00344638 -0.000570675 -21.691 50.8761 0 0.882812 -0 0 -0.469726 97876.1 4479.63 80513.5 0.678055 0.0199716 0.733418 -0.0440466 
1576462288.590506 1576462288.895413 0.00351449 0.728417 0 0.99999 -0 0 -0.00442291 -375.67 803.356 6632.14 0.99999 0.000787462 0.00423931 0.000729913 -21.0849 51.2802 0 0.880726 -0 0 -0.473626 104562 4682.55 80349.6 0.674956 0.0197833 0.736335 -0.0430584 
1576462288.895413 1576462289.197420 0.00253189 0.710397 0 0.999995 -0 0 -0.00328891 -426.965 874.698 6752.97 0.999994 -0.00124664 0.00320712 0.000321408 -20.4909 51.6697 0 0.879164 -0 0 -0.47652 111377 4957.14 80167.5 0.672629 0.018567 0.738448 -0.0438226 
1576462289.197420 1576462289.396275 0.000988179 0.48214 0 0.999998 -0 0 -0.00197876 -270.042 557.695 4534.57 0.999999 8.50208e-05 0.00166766 -0.000222259 -20.0864 51.9321 0 0.878219 -0 0 -0.478259 115948 5114.08 80000.1 0.671385 0.0187152 0.739568 -0.0439402 
1576462289.396275 1576462289.697874 0.000884271 0.728762 0 1 -0 0 -0.000848746 -512.621 863.073 6925.51 0.999998 0.000399628 0.00204338 0.000358841 -19.4737 52.3267 0 0.877813 -0 0 -0.479004 122939 5365.11 79820.3 0.669881 0.0186283 0.740963 -0.0434419 
1576462289.697874 1576462290.001391 0.000951797 0.740736 0 0.999999 -0 0 -0.00125291 -462.07 856.269 6995.07 0.999997 0.0021702 0.000958979 9.80495e-05 -18.8502 52.7267 0 0.877212 -0 0 -0.480103 129992 5606.79 79555.2 0.669132 0.0199677 0.741699 -0.0417859 
1576462290.001391 1576462290.207122 3.53981e-05 0.51596 0 1 0 0 -0.000112059 -372.244 583.509 4775.52 1 -0.000785033 0.000516406 -0.000318699 -18.4156 53.0048 0 0.877158 0 0 -0.480201 134813 5773.96 79422.3 0.668751 0.0196572 0.742005 -0.0425917 
1576462290.207122 1576462290.508879 -0.00023022 0.752973 0 1 0 0 0.000422872 -547.96 884.928 7183.21 1 -0.000737393 4.7675e-05 -0.000638218 -17.7814 53.4107 0 0.877361 0 0 -0.479831 142063 6027.35 79202.2 0.668703 0.0196356 0.741993 -0.0435666 
1576462290.508879 1576462290.712476 -0.000105763 0.504633 0 1 0 0 0.000150513 -381.374 534.429 4726.89 1 0.000504862 -8.25567e-06 -0.00065978 -17.3566 53.6831 0 0.877433 -0 0 -0.479698 146833 6140.71 79079.3 0.66867 0.0204631 0.741996 -0.043633 
1576462290.712476 1576462291.014437 -0.000151486 0.789567 0 1 0 0 0.000454987 -618.466 898.283 7186.88 1 -0.000425124 6.89227e-06 -0.000370059 -16.692 54.1094 0 0.877652 0 0 -0.479299 154096 6390.09 78927.8 0.668657 0.0204531 0.741974 -0.044196 
1576462291.014437 1576462291.316640 -0.000294503 0.753463 0 1 0 0 0.0003677 -596.07 918.773 7104.04 1 -0.000511898 2.084e-05 0.000561206 -16.0583 54.5169 0 0.877828 0 0 -0.478976 161277 6661.42 78761.4 0.668677 0.0196935 0.741977 -0.044201 
1576462291.316640 1576462291.518609 0.000104747 0.499302 0 1 -0 0 -0.000173402 -382.901 596.427 4745.92 1 -9.45844e-05 -4.53985e-05 0.000689993 -15.6384 54.787 0 0.877745 -0 0 -0.479129 166071 6830.21 78635.3 0.668743 0.0191203 0.741956 -0.0438089 
1576462291.518609 1576462291.820307 -2.40633e-05 0.741161 0 1 0 0 0.000126771 -571.525 832.605 7057.35 1 -6.59423e-05 -0.00027587 0.000714974 -15.015 55.1879 0 0.877805 0 0 -0.479017 173195 7037.01 78452.6 0.66898 0.0185578 0.741782 -0.0433744 
1576462291.820307 1576462292.121634 -5.11038e-05 0.733319 0 1 0 0 0.000130835 -573.503 885.684 6916.23 0.999999 -0.000841314 -7.87622e-05 0.000956049 -14.3983 55.5848 0 0.877868 0 0 -0.478903 180183 7319.47 78288 0.669095 0.0172892 0.74171 -0.0433574 
1576462292.121634 1576462292.322727 -0.000153939 0.48342 0 1 0 0 0.000226437 -390.261 552.927 4581.83 1 -0.000145188 -0.000212446 5.46778e-05 -13.9919 55.8466 0 0.877977 0 0 -0.478704 184811 7481.93 78191 0.669257 0.0171607 0.741562 -0.0434248 
1576462292.322727 1576462292.624615 -2.60032e-05 0.733076 0 1 0 0 0.000396963 -559.196 814.894 6724.53 0.999999 5.69593e-05 -0.000492444 -0.00153636 -13.3757 56.2437 0 0.878166 0 0 -0.478355 191602 7723.99 78037.9 0.669554 0.0183595 0.741208 -0.0444023 
1576462292.624615 1576462292.926233 -2.13294e-05 0.701871 0 1 0 0 0.000251602 -497.459 846.164 6611.4 0.999999 0.00141078 -0.000113992 0.000369437 -12.7861 56.6244 0 0.878287 0 0 -0.478134 198278 7984.56 77840 0.669628 0.0190353 0.7412 -0.0431071 
1576462292.926233 1576462293.227426 -2.98105e-05 0.691953 0 1 0 0 0.000239601 -523.939 791.361 6482.19 1 -4.3771e-05 -0.000237735 3.784e-05 -12.2049 57 0 0.878401 0 0 -0.477924 204823 8208.39 77685.8 0.669807 0.0189882 0.74104 -0.0431097 
1576462293.227426 1576462293.528977 -0.00079616 0.67801 0 0.999999 0 0 0.00132664 -596.271 779.982 6374.3 0.999999 -0.001162 -0.000541011 -0.000645205 -11.6361 57.3689 0 0.879035 0 0 -0.476758 211269 8433.16 77617.6 0.670201 0.0187113 0.740614 -0.0443926 
1576462293.528977 1576462293.733911 -0.000147528 0.442856 0 1 0 0 0.000312355 -353.803 492.218 4203.95 1 -0.000724481 -0.000287865 0.000550524 -11.265 57.6106 0 0.879183 -0 0 -0.476483 215514 8552.47 77538.6 0.670452 0.0178308 0.740399 -0.0445548 
1576462293.733911 1576462294.035704 -0.000336053 0.684304 0 1 0 0 0.000550878 -474.262 797.687 6139.87 0.999999 0.00109721 0.000112813 -0.000127641 -10.6918 57.9844 0 0.879446 0 0 -0.475999 221716 8810.4 77381 0.670343 0.0186559 0.740521 -0.04383 
1576462294.035704 1576462294.436023 0.000193855 0.858088 0 1 0 0 -4.15648e-05 -655.294 1018.23 8056.09 1 0.000621599 0.000112116 0.00063545 -9.9733 58.4535 0 0.879426 0 0 -0.476036 229855 9119.97 77207 0.670276 0.0185971 0.740635 -0.0429458 
1576462294.436023 1576462294.737742 -8.94527e-05 0.632957 0 1 0 0 0.000152844 -470.108 698.959 5931.12 1 -3.55854e-05 -0.000313302 0.000687648 -9.44338 58.7997 0 0.879499 0 0 -0.475901 235841 9304.81 77067.6 0.670538 0.0180774 0.740436 -0.0425054 
1576462294.737742 1576462295.038903 -0.000432909 0.623707 0 1 0 0 0.000691609 -554.585 744.614 5849.19 0.999999 -0.00156702 -0.000419845 -0.000427086 -8.92151 59.1412 0 0.879828 0 0 -0.475293 241758 9553.03 77022.1 0.670858 0.0173607 0.740079 -0.0439444 
1576462295.038903 1576462295.340854 -0.000159718 0.613032 0 1 0 0 0.000139862 -457.085 652.011 5744.6 1 0.000787285 -0.00036542 -0.000464808 -8.40889 59.4774 0 0.879894 0 0 -0.47517 247554 9709.87 76897.7 0.671094 0.0182489 0.73986 -0.0436672 
1576462295.340854 1576462295.642434 2.36173e-05 0.606926 0 1 -0 0 -0.000325308 -468.154 742.591 5630.09 0.999999 0.00130017 3.1896e-05 -0.000297587 -7.90136 59.8103 0 0.87974 -0 0 -0.475456 253246 9962.24 76796.2 0.671033 0.0193402 0.739932 -0.0429055 
1576462295.642434 1576462295.943696 -0.000520184 0.609785 0 0.999999 0 0 0.00104686 -466.306 741.975 5697.52 0.999999 0.000732869 -0.000251166 -0.000798258 -7.39153 60.1448 0 0.880237 0 0 -0.474535 259004 10204.8 76686.6 0.67117 0.0204334 0.739779 -0.042894 
1576462295.943696 1576462296.351114 -0.000826664 0.826411 0 0.999999 0 0 0.00114161 -669.299 961.897 7604.29 0.999999 -0.000963321 -0.000757847 -0.000505508 -6.7016 60.5997 0 0.880778 0 0 -0.47353 266692 10489.5 76592.5 0.671728 0.0201933 0.739218 -0.0439304 
1576462296.351114 1576462296.653693 -0.000654027 0.631256 0 1 0 0 0.000798792 -528.594 738.525 5953.13 0.999999 0.000167963 -0.000391486 0.00123727 -6.1754 60.9484 0 0.881156 0 0 -0.472826 272710 10691.8 76532.6 0.672068 0.0194087 0.738987 -0.0429672 
1576462296.653693 1576462296.956809 -0.00119025 0.691908 0 0.999999 0 0 0.00158796 -532.264 779.727 6183.46 1 -0.000503419 -0.000182891 -6.33017e-05 -5.59951 61.3319 0 0.881906 -0 0 -0.471426 278961 10929.6 76458.2 0.67221 0.019125 0.738841 -0.0433782 
1576462296.956809 1576462297.257889 0.000507106 0.687744 0 1 0 0 -0.000646438 -480.953 802.603 6384.83 0.999998 0.00187383 0.000217188 -0.000104413 -5.02736 61.7136 0 0.881601 0 0 -0.471996 285408 11169.6 76315.3 0.672008 0.0204523 0.739065 -0.042068 
1576462297.257889 1576462297.561755 0.000107678 0.69762 0 1 -0 0 -0.000378318 -581.575 784.627 6569.12 1 -0.000658914 0.000523239 -0.000505129 -4.44673 62.1003 0 0.881422 -0 0 -0.472329 292045 11377 76254.1 0.671613 0.0203608 0.739378 -0.0429051 
1576462297.561755 1576462297.762723 -0.000146147 0.47121 0 1 0 0 0.000256338 -357.646 522.206 4311.27 0.999999 0.000628259 0.000157927 -0.00112775 -4.05446 62.3613 0 0.881543 0 0 -0.472103 296400 11515.3 76185 0.671435 0.0216098 0.739488 -0.0432012 
1576462297.762723 1576462298.063999 0.000404174 0.713578 0 1 0 0 -0.000308928 -562.354 765.144 6582.02 0.999998 -0.00046847 0.000361858 -0.00203631 -3.46028 62.7565 0 0.881397 0 0 -0.472376 303048 11679.9 76095 0.671088 0.0227854 0.739665 -0.0449226 
1576462298.063999 1576462298.371441 -0.000420535 0.734189 0 1 0 0 9.81844e-05 -580.755 891.614 6710.49 0.999999 -0.000538979 0.000310673 0.00138713 -2.84916 63.1634 0 0.881444 -0 0 -0.472289 309837 11931.3 76001.6 0.670932 0.0213837 0.73988 -0.0443974 
1576462298.371441 1576462298.672320 -0.000110375 0.71544 0 1 0 0 0.000367115 -548.456 859.806 6655.49 1 2.76644e-06 0.000217842 0.000413015 -2.25355 63.5597 0 0.881617 0 0 -0.471966 316564 12174 75878 0.670789 0.0210703 0.740035 -0.0441229 
1576462298.672320 1576462298.874202 -6.71123e-05 0.505024 0 1 0 0 0.000280029 -349.571 560.272 4520.65 1 0.000834115 -8.90805e-06 0.000466315 -1.83331 63.8398 0 0.881749 0 0 -0.471719 321129 12318.4 75770.1 0.670798 0.0212851 0.740075 -0.0431926 
1576462298.874202 1576462299.173710 -0.000607482 0.672767 0 1 0 0 0.000394655 -555.492 804.831 6576.06 0.999997 -0.000674404 -0.000364332 0.00216141 -1.27399 64.2137 0 0.881935 -0 0 -0.471371 327774 12526 75660.8 0.671174 0.0192488 0.739846 -0.042234 
1576462299.173710 1576462299.476153 -0.000438548 0.721568 0 1 0 0 0.000693873 -575.226 807.042 6390.04 0.999999 -0.00104258 -0.000128683 -0.00120938 -0.674294 64.615 0 0.882262 0 0 -0.470759 334235 12781.3 75593.2 0.671237 0.0194492 0.739691 -0.0438145 
1576462299.476153 1576462299.781040 1.30908e-05 0.679384 0 1 0 0 7.06355e-05 -492.263 829.304 6371.81 1 0.000666454 -5.15737e-05 0.000670539 -0.109946 64.9932 0 0.882295 0 0 -0.470696 340672 13042.2 75445.2 0.671291 0.0194028 0.739698 -0.0428704 
1576462299.781040 1576462300.081485 0.000189622 0.665838 0 1 0 0 -0.000257741 -483.202 741.728 6226.45 1 0.000269499 -0.000137693 0.00036165 0.443196 65.3639 0 0.882174 0 0 -0.470924 346957 13237.5 75306.3 0.671403 0.0193221 0.739624 -0.0424256 
1576462300.081485 1576462300.382040 -0.000137076 0.651256 0 1 0 0 0.000240171 -536.735 721.499 6062.92 0.999999 -0.00130644 -0.000121364 -0.000472397 0.98423 65.7264 0 0.882287 0 0 -0.470712 353082 13433.3 75238.7 0.671498 0.0187995 0.739478 -0.0437067 
1576462300.382040 1576462300.683604 -0.000246541 0.640038 0 1 0 0 0.000536003 -523.506 752.349 5934.19 1 -0.00031365 -0.000144138 0.000439588 1.51571 66.083 0 0.882539 0 0 -0.470239 359082 13665 75169.9 0.671629 0.0182701 0.739375 -0.0436407 
1576462300.683604 1576462300.985437 -0.000380193 0.645971 0 1 0 0 0.00050277 -504.175 726.286 5897.48 1 0.000124167 -0.000163587 -0.000201877 2.05166 66.4436 0 0.882775 0 0 -0.469795 365041 13878.7 75087.9 0.671739 0.0185099 0.739267 -0.0436815 
1576462300.985437 1576462301.286797 -0.000309975 0.621956 0 1 0 0 5.47623e-05 -502.436 772.853 5834.11 0.999999 0.000242196 -7.65454e-05 0.0013895 2.56737 66.7913 0 0.882801 -0 0 -0.469747 370941 14141.9 75010.3 0.671851 0.0176487 0.739251 -0.0425676 
1576462301.286797 1576462301.588863 -0.000518507 0.598999 0 1 0 0 0.000706127 -477.759 749.482 5756.08 0.999999 -0.000321865 -0.000375504 0.00135099 3.06388 67.1264 0 0.883133 -0 0 -0.469123 376759 14404.3 74917.3 0.672191 0.0164497 0.739008 -0.0418912 
1576462301.588863 1576462301.890168 -0.000129103 0.616983 0 1 0 0 0.000281774 -484.746 694.959 5622.7 1 2.31797e-05 4.76424e-05 -0.000288762 3.57504 67.4719 0 0.883265 -0 0 -0.468874 382440 14639.5 74850.1 0.672144 0.0166767 0.739037 -0.042069 
1576462301.890168 1576462302.292647 -0.000446564 0.790618 0 1 0 0 0.000690774 -722.294 896.531 7373.24 1 -0.000801443 -0.000175311 0.000294954 4.22964 67.9152 0 0.883589 0 0 -0.468264 389897 14931.6 74848 0.672299 0.0159274 0.73889 -0.0424601 
1576462302.292647 1576462302.594366 -0.00059754 0.613571 0 0.999999 0 0 0.00115662 -461.804 654.883 5483.94 1 -0.000431507 -0.000711407 -4.46747e-05 4.73704 68.2602 0 0.88413 0 0 -0.467242 395434 15137.8 74773.6 0.672829 0.0157005 0.738392 -0.0427976 
1576462302.594366 1576462302.998658 -0.000298899 0.777444 0 1 0 0 0.000224757 -658.693 899.616 7245.24 1 -0.000236285 0.000163298 -0.000789927 5.3792 68.6985 0 0.884235 0 0 -0.467043 402758 15445.3 74732.2 0.672678 0.0161178 0.738479 -0.0435061 
1576462302.998658 1576462303.299992 2.6064e-05 0.577235 0 1 0 0 -8.51741e-05 -427.957 659.461 5416.36 1 0.000411178 5.10432e-07 0.000265788 5.85598 69.0239 0 0.884195 0 0 -0.467118 408227 15651.3 74635.8 0.672683 0.0161981 0.738502 -0.0430237 
1576462303.299992 1576462303.599998 0.000144943 0.574554 0 1 0 0 -4.09896e-05 -452.254 598.315 5356.62 1 -0.000304497 0.000356332 0.000177967 6.33067 69.3476 0 0.884176 0 0 -0.467155 413633 15805.3 74571.8 0.672432 0.0158465 0.738731 -0.0431346 
1576462303.599998 1576462304.001594 -2.61413e-05 0.759095 0 1 0 0 -0.000196418 -634.196 864.787 7071.78 0.999999 -0.00106795 0.000561863 -0.000667479 6.95774 69.7754 0 0.884084 0 0 -0.467328 420780 16087 74515.8 0.672004 0.0155972 0.739051 -0.0443812 
1576462304.001594 1576462304.304781 0.000378338 0.577451 0 1 -0 0 -0.000718196 -443.667 628.933 5260.98 1 -0.000326773 0.000304231 -0.000461659 7.43511 70.1003 0 0.883748 -0 0 -0.467963 426093 16274 74440.4 0.671764 0.0157053 0.739234 -0.0449377 
1576462304.304781 1576462304.708575 3.95954e-05 0.742413 0 1 0 0 -4.0974e-05 -552.764 789.827 6933.11 0.999999 0.00103861 0.000676215 3.6794e-05 8.0492 70.5175 0 0.883729 0 0 -0.467999 433089 16473.8 74306.6 0.671249 0.0163454 0.739735 -0.0441558 
1576462304.708575 1576462305.008414 -0.000117735 0.551481 0 1 -0 0 -4.42616e-05 -427.89 656.561 5137.56 0.999999 0.00123708 0.000577124 0.000290765 8.5053 70.8275 0 0.883708 -0 0 -0.468038 438280 16694.2 74215.9 0.670814 0.0169352 0.740181 -0.0430549 
1576462305.008414 1576462305.412650 0.000538637 0.729681 0 1 0 0 -0.000320442 -603.376 851.869 6797.45 1 -0.00010542 0.000774624 -0.000321385 9.10921 71.237 0 0.883558 0 0 -0.468322 445151 16974.4 74126.3 0.670228 0.017069 0.74069 -0.0433616 
1576462305.412650 1576462305.812812 -0.00054462 0.71418 0 1 0 0 0.000721912 -514.977 788.95 6677.58 1 -0.000271698 -0.000504032 -0.000171775 9.69994 71.6384 0 0.883896 0 0 -0.467684 451889 17195.1 73952.5 0.670599 0.017036 0.740338 -0.0436694 
1576462305.812812 1576462306.116570 -0.000442926 0.550174 0 1 0 0 0.000722366 -424.435 611.253 4919.79 1 0.000941235 9.92648e-05 4.64518e-06 10.1546 71.9483 0 0.884234 0 0 -0.467045 456860 17387.3 73872.9 0.670509 0.0176594 0.740445 -0.0429711 
