groundtruth: cam2wheel_ryp.roll = -0.957862, cam2wheel_ryp.yaw = -4.04534, cam2wheel_ryp.pitch = -7.22235, cam2wheel_xyz.x = 1.84476, cam2wheel_xyz.y = -0.283707, cam2wheel_xyz.z = 1.29741
from_timestamp to_timestamp delta_pos_wheel delta_q_wheel delta_pos_cam delta_q_cam pos_wheel q_wheel pos_cam q_cam 
1576403473.149140 1576403497.408605 0 0 0 1 0 0 0 -7.54583 7.85898 31.8843 1 -7.51505e-05 5.38565e-05 -0.000146897 0 0 0 1 0 0 0 -298883 -6938.49 -188348 0.994845 0.0899945 0.0457202 0.0096932 
1576403497.408605 1576403497.611987 0 0 0 1 0 0 0 -0.900779 -3.86015 3.20293 1 -4.36658e-05 4.69844e-05 -0.000298688 0 0 0 1 0 0 0 -298884 -6942.88 -188345 0.99485 0.0899652 0.0457405 0.00938983 
1576403497.611987 1576403507.078359 0.0543765 0.681121 0 0.99717 -0 0 -0.0751759 2223.74 928.27 5602.52 0.99721 -0.00808581 0.0741831 0.00210362 0.0543765 0.681121 0 0.99717 -0 0 -0.0751759 -296160 -6968.01 -182889 0.989388 0.0822703 0.119679 0.00441267 
1576403507.078359 1576403507.987805 0.045928 0.645768 0 0.997467 -0 0 -0.071128 2002.94 716.027 4861.71 0.997372 -0.00798353 0.0719904 0.00157882 0.196603 1.3127 0 0.989298 -0 0 -0.145912 -293052 -6991.1 -178588 0.978822 0.074284 0.190756 -0.000914992 
1576403507.987805 1576403508.793188 0.0475888 0.653551 0 0.997395 -0 0 -0.0721381 2090.68 659.199 4936.63 0.99729 -0.00790258 0.0731357 0.00113387 0.430846 1.92469 0 0.976194 -0 0 -0.216898 -289250 -7003.29 -174750 0.962807 0.0660643 0.261903 -0.00674293 
1576403508.793188 1576403509.598195 0.054187 0.70401 0 0.996988 -0 0 -0.0775516 2118.29 580.44 5278.9 0.996847 -0.00666695 0.0789804 -0.00377069 0.778061 2.53951 0 0.956433 -0 0 -0.29195 -284738 -7072.36 -171240 0.939501 0.059892 0.336826 -0.017316 
1576403509.598195 1576403510.307988 0.0527598 0.678346 0 0.996961 -0 0 -0.0779012 2179.29 601.421 4907.53 0.997055 -0.0015261 0.0766001 -0.00323207 1.20066 3.07275 0 0.930784 -0 0 -0.36557 -279915 -7068.12 -168804 0.910969 0.0580441 0.40758 -0.0254033 
1576403510.307988 1576403510.905572 0.0433698 0.615151 0 0.997566 -0 0 -0.0697303 1942.6 548.368 4539.25 0.997578 -0.00173608 0.0693438 -0.00519792 1.65107 3.49397 0 0.903027 -0 0 -0.429584 -275211 -7096.19 -167205 0.880468 0.056679 0.469417 -0.0348095 
1576403510.905572 1576403511.511995 0.0544127 0.696865 0 0.997051 -0 0 -0.0767477 2150.12 609.038 5170.45 0.996989 -0.0012298 0.0774383 -0.00389157 2.22606 3.89142 0 0.867394 -0 0 -0.497623 -269691 -7194.95 -166092 0.8414 0.0545567 0.535922 -0.0430975 
1576403511.511995 1576403512.014520 0.0382553 0.642415 0 0.998393 -0 0 -0.056663 1524.01 697.943 4918.76 0.998348 0.000573122 0.0574416 -0.0013334 2.79995 4.18265 0 0.837803 -0 0 -0.545972 -264543 -7203.96 -165377 0.809137 0.0531878 0.58332 -0.0469749 
1576403512.014520 1576403512.524987 0.0309617 0.662747 0 0.99901 -0 0 -0.0444928 1086.61 762.672 4981.53 0.99899 0.0014373 0.0449087 -0.000752047 3.41875 4.42196 0 0.812682 -0 0 -0.582708 -259418 -7165.92 -164821 0.782011 0.0526261 0.619095 -0.0490861 
1576403512.524987 1576403513.023085 0.0216573 0.647571 0 0.999491 -0 0 -0.0319134 780.197 671.92 5189.09 0.999396 6.31928e-05 0.0347404 -0.000780013 4.03903 4.60926 0 0.793672 -0 0 -0.608346 -254147 -7252.51 -164384 0.75999 0.0514214 0.645851 -0.0514556 
1576403513.023085 1576403513.525947 0.0183615 0.722853 0 0.999749 -0 0 -0.0224047 396.576 772.15 5654.95 0.999744 0.00213467 0.0225354 0.000114404 4.74182 4.77934 0 0.779843 -0 0 -0.625976 -248450 -7311.05 -163859 0.745137 0.0517971 0.662928 -0.0511356 
1576403513.525947 1576403513.929608 0.00597978 0.600388 0 0.999961 -0 0 -0.00884086 -39.4471 665.891 4700.7 0.999957 0.00135187 0.00910239 0.000811895 5.32929 4.90337 0 0.774278 -0 0 -0.632846 -243739 -7333.48 -163270 0.739042 0.0517985 0.669793 -0.0501037 
1576403513.929608 1576403514.332492 0.0026929 0.628018 0 0.999995 -0 0 -0.00319466 -171.731 731.133 5030.13 0.999993 0.00166346 0.00336486 -0.000316802 5.94528 5.02572 0 0.772252 -0 0 -0.635316 -238697 -7331.87 -162602 0.736681 0.0530711 0.672342 -0.0493976 
1576403514.332492 1576403514.734687 -0.000100065 0.669481 0 1 0 0 0.000336621 -472.537 670.847 5262.19 1 -0.000582228 -1.06798e-05 0.000186201 6.60219 5.15486 0 0.772466 0 0 -0.635056 -233458 -7428.41 -161648 0.736728 0.0525175 0.672315 -0.0496513 
1576403514.734687 1576403515.135575 -0.000780948 0.679005 0 0.999999 0 0 0.00118144 -485.673 670.307 5404.87 0.999998 0.00111538 -0.000934539 0.000968708 7.26822 5.28695 0 0.773216 0 0 -0.634143 -228080 -7542.95 -160669 0.737345 0.0527343 0.671732 -0.0481386 
1576403515.135575 1576403515.538875 -0.00138599 0.692727 0 0.999998 0 0 0.0021781 -420.845 684.498 5491.68 0.999998 0.00107483 -0.00136969 0.000111509 7.94728 5.42389 0 0.774595 0 0 -0.632457 -222610 -7647.6 -159735 0.738213 0.0535178 0.670779 -0.0472621 
1576403515.538875 1576403515.939741 -0.00112112 0.701613 0 0.999999 0 0 0.00152345 -507.853 756.456 5577.91 0.999999 0.00146992 -0.000758648 -0.00021128 8.63449 5.56531 0 0.775558 0 0 -0.631276 -217056 -7694.29 -158692 0.738632 0.0547804 0.670276 -0.0463914 
1576403515.939741 1576403516.241144 -0.000172994 0.530547 0 1 0 0 0.000198364 -364.937 533.367 4190.56 0.999998 0.00142928 -0.000587454 -0.000964622 9.15396 5.67317 0 0.775683 0 0 -0.631123 -212887 -7767.94 -157918 0.738901 0.0565098 0.669854 -0.0461136 
1576403516.241144 1576403516.645149 -0.00063676 0.72935 0 0.999999 0 0 0.00108516 -452.25 726.36 5553.9 0.999999 0.000932905 -0.000917916 -0.000155475 9.86794 5.82212 0 0.776368 0 0 -0.63028 -207358 -7859.65 -156918 0.739456 0.0573456 0.66921 -0.0455517 
1576403516.645149 1576403517.047455 -0.000745095 0.718888 0 0.999999 0 0 0.00118942 -542.231 915.593 5751.32 0.999998 -0.000401198 -0.000666368 0.00193203 10.5713 5.97058 0 0.777117 0 0 -0.629357 -201619 -7797.38 -155795 0.740011 0.0557862 0.668808 -0.0443532 
1576403517.047455 1576403517.349069 -0.00043815 0.546365 0 1 0 0 0.000945669 -407.226 555.652 4305.55 0.999993 -0.00194802 -0.00069451 0.00306361 11.1057 6.08455 0 0.777711 0 0 -0.628621 -197341 -7861.95 -154950 0.740715 0.0523261 0.668374 -0.0433499 
1576403517.349069 1576403517.751354 -0.000716516 0.724204 0 0.999999 0 0 0.00119325 -483.656 830.81 5827.3 0.999981 -0.00041321 -0.00116572 0.00599499 11.8136 6.2371 0 0.778461 0 0 -0.627693 -191536 -7830.98 -153864 0.741762 0.0480627 0.667794 -0.0391237 
1576403517.751354 1576403518.151358 -0.00128834 0.715464 0 0.999999 0 0 0.00143398 -480.541 899.429 5827.87 0.999979 -0.000652121 -0.0010105 0.00644325 12.5126 6.39004 0 0.77936 0 0 -0.626576 -185725 -7661.48 -152765 0.742704 0.0433147 0.667314 -0.0347304 
1576403518.151358 1576403518.453019 -0.000271291 0.537718 0 1 0 0 0.000421187 -409.342 536.153 4333.37 0.999996 -0.000346427 -0.000305373 0.00260728 13.0377 6.5058 0 0.779624 0 0 -0.626248 -181428 -7610.85 -151891 0.743011 0.041328 0.667186 -0.0330118 
1576403518.453019 1576403518.862164 -0.000348549 0.734076 0 1 0 0 0.000509138 -466.926 727.108 5765.59 0.999996 -0.00115673 -0.000802736 0.00248439 13.7544 6.66443 0 0.779943 0 0 -0.625851 -175702 -7498.72 -150801 0.743673 0.0388373 0.666651 -0.0319043 
1576403518.862164 1576403519.163756 -0.000627894 0.558164 0 0.999999 0 0 0.00111431 -373.992 583.609 4433.26 1 0.00042455 -0.000447783 0.000502077 14.2992 6.78596 0 0.78064 0 0 -0.624981 -171300 -7364.34 -149941 0.743971 0.0388326 0.666351 -0.0312305 
1576403519.163756 1576403519.565974 -0.000498258 0.796426 0 1 0 0 0.000614381 -559.589 720.219 6089.88 0.999999 -0.000836782 -0.000657395 -3.63659e-05 15.0762 6.9607 0 0.781024 0 0 -0.624501 -165267 -7256 -148710 0.74444 0.0382548 0.665834 -0.0317896 
1576403519.565974 1576403519.871639 -0.000403831 0.587323 0 1 0 0 0.000847856 -430.531 582.446 4699.32 1 4.18423e-05 -0.000218655 -0.000401019 15.649 7.0903 0 0.781553 0 0 -0.623839 -160611 -7144.59 -147755 0.744571 0.0385599 0.665657 -0.0320519 
1576403519.871639 1576403520.273461 -0.00116259 0.779266 0 0.999999 0 0 0.00165026 -585.288 676.442 6139.33 0.999998 -0.000952377 -0.000403024 -0.00146209 16.4087 7.26416 0 0.782581 0 0 -0.622548 -154539 -7088.16 -146483 0.744828 0.0388369 0.665269 -0.0337589 
1576403520.273461 1576403520.574594 -9.30385e-05 0.589551 0 1 0 0 0.000185609 -338.335 569.307 4592.34 0.999999 0.00146723 -0.000629501 -0.000383696 16.9831 7.39682 0 0.782697 0 0 -0.622403 -149980 -6994.29 -145626 0.745176 0.0402062 0.664834 -0.0330441 
1576403520.574594 1576403520.876185 -0.000134282 0.563587 0 1 0 0 0.000351138 -314.51 569.508 4445.53 1 -0.000329566 -0.000119689 -0.000437777 17.5322 7.52389 0 0.782915 -0 0 -0.622128 -145564 -6890.9 -144803 0.745254 0.0402556 0.664716 -0.0335846 
1576403520.876185 1576403521.278748 0.000148324 0.732171 0 1 0 0 0.000158755 -468.293 735.251 5836.66 1 -0.000137462 9.0687e-05 -0.000253155 18.2455 7.68915 0 0.783014 0 0 -0.622004 -139774 -6772.12 -143666 0.745191 0.0403184 0.664769 -0.0338683 
1576403521.278748 1576403521.681651 0.000445649 0.715071 0 1 0 0 -0.000778589 -505.131 755.36 5690.11 0.999999 -0.000964112 0.000592386 0.000190384 18.9421 7.85048 0 0.78253 0 0 -0.622613 -134131 -6620.67 -142511 0.744842 0.0394533 0.665185 -0.0343912 
1576403521.681651 1576403521.985483 -6.84103e-05 0.551968 0 1 0 0 2.4838e-05 -326.798 579.749 4208.26 1 -8.27674e-05 0.000351978 0.000352733 19.4799 7.97458 0 0.782545 0 0 -0.622594 -129949 -6484.38 -141707 0.744623 0.0391449 0.665458 -0.0341974 
1576403521.985483 1576403522.390373 -0.0001563 0.705084 0 1 0 0 0.000103002 -486.511 646.084 5689.84 0.999999 -0.000983586 0.000752442 0.000424746 20.1669 8.1332 0 0.782609 0 0 -0.622513 -124314 -6433.02 -140583 0.744175 0.0381041 0.666001 -0.0345651 
1576403522.390373 1576403522.789801 0.000690053 0.714061 0 0.999999 -0 0 -0.00100065 -448.21 751.257 5689.75 0.999999 -0.000830352 0.00104764 0.000542083 20.8628 8.29316 0 0.781986 -0 0 -0.623296 -118661 -6270.07 -139503 0.743527 0.0370889 0.666772 -0.0347546 
1576403522.789801 1576403523.093309 0.000621896 0.542982 0 0.999999 -0 0 -0.00118414 -375.462 512.383 4237.17 0.999999 0.000474284 0.00143414 0.000523167 21.3923 8.41364 0 0.781247 -0 0 -0.624222 -114460 -6189.57 -138668 0.74257 0.0370428 0.667873 -0.0341025 
1576403523.093309 1576403523.494154 0.00123989 0.727192 0 0.999999 0 0 -0.00137279 -377.698 697.823 5783.14 0.999999 -0.000786483 0.00100776 0.00018192 22.1018 8.57292 0 0.78039 0 0 -0.625294 -108708 -6076.43 -137677 0.741932 0.0363029 0.668601 -0.03453 
1576403523.494154 1576403523.895760 0.000560714 0.735413 0 1 -0 0 -0.000846264 -358.765 765.655 5787.26 0.999999 -0.000983983 0.000758117 0.000701498 22.8197 8.7327 0 0.77986 -0 0 -0.625954 -102942 -5892.62 -136717 0.741484 0.0350776 0.669154 -0.0346949 
1576403523.895760 1576403524.197895 0.000426563 0.542139 0 0.999999 -0 0 -0.00104928 -408.126 545.026 4302.2 0.999998 -0.00128285 0.00145768 0.000284009 23.3491 8.84958 0 0.779203 -0 0 -0.626772 -98671.3 -5771.97 -135869 0.740562 0.0338857 0.670199 -0.0353938 
1576403524.197895 1576403524.600223 0.000821513 0.721989 0 1 -0 0 -0.000827765 -404.035 740.319 5930.4 0.999998 -0.00102732 0.00112311 0.000896921 24.0545 9.00351 0 0.778684 -0 0 -0.627417 -92766.4 -5611.36 -134876 0.739875 0.032484 0.671024 -0.0354561 
1576403524.600223 1576403525.004293 0.00106217 0.744084 0 0.999999 -0 0 -0.00155884 -417.226 729.789 5715.41 0.999998 0.000442321 0.00122166 0.00163863 24.7817 9.16074 0 0.777705 -0 0 -0.62863 -87074.8 -5427.94 -133904 0.739097 0.0316683 0.671995 -0.0339865 
1576403525.004293 1576403525.303199 0.000270238 0.517186 0 1 -0 0 -0.000430998 -396.165 483.357 4229.94 0.999992 -0.00397704 0.000796567 -0.000677287 25.2875 9.2689 0 0.777434 -0 0 -0.628965 -82874.7 -5334.85 -133107 0.738659 0.0291567 0.672422 -0.0371846 
1576403525.303199 1576403525.707266 0.00103788 0.730947 0 0.999999 -0 0 -0.00149103 -490.235 698.037 5613.15 0.999997 -0.00195065 0.00140594 -0.000532028 26.0025 9.42051 0 0.776495 -0 0 -0.630123 -77290.8 -5154.7 -132097 0.737748 0.0280212 0.67337 -0.0389301 
1576403525.707266 1576403526.109888 0.000346349 0.703329 0 1 -0 0 -0.000802788 -338.293 755.174 5645.08 1 0.000280847 0.000223989 0.00017223 26.6909 9.56498 0 0.775989 -0 0 -0.630746 -71653 -4925.7 -131251 0.737596 0.0281037 0.673551 -0.0386202 
1576403526.109888 1576403526.409794 8.33947e-05 0.523512 0 1 0 0 -5.18021e-06 -364.415 573.966 4176.64 1 0.000131346 0.000193122 -0.000449073 27.2034 9.67186 0 0.775986 0 0 -0.63075 -67490.3 -4737.83 -130514 0.737445 0.0284956 0.673686 -0.0388684 
1576403526.409794 1576403526.811960 0.000620055 0.689712 0 1 0 0 -0.000592549 -507.342 705.591 5488.3 1 -0.000164882 -0.000635299 0.000333504 27.8786 9.81217 0 0.775612 0 0 -0.63121 -62027 -4544 -129518 0.73789 0.028174 0.67322 -0.0387154 
1576403526.811960 1576403527.213988 -0.0021689 0.678612 0 0.999992 0 0 0.00390249 -594.252 741.598 5392.04 0.999993 -0.00208625 -0.00302336 0.000152004 28.5427 9.95215 0 0.778069 0 0 -0.628179 -56664.9 -4299.66 -128439 0.739985 0.0266491 0.670908 -0.0399223 
1576403527.213988 1576403527.620975 -0.00429695 0.681938 0 0.999977 0 0 0.00680224 -574.277 703.191 5414.59 0.999974 0.00185475 -0.0070041 -0.000433877 29.2084 10.1001 0 0.782324 0 0 -0.622871 -51289 -4089.92 -127345 0.744598 0.0285916 0.66577 -0.0388113 
1576403527.620975 1576403528.026953 -0.00751683 0.682161 0 0.999929 0 0 0.011948 -875.415 606.254 5272.81 0.999941 0.00109906 -0.0107889 0.000135945 29.8715 10.2603 0 0.78971 0 0 -0.61348 -46111.5 -3966.21 -125891 0.751711 0.0297365 0.657744 -0.0376676 
1576403528.026953 1576403528.429507 -0.00997772 0.661367 0 0.999883 0 0 0.0152907 -781.84 678.806 5463.9 0.999873 0.00143458 -0.015866 -0.00060577 30.5099 10.4335 0 0.798999 0 0 -0.601333 -40758.8 -3791.86 -124392 0.761986 0.0318072 0.64577 -0.0367028 
1576403528.429507 1576403528.831424 -0.0116365 0.666045 0 0.999836 0 0 0.0181046 -1262.77 683.626 5206.65 0.999855 0.00135013 -0.0169767 -0.000145793 31.1467 10.629 0 0.809755 0 0 -0.586769 -35786.7 -3591.89 -122292 0.77279 0.0335486 0.632785 -0.0353967 
1576403528.831424 1576403529.233740 -0.0147867 0.677059 0 0.999753 0 0 0.0222287 -1161.98 683.258 5514.05 0.999751 0.000690968 -0.0222832 0.000455086 31.7855 10.8539 0 0.822598 0 0 -0.568624 -30569.1 -3430.58 -120063 0.786691 0.034575 0.615447 -0.0338514 
1576403529.233740 1576403529.635930 -0.0181681 0.694067 0 0.999633 0 0 0.0270788 -1494.2 681.194 5340.77 0.999662 0.00256268 -0.0258818 -0.000291961 32.4283 11.1161 0 0.837694 0 0 -0.54614 -25703.5 -3249.66 -117321 0.802256 0.0376352 0.594955 -0.0315976 
1576403529.635930 1576403529.937336 -0.0116751 0.510008 0 0.999726 0 0 0.0234123 -1175.91 562.975 4240.62 0.999723 0.0025267 -0.0232945 0.0022986 32.8903 11.3326 0 0.850251 0 0 -0.526378 -21952.8 -3097.96 -114957 0.81587 0.0390203 0.576268 -0.0273648 
1576403529.937336 1576403530.339010 -0.0246621 0.672558 0 0.999294 0 0 0.0375803 -1853.46 755.229 5357.4 0.999331 -0.0012917 -0.0365272 -0.00125184 33.4813 11.6545 0 0.869431 0 0 -0.494054 -17478.6 -2856.83 -111403 0.83639 0.0396613 0.545997 -0.0276869 
1576403530.339010 1576403530.741157 -0.0263056 0.662911 0 0.999176 0 0 0.0405811 -1943.37 682.966 5190.51 0.999184 0.00147172 -0.0403224 0.00160622 34.0373 12.0164 0 0.888764 0 0 -0.458364 -13469.8 -2672.51 -107519 0.85771 0.0410993 0.511931 -0.0239181 
1576403530.741157 1576403531.144269 -0.0308235 0.667808 0 0.998881 0 0 0.0472891 -2188.22 758.857 5201.7 0.998952 -0.000133706 -0.0457196 0.00201681 34.5636 12.4287 0 0.909446 0 0 -0.415823 -9887.71 -2413.5 -103101 0.88027 0.0410026 0.47226 -0.0203526 
1576403531.144269 1576403531.548846 -0.0309821 0.628931 0 0.9988 0 0 0.0489681 -2070.44 666.352 5021.71 0.998757 0.00124186 -0.0496596 0.00411027 35.019 12.8636 0 0.928717 0 0 -0.37079 -6816.39 -2214.97 -98575.9 0.902661 0.0411144 0.428153 -0.0140865 
1576403531.548846 1576403532.052462 -0.046078 0.766384 0 0.998177 0 0 0.0603619 -2791.31 812.568 6097.23 0.99812 -0.00105842 -0.0612694 0.000936036 35.5134 13.451 0 0.949405 0 0 -0.314055 -3828.14 -1958.87 -92523.4 0.927253 0.040544 0.372066 -0.0111492 
1576403532.052462 1576403532.457134 -0.0303818 0.61574 0 0.998781 0 0 0.0493663 -2047.8 617.996 4782.29 0.998809 0.00253629 -0.0486663 0.00253738 35.8562 13.9634 0 0.963751 0 0 -0.266803 -1981.58 -1761.76 -87624.7 0.944181 0.042446 0.326628 -0.00586633 
1576403532.457134 1576403532.858123 -0.0276898 0.594439 0 0.998918 0 0 0.0465149 -1998.5 515.076 4859.45 0.998806 0.00224249 -0.0487656 0.00210703 36.1381 14.4874 0 0.975118 0 0 -0.221686 -538.676 -1689.97 -82546.7 0.958899 0.0441105 0.280297 -0.00106754 
1576403532.858123 1576403533.361872 -0.0429599 0.738405 0 0.998339 0 0 0.0576186 -2648.6 754.353 5861.81 0.998319 0.00286947 -0.0578719 0.00114221 36.4186 15.1718 0 0.986271 0 0 -0.165132 399.586 -1498.02 -76141.4 0.973383 0.0465295 0.224386 0.00338658 
1576403533.361872 1576403533.767304 -0.0293714 0.626664 0 0.998938 0 0 0.0460698 -2005.63 625.612 4840.83 0.998963 0.0018519 -0.0454857 0.000815165 36.595 15.7739 0 0.992832 0 0 -0.11952 721.036 -1361.37 -70875.9 0.982491 0.0479469 0.17991 0.0067085 
1576403533.767304 1576403534.167958 -0.0271255 0.634705 0 0.999133 0 0 0.041621 -1851.26 747.136 5209.9 0.999102 0.00243093 -0.0423033 0.00067867 36.7193 16.3969 0 0.996946 0 0 -0.0780934 837.978 -1152.35 -65301.7 0.989098 0.0498863 0.138202 0.00983492 
1576403534.167958 1576403534.570278 -0.0243941 0.665682 0 0.999403 0 0 0.0345502 -1609.65 677.637 5498.46 0.999342 0.000248769 -0.0362357 0.00136428 36.7988 17.0583 0 0.999049 0 0 -0.0436022 794.911 -1059.4 -59533.5 0.993429 0.0495546 0.102336 0.0130199 
1576403534.570278 1576403534.971869 -0.0185742 0.696524 0 0.999676 0 0 0.0254464 -1335.64 694.56 5664.71 0.999634 0.00179375 -0.026969 0.00103032 36.841 17.7538 0 0.999835 0 0 -0.0181658 635.873 -959.222 -53675.2 0.995724 0.0508619 0.0755345 0.0155587 
1576403534.971869 1576403535.374110 -0.0141365 0.726067 0 0.999827 0 0 0.0186021 -1020.11 738.414 5899.87 0.9998 0.00174321 -0.0198683 0.00114319 36.8533 18.4799 0 1 0 0 0.000436342 507.504 -848.155 -47644.8 0.996919 0.052192 0.0557671 0.0178361 
1576403535.374110 1576403535.675978 -0.00664583 0.580544 0 0.999947 0 0 0.0102848 -684.721 589.539 4566.73 0.999944 0.00126059 -0.0105384 -0.000479087 36.8461 19.0604 0 0.999943 0 0 0.0107211 326.224 -756.679 -42993.9 0.997393 0.0532845 0.0452105 0.0179778 
1576403535.675978 1576403536.079775 -0.00666956 0.781784 0 0.999975 0 0 0.00708869 -677.574 852.805 6280.87 0.999966 0.00210933 -0.0079781 0.000203564 36.8227 19.8419 0 0.999841 0 0 0.0178091 203.86 -594.224 -36622.6 0.997604 0.0552339 0.0372246 0.0187007 
1576403536.079775 1576403536.379982 -0.00116551 0.597318 0 0.999998 0 0 0.00177793 -446.401 551.335 4875.61 0.999998 0.000487365 -0.00157171 -0.000562982 36.8002 20.4388 0 0.999808 0 0 0.0195867 112.892 -595.649 -31696.5 0.997645 0.0557116 0.0356164 0.018244 
1576403536.379982 1576403536.681182 -0.000758969 0.602415 0 1 0 0 0.00071267 -337.843 644.247 4898.61 0.999999 0.000112545 -0.000593744 0.000932124 36.7759 21.0407 0 0.999794 0 0 0.0202992 113.313 -507.636 -26744.9 0.997642 0.0557798 0.0350739 0.019211 
1576403536.681182 1576403536.989191 0.000328618 0.637347 0 1 -0 0 -0.000617621 -313.868 732.699 4914.33 0.999998 -0.000844578 -9.74838e-05 0.0018176 36.7503 21.6775 0 0.999806 0 0 0.0196817 129.68 -333.622 -21769.4 0.997656 0.0548715 0.0350942 0.0210001 
1576403536.989191 1576403537.385700 6.89629e-05 0.819665 0 1 0 0 -9.84044e-05 -550.524 753.243 6677.64 0.999995 0.0016195 0.000550759 -0.00276557 36.7182 22.4965 0 0.999808 0 0 0.0195834 35.3193 -332.03 -15027.6 0.9976 0.0565955 0.0354577 0.0182675 
1576403537.385700 1576403537.689344 0.000676907 0.609184 0 0.999999 0 0 -0.00109913 -333.616 661.525 5010.23 0.999999 3.56224e-05 0.00073814 -0.000843007 36.695 23.1053 0 0.999829 0 0 0.0184844 46.1191 -247.945 -9963.58 0.997587 0.0566744 0.0361457 0.017386 
1576403537.689344 1576403537.991240 0.000304358 0.607147 0 1 -0 0 -0.000742808 -347.047 640.165 4922.41 0.999999 -3.68423e-05 0.00106499 -0.00062299 36.6728 23.712 0 0.999843 0 0 0.0177417 45.2952 -176.155 -4988.12 0.99756 0.0566786 0.0371734 0.0167028 
1576403537.991240 1576403538.292764 0.000590143 0.614061 0 1 -0 0 -0.000755082 -358.141 638.109 4919.73 0.999995 0.00131051 0.000991691 0.00251699 36.6516 24.3257 0 0.999856 0 0 0.0169868 43.9574 -106.163 -14.7619 0.997403 0.0579087 0.0382833 0.0192061 
1576403538.292764 1576403538.599747 0.00140141 0.628624 0 0.999998 -0 0 -0.00218287 -269.831 717.567 5087.86 0.999999 0.000130528 0.000754884 0.00152432 36.6317 24.954 0 0.99989 0 0 0.0148042 150.671 14.2779 5128.01 0.997335 0.0579949 0.0391219 0.0206877 
1576403538.599747 1576403539.002589 0.0006137 0.822571 0 0.999999 -0 0 -0.00116844 -475.359 910.35 6663.13 0.999999 -0.000596929 0.00116441 -0.00107946 36.608 25.7763 0 0.999907 0 0 0.0136359 179.688 135.941 11868.7 0.997345 0.0574658 0.0402329 0.0195202 
1576403539.002589 1576403539.303722 1.21483e-05 0.619406 0 1 0 0 0.00037131 -424.641 600.058 4997.59 0.999998 -0.0013507 0.000372223 -0.00113577 36.5911 26.3954 0 0.999902 0 0 0.0140071 148.436 148.074 16919.9 0.997429 0.0561716 0.0405652 0.0183117 
1576403539.303722 1576403539.603922 6.62297e-06 0.624451 0 1 0 0 2.55665e-05 -359.845 655.236 5015.07 0.999995 0.0010125 0.00033327 0.00309532 36.5736 27.0196 0 0.999902 0 0 0.0140327 185.213 229.441 21989.6 0.997296 0.0570617 0.0410527 0.0214213 
1576403539.603922 1576403539.905400 -0.000128931 0.655517 0 1 0 0 0.000277988 -342.382 678.682 5046.35 1 -0.000580706 -0.000180794 0.000326797 36.5551 27.6749 0 0.999898 0 0 0.0143107 244.03 321.373 27091.7 0.99733 0.0564653 0.0409035 0.0217337 
1576403539.905400 1576403540.206760 -0.000318417 0.636667 0 1 0 0 0.000482023 -385.198 664.056 5137.84 1 0.000430213 -5.73997e-05 4.4282e-05 36.5365 28.3113 0 0.999891 0 0 0.0147926 266.564 392.555 32286.1 0.997307 0.0568913 0.0408394 0.0217987 
1576403540.206760 1576403540.508251 0.000307077 0.641069 0 1 0 0 -0.000463581 -381.693 668.182 5145.09 1 0.000273838 0.000134831 -0.000507258 36.5179 28.9521 0 0.999897 0 0 0.0143291 292.434 462.722 37487.8 0.997296 0.057188 0.040939 0.0212963 
1576403540.508251 1576403540.809592 -0.00115019 0.639296 0 0.999999 0 0 0.0015148 -387.643 668.766 5159.43 0.999999 -7.43367e-05 -0.000145138 -0.00104427 36.4984 29.5911 0 0.999874 0 0 0.0158437 315.034 528.703 42704.4 0.997328 0.0571535 0.0407361 0.0202601 
1576403540.809592 1576403541.111668 0.000143275 0.638756 0 1 0 0 -0.000366738 -397.255 671.831 5098.59 1 -0.000253194 0.000151851 0.000672082 36.4783 30.2295 0 0.99988 0 0 0.015477 321.493 604.859 47861.8 0.997323 0.0568767 0.0409311 0.0209114 
1576403541.111668 1576403541.417749 0.000461696 0.642693 0 1 0 0 -0.000589957 -386.551 652.87 5126.39 0.999999 -0.000901004 -5.98592e-05 -0.000910948 36.4589 30.8719 0 0.999889 0 0 0.0148871 343.112 662.203 53043.7 0.997395 0.0560141 0.0408384 0.0199694 
1576403541.417749 1576403541.825563 0.000243554 0.855687 0 1 0 0 -0.000355373 -493.132 957.658 6847.89 0.999996 -0.00272604 -2.02787e-05 -0.000618643 36.4336 31.7273 0 0.999894 0 0 0.0145318 391.428 837.199 59973.4 0.997557 0.0533198 0.0408378 0.0192421 
1576403541.825563 1576403542.126713 0.000443623 0.626316 0 1 -0 0 -0.000557275 -436.918 620.65 5036.36 0.999998 -0.0018266 0.000122446 -0.000866654 36.4159 32.3533 0 0.999902 0 0 0.0139746 355.843 907.338 65066 0.997664 0.0515353 0.0409488 0.0182964 
1576403542.126713 1576403542.435393 -3.162e-06 0.650604 0 1 0 0 2.48037e-05 -441.477 638.495 5145.19 0.999999 -0.00145198 -8.5318e-05 -0.000481244 36.3977 33.0037 0 0.999902 0 0 0.0139994 325.624 1002.67 70268.5 0.99775 0.0501048 0.0408654 0.0177612 
1576403542.435393 1576403542.737561 -0.000378128 0.645131 0 1 0 0 0.000363811 -443.528 646.943 5261.39 1 -0.000400836 5.70926e-05 -0.000135261 36.3793 33.6485 0 0.999897 0 0 0.0143632 301.991 1110 75586.9 0.99777 0.0497114 0.0409227 0.017607 
1576403542.737561 1576403543.038328 0.000176229 0.657064 0 1 -0 0 -4.02459e-05 -371.363 661.083 5290.27 1 0.000460246 -0.000712063 -0.000216797 36.3606 34.3053 0 0.999897 0 0 0.0143229 352.844 1235.67 80929.5 0.997779 0.0501669 0.0401933 0.0174449 
1576403543.038328 1576403543.338751 -0.000111993 0.664167 0 1 0 0 0.000253345 -445.306 624.194 5340.51 1 -0.000193857 2.49969e-05 8.0713e-05 36.3414 34.9692 0 0.999894 0 0 0.0145762 327.735 1311.89 86324.2 0.997787 0.0499707 0.0402257 0.0175164 
1576403543.338751 1576403543.639900 -0.000395511 0.66558 0 1 0 0 0.000635965 -461.276 702.007 5287.86 0.999999 0.0012609 2.60023e-05 5.76227e-05 36.3216 35.6345 0 0.999884 0 0 0.0152121 280.249 1472.13 91675.7 0.997721 0.0512269 0.0402324 0.0176233 
1576403543.639900 1576403543.942499 4.4479e-05 0.659908 0 1 0 0 -0.000152527 -395.193 591.197 5329.12 1 0.000846441 -9.57225e-06 -0.000437329 36.3016 36.2941 0 0.999887 0 0 0.0150596 305.679 1507.14 97051.9 0.997685 0.0520888 0.0401855 0.0172215 
1576403543.942499 1576403544.245222 0.000267829 0.674978 0 1 -0 0 -0.000441535 -354.594 683.372 5229.68 0.999999 0.00111429 5.29993e-05 0.000342692 36.2815 36.9688 0 0.999893 0 0 0.0146181 360.543 1636.41 102336 0.997618 0.0531876 0.040237 0.0176054 
1576403544.245222 1576403544.546709 -4.96825e-06 0.638732 0 1 0 0 6.64351e-05 -357.95 642.083 5090.91 0.999999 0.00144708 -5.77741e-05 0.000226146 36.2629 37.6073 0 0.999892 0 0 0.0146846 402.412 1727.31 107479 0.997539 0.0546211 0.0401659 0.0178923 
1576403544.546709 1576403544.848449 8.2117e-05 0.628756 0 1 -0 0 -0.000193678 -407.658 645.246 5113.93 1 0.000681172 0.000271364 -0.000176954 36.2445 38.2357 0 0.999895 0 0 0.0144909 395.923 1802.02 112649 0.997493 0.0553125 0.0404147 0.0177283 
1576403544.848449 1576403545.153314 0.000400713 0.614025 0 1 0 0 -0.000355959 -413.247 636.452 4929.91 1 0.000198206 0.000381939 0.000246638 36.2271 38.8495 0 0.9999 0 0 0.014135 371.772 1880.78 117636 0.997462 0.055507 0.0408058 0.0179612 
1576403545.153314 1576403545.452222 3.22035e-05 0.605941 0 1 0 0 1.7523e-05 -381.75 601.382 4847.78 1 0.000229514 -5.94457e-05 0.000207461 36.21 39.4552 0 0.9999 0 0 0.0141525 377.014 1932.96 122536 0.997448 0.0557264 0.0407539 0.0181808 
1576403545.452222 1576403545.854299 -0.000197088 0.819672 0 1 0 0 -4.35098e-05 -515.316 853.101 6387.29 1 0.000205539 1.03989e-07 0.000885597 36.1866 40.2746 0 0.9999 0 0 0.014109 368.912 2058.57 128999 0.99742 0.0558953 0.0407996 0.0190725 
1576403545.854299 1576403546.158443 0.000295485 0.606557 0 1 0 0 -0.000296432 -408.932 594.764 4829 1 0.000777612 0.000176606 0.000296403 36.1698 40.8809 0 0.999905 0 0 0.0138126 345.045 2100.83 133881 0.997364 0.0566622 0.0409775 0.01939 
1576403546.158443 1576403546.457963 1.11722e-05 0.606277 0 1 0 0 -6.72832e-05 -391.676 487.361 4831.53 0.999998 0.00154659 0.000194622 0.0012897 36.153 41.4869 0 0.999906 0 0 0.0137453 343.932 2029.32 138753 0.997241 0.0581555 0.0412146 0.0207286 
1576403546.457963 1576403546.860204 -0.000325092 0.786781 0 1 0 0 0.000170575 -405.61 756.582 6208.78 0.999991 0.00418272 -0.000102021 0.000818723 36.1311 42.2734 0 0.999903 0 0 0.0139159 437.737 2051.87 145020 0.996976 0.0622903 0.0410734 0.0217232 
1576403546.860204 1576403547.164748 -0.000198646 0.613058 0 1 0 0 0.000407096 -360.655 549.218 4689.16 0.999994 0.00327147 2.34399e-05 -0.000933914 36.1138 42.8862 0 0.999897 0 0 0.0143229 454.386 2004.8 149755 0.996786 0.0655904 0.0409673 0.0209249 
1576403547.164748 1576403547.465499 -0.000128719 0.585647 0 1 0 0 0.000167956 -455.437 597.376 4627.76 0.999998 0.0017828 0.000571301 -0.000400609 36.0969 43.4716 0 0.999895 0 0 0.0144909 369.824 1977.88 154442 0.996652 0.0673957 0.0414731 0.0205611 
1576403547.465499 1576403547.876902 -0.000657152 0.792745 0 1 0 0 0.000278651 -397.457 902.064 6295.5 1 -0.000544698 -0.000682324 0.000477006 36.0733 44.264 0 0.999891 0 0 0.0147695 480.029 2017.47 160813 0.996707 0.066819 0.0408364 0.0210599 
1576403547.876902 1576403548.171597 -0.000261651 0.559834 0 1 0 0 0.000526019 -358.815 619.01 4637.04 0.999988 -0.00497252 -0.000297721 -0.000104211 36.0565 44.8236 0 0.999883 0 0 0.0152955 490.644 2003.72 165505 0.997041 0.06186 0.0406369 0.0207726 
1576403548.171597 1576403548.471544 0.000296679 0.572454 0 1 -0 0 -0.000496892 -333.182 675.563 4562.73 0.999999 0.00129135 -0.00020028 0.000354802 36.0393 45.3958 0 0.99989 0 0 0.0147986 515.722 2102.92 170128 0.996961 0.0631289 0.0404323 0.0211912 
1576403548.471544 1576403548.873711 0.000129862 0.775681 0 1 0 0 2.48027e-05 -487.915 782.198 6204.99 0.999992 -0.00390599 -1.67998e-05 -0.000978937 36.0165 46.1711 0 0.99989 0 0 0.0148234 517.623 2084.66 176401 0.997221 0.0592735 0.0404362 0.0200582 
1576403548.873711 1576403549.178299 0.000226131 0.610544 0 1 0 0 -0.000278647 -334.78 654.783 4770.29 0.999999 -0.000911711 -0.000336187 -0.000285447 35.9986 46.7814 0 0.999894 0 0 0.0145448 557.207 2163.12 181227 0.997294 0.0583691 0.0401023 0.0197566 
1576403549.178299 1576403549.479954 0.00020165 0.60876 0 1 0 0 -0.000170395 -391.342 572.617 4783.74 1 -0.00073255 4.23542e-05 0.000574217 35.9811 47.3899 0 0.999897 0 0 0.0143744 541.218 2164.79 186061 0.997323 0.0576163 0.0401925 0.0202974 
1576403549.479954 1576403549.788330 -0.000137333 0.645789 0 1 0 0 0.000488975 -409.88 620.062 4944.83 1 -5.13264e-05 0.000103755 -0.000213729 35.9624 48.0354 0 0.99989 0 0 0.0148634 518.759 2201.51 191061 0.997326 0.0575758 0.0402847 0.0200762 
1576403549.788330 1576403550.189535 2.89202e-05 0.851204 0 1 0 0 -0.000362016 -471.719 859.254 6842.57 0.999999 -0.000330944 -0.000210526 0.00105484 35.9371 48.8863 0 0.999895 0 0 0.0145014 584.175 2258.54 197973 0.997332 0.057199 0.0401421 0.021127 
1576403550.189535 1576403550.491915 0.000479821 0.656563 0 1 0 0 -0.000372012 -376.174 638.511 5176.16 0.999999 -0.000574319 -8.21648e-05 0.00096234 35.9186 49.5426 0 0.9999 0 0 0.0141294 612.538 2292.95 203202 0.997347 0.0565858 0.0401273 0.0220684 
1576403550.491915 1576403550.692858 -5.94782e-05 0.443272 0 1 0 0 0.000165883 -221.864 492.841 3492.74 1 0.00040796 -3.18358e-06 -0.000204982 35.906 49.9857 0 0.999898 0 0 0.0142953 660.436 2383.33 206735 0.997328 0.0570008 0.0401035 0.0218805 
1576403550.692858 1576403550.994524 -0.000270359 0.695125 0 1 0 0 0.000127495 -323.314 713.798 5357.52 1 -0.000356782 -0.000341416 0.00077542 35.8858 50.6805 0 0.999896 0 0 0.0144227 752.509 2476.49 212148 0.997345 0.0566064 0.039815 0.022659 
1576403550.994524 1576403551.299563 0.000296694 0.687872 0 1 0 0 -0.0001588 -451.625 716.53 5416.69 1 -0.000351534 0.000193485 0.000398711 35.8663 51.3681 0 0.999898 0 0 0.014264 717.705 2563.4 217629 0.997348 0.0562443 0.0400385 0.0230317 
1576403551.299563 1576403551.605209 -0.000642953 0.720799 0 1 0 0 0.000523104 -427.607 644.474 5411.33 0.999999 0.000416019 0.000235379 0.00121042 35.8451 52.0886 0 0.999891 0 0 0.014787 711.41 2584.43 223096 0.997286 0.0566161 0.0403317 0.0242423 
1576403551.605209 1576403551.907664 0.000149464 0.69098 0 1 0 0 -0.000166501 -424.953 685.581 5431.01 1 0.00023549 4.5275e-05 -0.000251619 35.8248 52.7793 0 0.999893 0 0 0.0146205 710.124 2639.64 228586 0.997277 0.0568622 0.0403569 0.0239983 
1576403551.907664 1576403552.204713 6.97019e-05 0.683854 0 1 0 0 -0.000126966 -411.403 574.305 5276.57 1 -0.000411537 0.000163648 0.000142386 35.8049 53.4628 0 0.999895 0 0 0.0144936 714.814 2599.77 233909 0.997291 0.05645 0.0405381 0.0241144 
1576403552.204713 1576403552.505944 8.45727e-05 0.674176 0 1 0 0 2.23773e-05 -302.017 707.469 5301.49 0.999999 0.000900661 -0.000548244 0.00072653 35.7854 54.1367 0 0.999895 0 0 0.014516 826.445 2699.45 239264 0.997244 0.0573055 0.0400106 0.0249064 
1576403552.505944 1576403552.810477 -0.000208573 0.670691 0 1 0 0 0.000118541 -398.803 636.51 5213.62 0.999999 0.000835307 1.26573e-05 -0.000605347 35.7657 54.8071 0 0.999893 0 0 0.0146345 831.646 2723.85 244532 0.99721 0.058163 0.0399677 0.0243354 
1576403552.810477 1576403553.109713 0.000227594 0.66969 0 1 -0 0 -0.00049859 -403.11 611.251 5178.64 1 0.000131916 0.000168268 0.000418292 35.7464 55.4765 0 0.9999 0 0 0.0141359 830.937 2718.15 249762 0.997185 0.0582819 0.0401566 0.024748 
1576403553.109713 1576403553.411136 -0.00013719 0.670918 0 1 0 0 0.000378202 -336.758 649.861 5271.82 1 -0.000541377 -0.000375048 -0.000461617 35.7273 56.1472 0 0.999895 0 0 0.0145141 904.058 2742.3 255084 0.997243 0.0577513 0.0397691 0.0242878 
1576403553.411136 1576403553.713334 -0.00058122 0.67717 0 1 0 0 0.000635044 -449.137 640.077 5239.33 1 -0.000633147 -0.000180596 -0.000510353 35.707 56.8241 0 0.999885 0 0 0.0151491 859.08 2760.17 260381 0.997299 0.0571358 0.0395749 0.0237641 
1576403553.713334 1576403553.913939 0.000146432 0.454099 0 1 0 0 -0.000462792 -244.367 529.36 3509.36 0.999998 -0.000615617 -2.03815e-05 0.0016516 35.6934 57.2779 0 0.999892 0 0 0.0146863 879.602 2879.45 263936 0.997294 0.0564559 0.0396635 0.025388 
1576403553.913939 1576403554.215876 -0.000101467 0.702764 0 1 0 0 0.000484027 -422.926 602.498 5359.32 0.999999 -0.00101791 -0.000407013 -0.000573627 35.6727 57.9804 0 0.999885 0 0 0.0151703 870.091 2861.32 269346 0.997381 0.0554531 0.039251 0.0247985 
1576403554.215876 1576403554.517120 -0.000612885 0.689259 0 1 0 0 0.000499567 -366.301 648.806 5279.76 0.999999 0.000762919 -0.000331656 -0.000846937 35.6512 58.6693 0 0.999877 0 0 0.0156698 904.007 2911.88 274678 0.997372 0.056239 0.0388543 0.0240021 
1576403554.517120 1576403554.818823 0.000368345 0.693253 0 1 0 0 -0.000194782 -404.348 735.268 5488.65 1 -0.000228256 -0.000184235 -3.78944e-05 35.6298 59.3623 0 0.99988 0 0 0.0154751 909.568 3015.03 280229 0.997393 0.0560084 0.0386739 0.0239658 
1576403554.818823 1576403555.120517 -0.00059766 0.701312 0 1 0 0 0.000581013 -408.28 765.754 5395.36 1 -0.000428142 -0.000360327 0.000662905 35.6075 60.0632 0 0.999871 0 0 0.016056 900.403 3161.02 285692 0.997415 0.0555471 0.0383619 0.0246306 
1576403555.120517 1576403555.423855 0.000263479 0.709175 0 1 -0 0 -0.000195659 -385.6 663.363 5564.17 0.999998 -0.00188314 -0.000227469 0.000640825 35.585 60.772 0 0.999874 0 0 0.0158604 927.665 3192.86 291308 0.99751 0.0536385 0.0382169 0.0252101 
1576403555.423855 1576403555.625631 -0.000289134 0.504341 0 1 0 0 0.000560968 -347.637 460.572 3674.25 0.999998 -0.000704432 6.35948e-05 -0.00200641 35.5687 61.2761 0 0.999865 0 0 0.0164213 850.284 3245.18 295027 0.997594 0.053014 0.0381904 0.0231783 
1576403555.625631 1576403555.926509 0.000143757 0.721117 0 1 -0 0 -0.000591627 -341.585 763.297 5657.88 0.999995 -0.00240997 -0.000536591 0.00210789 35.5452 61.9968 0 0.999875 0 0 0.0158297 922.873 3397.76 300743 0.997688 0.0505166 0.0378225 0.0252174 
1576403555.926509 1576403556.230569 0.000435194 0.728864 0 1 0 0 0.000544218 -340.592 748.208 5736.56 0.999998 -0.00170624 -0.000425143 0.00049685 35.5225 62.7253 0 0.999866 0 0 0.0163739 996.454 3555.45 306536 0.997776 0.0487847 0.0374664 0.02567 
1576403556.230569 1576403556.429145 -0.000506502 0.485738 0 1 0 0 0.000962552 -481.167 388.789 3741.03 0.999987 0.00143698 0.000684061 -0.0047413 35.5061 63.2108 0 0.99985 0 0 0.0173363 787.849 3558.47 310322 0.99779 0.0504131 0.0378803 0.0209594 
1576403556.429145 1576403556.731484 0.000569923 0.722239 0 1 0 0 -0.000863884 -366.17 730.148 5662.73 0.999999 -0.000727331 -0.000184015 0.00142095 35.4817 63.9326 0 0.999864 0 0 0.0164725 835.331 3706.85 316041 0.997802 0.0496296 0.0377835 0.0223589 
1576403556.731484 1576403557.033206 -0.000476777 0.719173 0 0.999999 0 0 0.00135528 -420.77 700.552 5625.14 1 0.000283151 -0.000380433 -0.000608017 35.4575 64.6514 0 0.999841 0 0 0.0178276 824.177 3835.29 321724 0.997816 0.0499266 0.0373674 0.0217818 
1576403557.033206 1576403557.335119 0.000337184 0.733331 0 0.999999 -0 0 -0.00172766 -306.127 782.898 5586.55 0.999988 0.00282894 -4.42563e-05 0.0039605 35.4317 65.3843 0 0.99987 0 0 0.0161002 916.833 4051.57 327369 0.997578 0.0525998 0.0374589 0.0258413 
1576403557.335119 1576403557.535812 0.000240314 0.467802 0 1 -0 0 -0.000840099 -327.884 454.648 3667.3 0.999992 -0.00151821 -0.000345511 -0.00368923 35.4169 65.8518 0 0.999884 0 0 0.0152602 852.708 4107.13 331077 0.997758 0.0512141 0.0369591 0.0221221 
1576403557.535812 1576403557.840387 -0.000476549 0.696446 0 1 0 0 0.000167376 -448.292 697.556 5566.49 1 -0.000746803 -0.000108086 -0.000384402 35.3951 66.548 0 0.999881 0 0 0.0154275 801.082 4219.07 336704 0.997809 0.0504808 0.0368481 0.0217165 
1576403557.840387 1576403558.140383 -0.000639446 0.688806 0 1 0 0 0.000903537 -408.725 710.791 5422.24 1 -9.39893e-05 -0.000310476 3.11696e-05 35.3732 67.2364 0 0.999867 0 0 0.016331 776.304 4368.78 342186 0.997824 0.0503791 0.0365419 0.0217598 
1576403558.140383 1576403558.441390 3.51729e-05 0.684584 0 1 0 0 -0.000210494 -307.666 761.274 5458.41 0.999999 -0.0001907 -0.000822395 0.000730143 35.3509 67.9206 0 0.99987 0 0 0.0161205 849.518 4570.87 347701 0.997847 0.0501442 0.0357622 0.0225228 
1576403558.441390 1576403558.743425 -0.000188507 0.672971 0 1 0 0 0.000380464 -510.546 567.131 5286.33 1 -0.000512587 0.000325745 0.000129948 35.329 68.5932 0 0.999864 0 0 0.0165009 706.566 4589.29 353041 0.997858 0.0496354 0.0361053 0.0226178 
1576403558.743425 1576403559.045149 -0.000436111 0.694957 0 1 0 0 0.000631227 -368.65 699.772 5297.97 0.999999 0.000893215 -0.000471173 0.000126129 35.3057 69.2878 0 0.999853 0 0 0.017132 703.822 4750.78 358395 0.997828 0.0505115 0.0356212 0.0227993 
1576403559.045149 1576403559.347979 0.00016062 0.659402 0 1 0 0 -0.000252958 -342.583 630.994 5248.48 1 -0.000141446 -0.000692251 0.000402761 35.2832 69.9468 0 0.999858 0 0 0.0168791 721.215 4840.54 363691 0.99785 0.0503402 0.034954 0.0232311 
1576403559.347979 1576403559.650379 -0.000309887 0.662512 0 1 0 0 0.00046765 -330.961 721.394 5259.65 0.999999 0.00102205 -0.000936675 3.03018e-05 35.2606 70.609 0 0.99985 0 0 0.0173467 739.716 5021.13 369008 0.99783 0.0513372 0.0339971 0.0233442 
1576403559.650379 1576403559.953496 -0.000547558 0.665015 0 0.999999 0 0 0.0010177 -394.471 718.897 5205.67 0.999999 0.000549321 -0.000829794 -0.000322662 35.237 71.2736 0 0.999831 0 0 0.0183642 681.269 5190.63 374274 0.997837 0.0518769 0.0331397 0.0230835 
1576403559.953496 1576403560.255044 -0.000112813 0.67473 0 1 0 0 6.86571e-05 -261.522 701.274 5309.91 0.999999 0.00023792 -0.00156002 7.88924e-05 35.2121 71.9478 0 0.99983 0 0 0.0184329 754.598 5332.83 379634 0.997873 0.0520756 0.0315816 0.023251 
