groundtruth: cam2wheel_ryp.roll = -0.957862, cam2wheel_ryp.yaw = -4.04534, cam2wheel_ryp.pitch = -7.22235, cam2wheel_xyz.x = 1.84476, cam2wheel_xyz.y = -0.283707, cam2wheel_xyz.z = 1.29741
from_timestamp to_timestamp delta_pos_wheel delta_q_wheel delta_pos_cam delta_q_cam pos_wheel q_wheel pos_cam q_cam 
1576461648.050320 1576461648.350828 0.000378356 0.557412 0 1 0 0 -0.0006439 -291.753 400.817 3415.3 1 -0.000258775 0.000717955 9.56118e-05 0.000378356 0.557412 0 1 0 0 -0.0006439 -289.586 -2252.01 -299309 0.997488 0.057539 0.0409129 0.00581708 
1576461648.350828 1576461648.753823 0.000552684 0.732919 0 1 0 0 -0.000593502 -360.238 541.677 4438.15 0.999999 0.000668334 0.000828385 -0.00114639 0.00187489 1.29033 0 0.999999 0 0 -0.0012374 -287.116 -2227.17 -294824 0.997421 0.0582573 0.0416693 0.00465324 
1576461648.753823 1576461649.059911 0.000435776 0.567973 0 1 0 0 -0.000566482 -268.691 421.529 3297.5 0.999999 0.000561809 0.000609954 -0.000743448 0.00371629 1.8583 0 0.999998 0 0 -0.00180388 -280.84 -2194.25 -291489 0.997365 0.0588514 0.0422317 0.00389958 
1576461649.059911 1576461649.460324 0.000542725 0.704615 0 1 0 0 -0.000718419 -307.445 398.228 4276.34 0.999984 0.00541923 0.000836364 0.00120828 0.00680109 2.56291 0 0.999997 0 0 -0.0025223 -226.091 -2303.32 -287185 0.996991 0.0642077 0.0431152 0.00528426 
1576461649.460324 1576461649.864614 -0.000491433 0.713959 0 1 0 0 0.000550398 -380.524 737.895 4423.11 0.999983 -0.00561797 -0.000165788 -0.00175922 0.00991129 3.27686 0 0.999998 0 0 -0.0019719 -225.609 -2141.94 -282687 0.997351 0.0586805 0.0428659 0.00329867 
1576461649.864614 1576461650.166511 -3.47975e-05 0.56166 0 1 0 0 -8.44803e-05 -287.131 447.815 3412.41 1 4.73492e-05 -0.00039869 -0.000383178 0.0120916 3.83852 0 0.999998 0 0 -0.00205638 -219.274 -2099.01 -279234 0.997366 0.0587428 0.0424456 0.00294193 
1576461650.166511 1576461650.566993 -6.79662e-05 0.766744 0 1 0 0 4.11899e-05 -391.727 548.414 4655.86 1 -0.000218662 -0.000493713 0.000547772 0.015177 4.60525 0 0.999998 -0 0 -0.00201519 -214.256 -2103.03 -274530 0.997398 0.0585 0.041986 0.00350798 
1576461650.566993 1576461650.870983 -0.000496293 0.577408 0 1 0 0 0.000965069 -275.101 405.676 3511.27 0.999995 -0.00288254 -0.000502041 0.000865295 0.0170079 5.18266 0 0.999999 -0 0 -0.00105013 -193.704 -2112.14 -270984 0.99758 0.0555866 0.0415458 0.00427935 
1576461650.870983 1576461651.171735 0.00107879 0.578104 0 1 0 0 -0.000156319 -339.213 477.763 3422.29 0.999995 0.00309272 -8.84478e-05 -0.000457573 0.0193009 5.76076 0 0.999999 0 0 -0.00120645 -248.302 -2020.13 -267514 0.997409 0.0586902 0.0414187 0.00395627 
1576461651.171735 1576461651.572973 -0.000493681 0.770295 0 1 0 0 0.000718965 -415.586 601.326 4664.97 0.999998 -0.000362407 -0.00115233 -0.00139591 0.0206658 6.53105 0 1 -0 0 -0.000487481 -276.673 -1972.9 -262792 0.997482 0.0583819 0.0401888 0.00261659 
1576461651.572973 1576461651.874842 -0.000362427 0.579296 0 1 0 0 0.00083807 -289.915 426.224 3524.87 0.999999 0.000218737 -0.000648378 0.00106502 0.0208682 7.11035 0 1 0 0 0.000350589 -282.188 -1962.26 -259230 0.997491 0.0585555 0.0396036 0.00372557 
1576461651.874842 1576461652.278776 -0.00139658 0.773944 0 0.999999 0 0 0.00148797 -412.237 590.712 4705.97 0.999999 -0.000740247 -0.0007751 -5.28116e-05 0.018929 7.88429 0 0.999998 0 0 0.00183856 -320.907 -1928.94 -254470 0.997565 0.0578163 0.0388301 0.00368896 
1576461652.278776 1576461652.581115 -0.000179689 0.609789 0 1 0 0 -8.35787e-06 -269.034 468.739 3561.77 0.999997 0.000990015 -0.000741769 0.00188556 0.016507 8.49408 0 0.999998 0 0 0.00183021 -313.013 -1876.37 -250867 0.997527 0.0587278 0.0381954 0.00565125 
1576461652.581115 1576461652.880899 0.000258977 0.586001 0 1 0 0 0.000171043 -308.259 441.454 3555.85 1 0.000208361 -0.00010492 -0.00062746 0.014621 9.08007 0 0.999998 0 0 0.00200125 -350.027 -1857.94 -247271 0.997522 0.058959 0.0380527 0.00503946 
1576461652.880899 1576461653.283595 -0.00100112 0.772145 0 1 0 0 0.000943996 -412.918 574.512 4674.94 0.999999 -0.000657258 -0.000574753 -0.000882689 0.0105294 9.85221 0 0.999996 0 0 0.00294524 -407.242 -1841.55 -242543 0.997586 0.058334 0.0374306 0.00416783 
1576461653.283595 1576461653.584784 -6.78774e-05 0.574655 0 1 0 0 0.000238107 -299.086 442.157 3462.32 1 0.00010754 -0.000304368 0.000139956 0.0070765 10.4269 0 0.999995 0 0 0.00318335 -446.973 -1808.1 -239041 0.997591 0.0584348 0.0371347 0.00432923 
1576461653.584784 1576461653.988527 -0.000804767 0.76032 0 0.999999 0 0 0.00107285 -370.34 578.844 4600.33 0.999999 -0.000171502 -0.000377738 0.00155105 0.00143105 11.1872 0 0.999991 0 0 0.00425619 -475.598 -1772.9 -234389 0.997607 0.0582044 0.0368492 0.00589224 
1576461653.988527 1576461654.288730 -0.000505038 0.570086 0 1 0 0 0.000805997 -274.556 457.78 3451.89 1 -0.00072779 -0.000179851 -0.000595311 -0.00392671 11.7572 0 0.999987 0 0 0.00506218 -496.65 -1722.03 -230897 0.997659 0.0574992 0.0366394 0.005282 
1576461654.288730 1576461654.692786 0.000801824 0.766576 0 1 0 0 -0.00053299 -381.64 558.546 4577.95 1 0.000472339 3.17567e-05 0.000256081 -0.0108859 12.5238 0 0.99999 0 0 0.00452919 -543.316 -1696.29 -226270 0.997629 0.0579612 0.0366833 0.00555296 
1576461654.692786 1576461654.994555 -0.000106093 0.547082 0 1 0 0 0.000192544 -313.474 429.044 3403.53 1 -0.000281761 -0.000197536 -0.00021747 -0.0159476 13.0708 0 0.999989 0 0 0.00472173 -607.552 -1667.18 -222826 0.997654 0.057687 0.0364752 0.00533712 
1576461654.994555 1576461655.402703 -0.000778169 0.780808 0 1 0 0 0.000837972 -338.735 542.896 4513.39 1 0.000316407 -0.000698738 -1.0442e-05 -0.0240992 13.8516 0 0.999985 0 0 0.0055597 -617.602 -1650.71 -218267 0.997661 0.0579993 0.0357758 0.00537855 
1576461655.402703 1576461655.696715 0.000546489 0.533984 0 1 0 0 -0.000734281 -255.411 409.886 3313.1 0.999999 0.00152432 0.000124651 0.000686058 -0.0294903 14.3855 0 0.999988 0 0 0.00482543 -636.473 -1629.55 -214919 0.997563 0.0594961 0.0359317 0.0061103 
1576461655.696715 1576461656.102785 -0.000303597 0.751786 0 1 0 0 0.000382663 -325.625 582.297 4415.49 0.999999 -0.000347301 -0.000407759 0.000852948 -0.0370491 15.1373 0 0.999986 0 0 0.00520808 -646.092 -1578.97 -210454 0.997593 0.0591165 0.0355778 0.00697295 
1576461656.102785 1576461656.400363 -0.00019376 0.535042 0 1 0 0 0.000608764 -298.986 410.519 3238.6 1 -7.30599e-05 0.000249233 -0.000229048 -0.0428159 15.6723 0 0.999983 0 0 0.00581684 -715.716 -1557.16 -207176 0.99759 0.0590535 0.0358134 0.00672712 
1576461656.400363 1576461656.802879 -0.000232968 0.697302 0 1 0 0 5.98674e-05 -329.018 525.117 4218.24 1 -0.000208326 4.73519e-05 6.37921e-05 -0.0511609 16.3696 0 0.999983 0 0 0.00587671 -743.926 -1536.53 -202913 0.9976 0.0588437 0.0358658 0.0067805 
1576461656.802879 1576461657.204894 -0.000231249 0.682048 0 1 0 0 0.00011969 -305.133 515.023 4112.67 1 -0.000948363 0.00014132 -8.49622e-05 -0.0594084 17.0516 0 0.999982 0 0 0.00599639 -755.457 -1511.39 -198757 0.997651 0.0579016 0.0360082 0.00665341 
1576461657.204894 1576461657.608898 0.000298639 0.682951 0 1 -0 0 -0.000542292 -312.685 463.207 4022.12 0.999999 0.00062791 0.000852971 0.000992349 -0.0673001 17.7345 0 0.999985 0 0 0.00545411 -779.444 -1519.53 -194696 0.997576 0.0584979 0.0369124 0.00761664 
1576461657.608898 1576461658.009096 0.000531018 0.652988 0 0.999999 -0 0 -0.00116333 -277.432 491.876 3921.89 0.999999 0.00105194 0.000965881 0.000944184 -0.0738919 18.3874 0 0.999991 0 0 0.0042908 -769.113 -1492.02 -190734 0.99747 0.0595197 0.0379231 0.00854085 
1576461658.009096 1576461658.415501 0.000825369 0.635032 0 0.999999 -0 0 -0.00116654 -265.51 472.887 3798.45 0.999999 0.000438998 0.00114519 -0.000577867 -0.0785161 19.0224 0 0.999995 0 0 0.00312426 -748.512 -1476.84 -186897 0.997404 0.0599892 0.0390272 0.00791292 
1576461658.415501 1576461658.822253 0.000961941 0.639581 0 0.999999 -0 0 -0.00130758 -283.82 484.232 3789.38 0.999999 0.000498132 0.0015152 -0.000149674 -0.0815506 19.662 0 0.999998 0 0 0.00181669 -738.201 -1453.08 -183067 0.997315 0.0605038 0.0405255 0.00769217 
1576461658.822253 1576461659.227048 0.000618668 0.611049 0 0.999999 -0 0 -0.00118641 -265.704 495.671 3764.44 0.999999 -0.00107471 0.00125125 0.000239743 -0.0831521 20.273 0 1 0 0 0.000630273 -700.378 -1418.44 -179261 0.997326 0.0594318 0.0417961 0.007812 
1576461659.227048 1576461659.730097 0.000883556 0.774859 0 1 -0 0 -0.000968678 -323.241 605.586 4649.74 0.999997 -0.00155423 0.00142573 0.000893738 -0.0832453 21.0479 0 1 -0 0 -0.000338405 -636.918 -1372.02 -174561 0.99735 0.0578554 0.0432832 0.00855364 
1576461659.730097 1576461660.139268 0.000630953 0.655436 0 1 0 0 -0.000830744 -302.26 437.457 3788.87 0.999999 -0.000533823 0.0010081 -0.00064664 -0.0821708 21.7033 0 0.999999 0 0 -0.00116915 -612.405 -1378.67 -170735 0.997341 0.0573595 0.0442557 0.00782727 
1576461660.139268 1576461660.537904 9.14976e-05 0.652291 0 1 -0 0 -0.000448739 -302.558 490.808 4080.8 1 -0.00019384 0.000761836 -0.000181928 -0.080554 22.3556 0 0.999999 -0 0 -0.00161789 -555.01 -1361.48 -166615 0.99732 0.0571802 0.0450066 0.00759355 
1576461660.537904 1576461660.944208 0.000501903 0.721952 0 1 -0 0 -0.000532599 -307.746 525.024 4207.83 0.999999 0.000734528 0.000661333 -0.000165463 -0.077716 23.0776 0 0.999998 -0 0 -0.00215049 -485.324 -1323.24 -162364 0.997249 0.0579252 0.0456511 0.00742377 
1576461660.944208 1576461661.244081 0.000257432 0.542462 0 1 -0 0 -0.000467119 -227.098 417.535 3247.28 1 0.000389192 2.0484e-05 0.000341148 -0.0751255 23.62 0 0.999997 -0 0 -0.0026176 -416.964 -1286.08 -159083 0.997223 0.0582979 0.0456884 0.00778056 
1576461661.244081 1576461661.652644 0.00026233 0.759686 0 1 -0 0 -0.000438832 -346.115 556.071 4491.14 0.999999 -0.000608006 0.000349788 -0.000821775 -0.0708861 24.3797 0 0.999995 -0 0 -0.00305643 -353.938 -1260.07 -154545 0.997248 0.0577318 0.045994 0.00691289 
1576461661.652644 1576461661.948034 0.0002965 0.557124 0 1 0 0 -0.000280565 -265.107 450.25 3455.96 0.999999 -0.000679806 0.000137832 -0.00103587 -0.067184 24.9368 0 0.999994 0 0 -0.003337 -301.925 -1213.67 -151050 0.997287 0.0571024 0.0460763 0.00584064 
1576461661.948034 1576461662.350380 0.000113786 0.7956 0 1 0 0 -0.000382046 -367.639 586.233 4676.37 1 0.000139215 -0.000197732 0.000218968 -0.0617604 25.7324 0 0.999993 0 0 -0.00371904 -238.832 -1167.62 -146323 0.997287 0.05723 0.0458908 0.00607672 
1576461662.350380 1576461662.651970 -0.000458253 0.591897 0 1 0 0 0.000718807 -316.542 440.966 3591.17 0.999999 -0.000480026 -0.000189571 -0.00119414 -0.0578161 26.3243 0 0.999995 0 0 -0.00300024 -225.839 -1143 -142692 0.99733 0.0568049 0.0456363 0.00487464 
1576461662.651970 1576461662.953552 0.000383895 0.599611 0 1 0 0 -0.000531254 -275.389 448.647 3582.51 0.999999 0.000893128 -6.23256e-05 0.000590955 -0.0538343 26.9239 0 0.999994 0 0 -0.00353149 -174.008 -1105.7 -139071 0.997278 0.0576683 0.0456033 0.00550831 
1576461662.953552 1576461663.255493 9.27982e-05 0.604252 0 1 -0 0 -0.000525694 -299.837 450.524 3648.26 1 0.000378188 0.000202765 -0.000801363 -0.0494737 27.5281 0 0.999992 -0 0 -0.00405718 -141.002 -1080.87 -135383 0.997251 0.0580831 0.0457572 0.00471468 
1576461663.255493 1576461663.657560 0.000292136 0.80946 0 1 0 0 -2.46029e-05 -380.198 630.977 4829.66 0.999999 0.000905024 0.000457128 -0.000511476 -0.0426134 28.3376 0 0.999992 0 0 -0.00408178 -78.7569 -1017.2 -130498 0.99718 0.0590112 0.0461791 0.00421947 
1576461663.657560 1576461663.959268 0.000601952 0.628822 0 1 0 0 -0.000864977 -280.503 448.537 3646.35 1 -0.000105369 0.000428389 0.000541945 -0.036878 28.9663 0 0.999988 0 0 -0.00494675 -21.7472 -1003.4 -126814 0.997164 0.0588829 0.0466387 0.00472974 
1576461663.959268 1576461664.261427 0.0003154 0.604871 0 1 -0 0 -0.000807636 -270.965 508.588 3663.85 0.999999 -0.000558023 0.000231153 0.00129931 -0.0305784 29.5712 0 0.999983 -0 0 -0.00575437 49.3004 -931.047 -123107 0.997179 0.0582669 0.0469483 0.00598572 
1576461664.261427 1576461664.665460 -0.000683714 0.805358 0 0.999999 0 0 0.00112432 -386.71 603.329 4801.73 0.999999 0.000120534 -0.000955 -0.000374534 -0.0219936 30.3765 0 0.999989 0 0 -0.00463007 113.364 -893.876 -118253 0.997218 0.0583989 0.0459734 0.00567354 
1576461664.665460 1576461664.965321 -0.000586884 0.593743 0 0.999999 0 0 0.00105681 -338.74 435.514 3589.78 0.999999 0.000125645 -0.00101443 -0.000668291 -0.0170824 30.9702 0 0.999994 0 0 -0.00357327 105.018 -883.251 -114621 0.99726 0.0585491 0.044922 0.00507212 
1576461664.965321 1576461665.268999 -0.000986111 0.601467 0 0.999999 0 0 0.00147742 -321.783 456.186 3497.82 1 -0.00016911 -0.000956961 0.000104145 -0.0137701 31.5717 0 0.999998 0 0 -0.00209585 97.8102 -842.036 -111079 0.997312 0.0583709 0.0439746 0.00522441 
1576461665.268999 1576461665.669006 -0.00172818 0.769677 0 0.999998 0 0 0.00186176 -409.008 579.533 4625.34 0.999999 0.000228421 -0.0016846 -0.000185 -0.012272 32.3414 0 1 0 0 -0.000234099 95.8654 -809.24 -106400 0.997373 0.058598 0.0422825 0.00514828 
1576461665.669006 1576461665.971015 -0.000506692 0.569492 0 0.999999 0 0 0.00101743 -306.289 449.516 3436.59 1 0.0002105 -0.000797246 0.000180118 -0.012512 32.9108 0 1 0 0 0.000783327 80.224 -767.698 -102920 0.997393 0.0587962 0.0414968 0.00538354 
1576461665.971015 1576461666.272781 -0.000247574 0.561918 0 1 0 0 0.000318795 -277.075 431.335 3380.57 0.999999 -0.00068209 -0.000762264 0.00132273 -0.0136399 33.4728 0 0.999999 0 0 0.00110212 83.5663 -738.68 -99501.3 0.997456 0.0580568 0.0408179 0.00671933 
1576461666.272781 1576461666.678267 -0.000291468 0.738665 0 1 0 0 0.000442642 -386.544 544.459 4477.46 0.999999 -0.0001453 -0.000645926 -0.000929277 -0.0155596 34.2114 0 0.999999 0 0 0.00154476 61.7121 -721.069 -94974.4 0.997496 0.0579454 0.0401206 0.00582398 
1576461666.678267 1576461667.081003 -0.000462411 0.724661 0 1 0 0 0.000572677 -386.062 528.246 4328.66 0.999999 0.000677633 -0.000129834 -0.00151201 -0.0182609 34.9361 0 0.999998 0 0 0.00211744 22.627 -701.06 -90596.8 0.99747 0.0586812 0.0398995 0.00435046 
1576461667.081003 1576461667.381583 -0.000364242 0.557233 0 1 0 0 0.000660361 -281.484 396.663 3216.84 1 0.00012259 -0.000140915 -0.000475261 -0.0209849 35.4933 0 0.999996 0 0 0.0027778 -1.84118 -686.369 -87343.5 0.99747 0.0588218 0.0397305 0.00388956 
1576461667.381583 1576461667.784199 0 0.712205 0 1 0 0 0 -319.07 551.094 4218.81 0.999999 -0.000131537 -0.000362507 0.000980775 -0.0249416 36.2055 0 0.999996 0 0 0.0027778 14.7187 -636.829 -83077.3 0.997488 0.0586502 0.0394271 0.00488395 
1576461667.784199 1576461668.191912 -0.000163763 0.720549 0 1 0 0 0.000340497 -367.623 523.569 4305.62 0.999999 -0.00110939 -8.73378e-05 0.000983247 -0.0291085 36.926 0 0.999995 0 0 0.0031183 -13.2932 -624.294 -78724.5 0.99755 0.0575043 0.039403 0.0058261 
1576461668.191912 1576461668.499573 9.04694e-05 0.591186 0 1 0 0 -3.62171e-05 -275.74 405.264 3415.11 0.999999 -0.000784768 -0.000422394 -0.000509918 -0.032705 37.5172 0 0.999995 0 0 0.00308208 -20.2715 -616.43 -75274.4 0.997615 0.0567391 0.0389569 0.0053108 
1576461668.499573 1576461668.899738 -0.0004556 0.754156 0 1 0 0 0.000529611 -385.808 551.246 4516.18 0.999999 0.000144951 -0.000303964 -0.00147579 -0.0378093 38.2714 0 0.999993 0 0 0.00361169 -54.5362 -583.954 -70708.6 0.997625 0.0569395 0.0385691 0.00386142 
1576461668.899738 1576461669.202209 -8.99779e-05 0.577886 0 1 0 0 0.00038112 -291.456 430.567 3466.01 1 0.000483705 -0.000233608 0.000469731 -0.0420735 38.8492 0 0.999992 0 0 0.0039928 -78.2913 -552.453 -67204 0.997604 0.057403 0.0383609 0.00436199 
1576461669.202209 1576461669.504227 -0.000259624 0.589116 0 1 0 0 0.000381146 -234.647 443.716 3490.81 0.999999 0.000990997 -0.000566505 0.000795873 -0.0470375 39.4383 0 0.99999 0 0 0.00437395 -45.2187 -513.391 -63677.7 0.997565 0.0583586 0.0378371 0.00522649 
1576461669.504227 1576461669.906341 -0.000734357 0.801383 0 1 0 0 0.000786933 -429.167 601.651 4753.25 1 0.000470102 -0.000421267 -0.000176259 -0.0547822 40.2397 0 0.999987 0 0 0.00516087 -115.028 -473.797 -58868 0.997554 0.058832 0.0374041 0.00509303 
1576461669.906341 1576461670.207965 -0.000384664 0.607257 0 1 0 0 0.000568945 -293.314 477.571 3640.09 1 -0.000771204 -0.000442795 4.7766e-05 -0.0614347 40.8469 0 0.999984 0 0 0.00572981 -136.433 -429.7 -55185.4 0.997615 0.0580586 0.0369691 0.00513788 
1576461670.207965 1576461670.512866 -0.000493307 0.628766 0 1 0 0 0.000694557 -316.708 481.217 3657.11 1 -0.000632263 -0.000350394 0.000177413 -0.0691333 41.4756 0 0.999979 0 0 0.00642435 -183.189 -378.61 -51483.8 0.997664 0.0574195 0.0366331 0.00531184 
1576461670.512866 1576461670.810817 -0.000387496 0.61553 0 1 0 0 0.000555371 -306.195 475.261 3694.87 1 -0.000488208 -0.000249565 0.000102949 -0.0774293 42.0911 0 0.999976 0 0 0.00697971 -219.251 -332.93 -47746.4 0.9977 0.0569273 0.0363926 0.00541099 
1576461670.810817 1576461671.215027 -4.80571e-05 0.819638 0 1 -0 0 -0.000144959 -394.425 591.281 4900.61 1 4.30184e-05 0.000157304 -0.000393676 -0.0889188 42.9106 0 0.999977 0 0 0.00683475 -257.652 -306.152 -42794.7 0.997694 0.0569854 0.0365269 0.00501083 
1576461671.215027 1576461671.514258 0.000338652 0.61198 0 1 0 0 -0.000487976 -288.394 446.868 3650.01 1 0.000542518 0.000545887 1.91655e-05 -0.0969454 43.5226 0 0.99998 0 0 0.00634679 -279.752 -279.992 -39106.3 0.997643 0.0575287 0.0370699 0.00501866 
1576461671.514258 1576461671.816308 0.000389049 0.60824 0 1 -0 0 -0.000693987 -286.69 444.173 3637.5 0.999999 0.000339059 0.00104278 5.55849e-05 -0.104277 44.1308 0 0.999984 0 0 0.00565281 -297.045 -259.056 -35430.7 0.997584 0.0578701 0.0381117 0.00502669 
1576461671.816308 1576461672.121960 0.000782527 0.62377 0 0.999999 -0 0 -0.00140161 -247.455 454.827 3571.01 0.999999 0.000855567 0.000911901 1.43126e-05 -0.110547 44.7545 0 0.999991 0 0 0.00425123 -272.71 -221.814 -31822.6 0.997499 0.0587276 0.0390179 0.0050208 
1576461672.121960 1576461672.526613 0.00137339 0.78609 0 0.999998 -0 0 -0.00181933 -386.517 584.724 4693.51 0.999997 0.000236862 0.00224929 0.00021198 -0.115857 45.5406 0 0.999997 0 0 0.0024319 -293.094 -194.855 -27077.2 0.997393 0.0589667 0.0412727 0.00510938 
1576461672.526613 1576461672.828474 0.000817864 0.57854 0 0.999999 -0 0 -0.00154718 -221.997 431.667 3446.85 0.999999 -0.000249658 0.00127366 0.000856615 -0.117853 46.1191 0 1 0 0 0.000884729 -230.766 -173.541 -23596.9 0.99735 0.0586888 0.0425948 0.00587835 
1576461672.828474 1576461673.128337 0.000652043 0.570575 0 0.999999 -0 0 -0.00114311 -250.165 419.143 3398.62 0.999999 -0.000159485 0.00114263 -0.000234974 -0.11821 46.6897 0 1 -0 0 -0.000258377 -191.72 -157.661 -20163.7 0.997311 0.0585464 0.0437215 0.00557014 
1576461673.128337 1576461673.530784 0.000393984 0.763242 0 1 -0 0 -0.000662027 -371.736 564.615 4426.21 0.999999 0.000300291 0.00149935 -0.000792291 -0.117422 47.4529 0 1 -0 0 -0.000920403 -176.507 -117.713 -15686.4 0.997231 0.0588888 0.0451687 0.00470532 
1576461673.530784 1576461673.833054 0.00047417 0.551643 0 1 0 0 -0.000556379 -230.396 419.071 3287.37 1 -0.000227152 0.000655298 0.00018075 -0.115932 48.0046 0 0.999999 0 0 -0.00147678 -109.685 -89.6631 -12365.2 0.997214 0.0586572 0.0458339 0.00483672 
1576461673.833054 1576461674.235791 0.000401508 0.727108 0 1 0 0 -0.000424417 -340.592 543.862 4300.87 1 -0.000422963 0.000772187 0.000218812 -0.113383 48.7317 0 0.999998 0 0 -0.0019012 -55.5598 -55.9261 -8017.2 0.997202 0.0582291 0.0466188 0.00499024 
1576461674.235791 1576461674.638114 -0.000139331 0.6989 0 1 0 0 -4.23237e-05 -348.001 511.49 4182.68 1 -8.62186e-05 0.000421659 0.000685816 -0.110865 49.4306 0 0.999998 0 0 -0.00194352 -13.0223 -37.0813 -3789.27 0.997183 0.0581132 0.0470796 0.00564556 
1576461674.638114 1576461675.040599 0.000115457 0.643013 0 1 0 0 -0.000159224 -317.128 478.083 3728.94 1 -0.000105893 0.00030143 -0.000223145 -0.10825 50.0736 0 0.999998 0 0 -0.00210275 21.0814 2.23723 -16.8096 0.997176 0.0580198 0.0473678 0.00540054 
1576461675.040599 1576461675.442742 0.000168767 0.598198 0 1 0 0 -0.000381644 -255.508 456.847 3585.62 0.999999 0.00021318 3.29546e-06 0.00130619 -0.105566 50.6718 0 0.999997 0 0 -0.00248439 105.299 38.7605 3605.65 0.997156 0.0581705 0.0474457 0.00671295 
1576461675.442742 1576461675.945713 -0.000234831 0.741084 0 1 0 0 0.000399811 -396.784 543.104 4396.95 0.999999 0.000919821 0.00027848 -0.00109306 -0.102118 51.4128 0 0.999998 -0 0 -0.00208458 125.545 63.3474 8053.64 0.997096 0.0591414 0.0476536 0.00565044 
1576461675.945713 1576461676.347305 -2.38844e-05 0.589461 0 1 0 0 -6.01126e-05 -296.189 442.997 3488.32 1 -0.000273206 9.8024e-05 -0.000453706 -0.0996847 52.0023 0 0.999998 0 0 -0.00214469 162.053 88.6785 11582.1 0.997109 0.0588911 0.047726 0.00517923 
1576461676.347305 1576461676.853831 0.000111448 0.756243 0 1 -0 0 -0.000294838 -320.644 587.997 4422.77 1 -0.000445311 0.000222264 6.00924e-05 -0.0963295 52.7585 0 0.999997 -0 0 -0.00243953 263.759 150.22 16053.8 0.997125 0.0584454 0.0479535 0.00520481 
1576461676.853831 1576461677.256166 -0.000135794 0.602269 0 1 0 0 0.000338673 -254.253 446.489 3600.8 0.999999 -0.000836532 -0.000312446 0.00140249 -0.0935267 53.3608 0 0.999998 0 0 -0.00210086 355.097 171.678 19689.8 0.99718 0.0575423 0.0477282 0.00658141 
1576461677.256166 1576461677.658586 -9.96328e-05 0.607768 0 1 0 0 -1.64786e-05 -297.777 477.817 3653.1 0.999999 -0.00136776 -0.000135515 -0.00016697 -0.0910727 53.9686 0 0.999998 0 0 -0.00211733 405.551 223.81 23385.3 0.997265 0.0561854 0.0475924 0.00635742 
1576461677.658586 1576461678.060173 -4.13174e-05 0.632136 0 1 0 0 8.53799e-05 -329.375 465.998 3636.72 1 -0.000249988 0.000114294 0.00026742 -0.0884372 54.6007 0 0.999998 0 0 -0.00203195 422.089 275.548 27066.2 0.997272 0.0559241 0.047723 0.00660579 
1576461678.060173 1576461678.568170 -4.4469e-05 0.772474 0 1 0 0 0.000339297 -398.869 542.959 4600.63 1 0.000221704 7.07758e-05 0.000782924 -0.0853424 55.3732 0 0.999999 0 0 -0.00169266 462.13 297.411 31715.6 0.997251 0.0561083 0.0478359 0.0073932 
1576461678.568170 1576461678.970121 -0.000157832 0.635732 0 1 0 0 0.0003502 -280.014 468.752 3682.11 1 0.000818579 -7.98336e-05 0.000479123 -0.0833481 56.0089 0 0.999999 0 0 -0.00134246 533.392 348.075 35437 0.997205 0.0569011 0.0477771 0.00791464 
1576461678.970121 1576461679.372490 0.000139055 0.632762 0 1 0 0 -6.30662e-05 -331.947 473.53 3726.22 0.999999 2.97926e-05 7.48712e-05 0.00122534 -0.0815101 56.6416 0 0.999999 0 0 -0.00140553 556.519 391.387 39207.5 0.997189 0.0568728 0.0479212 0.00913371 
1576461679.372490 1576461679.776421 -0.000446265 0.638851 0 1 0 0 0.000717881 -332.85 469.903 3790.79 0.999999 0.000161597 -0.000456061 -0.00107995 -0.0801605 57.2805 0 1 0 0 -0.000687645 585.49 423.638 43041.5 0.997211 0.0570815 0.0474035 0.00809047 
1576461679.776421 1576461680.176694 -0.000491344 0.6394 0 1 0 0 0.000718432 -275.227 495.596 3804.69 1 -1.05173e-05 -0.000577011 8.28553e-05 -0.0797725 57.9199 0 1 0 0 3.07879e-05 669.44 479.785 46886.9 0.997238 0.0570624 0.0468329 0.00820553 
1576461680.176694 1576461680.580310 -0.000703234 0.65759 0 1 0 0 0.000930881 -329.462 489.451 3799.36 1 -0.000854745 -0.000246445 8.10187e-06 -0.0805162 58.5775 0 1 0 0 0.000961668 694.518 529.346 50731.4 0.997298 0.0562076 0.0465946 0.00818764 
1576461680.580310 1576461681.081532 -0.000823728 0.747172 0 1 0 0 0.000860263 -373.944 571.128 4433.75 1 -0.000344441 -0.000419651 -0.000379947 -0.082777 59.3247 0 0.999998 0 0 0.00182193 732.054 595.032 55216.7 0.997339 0.0558783 0.0461575 0.00781625 
1576461681.081532 1576461681.584162 -0.000169157 0.659638 0 1 0 0 0.000535314 -365.555 461.807 3931.92 0.999999 0.000122747 -0.000182031 -0.00142208 -0.0853498 59.9843 0 0.999997 0 0 0.00235724 728.728 610.903 59192.5 0.997351 0.0560649 0.0458955 0.00641379 
1576461681.584162 1576461682.086395 -0.00020834 0.565799 0 1 0 0 0.000422219 -253.62 432.175 3411.37 1 3.4521e-05 -0.000461816 -0.000122781 -0.0882256 60.5501 0 0.999996 0 0 0.00277946 787.649 656.28 62639.7 0.997371 0.056102 0.0454278 0.00631881 
1576461682.086395 1576461682.790445 -0.000381602 0.66803 0 1 0 0 0.000356388 -305.565 473.637 3958.71 0.999999 0.000188241 -0.000701766 0.000728007 -0.0923207 61.2181 0 0.999995 0 0 0.00313585 841.346 680.746 66637.9 0.997387 0.0562522 0.0447675 0.00709282 
1576461682.790445 1576461683.695742 -0.000673504 0.6805 0 0.999999 0 0 0.00127444 -345.88 522.674 4036.83 0.999999 0.000547486 -0.00105072 6.53347e-06 -0.097262 61.8986 0 0.99999 0 0 0.00441028 855.839 743.013 70722.6 0.997403 0.0567905 0.043716 0.00718295 
1576461683.695742 1576461685.105537 -0.00051826 0.6111 0 0.999999 0 0 0.00104034 -339.066 437.093 3514.33 0.999999 -0.000182311 -0.00101424 -0.000928722 -0.10317 62.5097 0 0.999985 0 0 0.0054506 823.345 774.782 74279.9 0.997463 0.0566419 0.0426529 0.00630626 
1576461685.105537 1576461691.949804 -0.00398666 -0.0414581 0 0.999828 -0 0 -0.0185707 455.51 -132.412 -1079.02 0.999816 -0.00071827 0.0191794 0.000615858 -0.106705 62.4682 0 0.999914 -0 0 -0.0131208 1185.6 772.507 73158.2 0.996498 0.0560097 0.0618152 0.0058024 
1576461691.949804 1576461692.655251 -0.00820642 -0.322098 0 0.999698 -0 0 -0.0245711 660.498 -259.698 -2039.71 0.999698 -0.000791903 0.0245695 0.000750634 -0.12336 62.1464 0 0.99929 -0 0 -0.0376858 1589.6 752.891 71036.8 0.994718 0.0552998 0.0863266 0.00512357 
1576461692.655251 1576461693.460325 -0.00883139 -0.354168 0 0.999689 -0 0 -0.0249505 755.628 -262.25 -2105.82 0.999684 -0.00048341 0.025128 0.000216726 -0.158842 61.7939 0 0.998038 -0 0 -0.0626068 1971.25 736.985 68816.8 0.99226 0.0549115 0.111309 0.00390623 
1576461693.460325 1576461694.367295 -0.00705473 -0.309702 0 0.99973 -0 0 -0.0232468 678.178 -210.844 -1904.15 0.999695 -0.000332027 0.0246829 -0.00113127 -0.204544 61.4875 0 0.996313 -0 0 -0.0857911 2210.22 746.811 66798.7 0.989232 0.0547876 0.135706 0.00139019 
1576461694.367295 1576461695.372198 -0.0090155 -0.323543 0 0.999619 -0 0 -0.0276096 712.601 -237.088 -2003.04 0.999641 -0.000869502 0.0267648 -0.000458338 -0.268736 61.1703 0 0.993565 -0 0 -0.113266 2355.6 740.069 64664.4 0.985293 0.0540072 0.16211 -0.000648089 
1576461695.372198 1576461696.379229 -0.00962258 -0.347545 0 0.999606 -0 0 -0.0280633 797.213 -263.223 -2165.92 0.999578 -0.00126818 0.0290288 -0.000640676 -0.356336 60.8338 0 0.989995 -0 0 -0.141104 2414.21 722.287 62342.3 0.980239 0.0528199 0.190608 -0.00305242 
1576461696.379229 1576461697.283237 -0.00781876 -0.312784 0 0.999696 -0 0 -0.0246669 660.864 -244.933 -1928.07 0.999673 -0.000936612 0.0255466 0.000117013 -0.45123 60.5356 0 0.986213 -0 0 -0.165481 2300.78 689.978 60292.8 0.975099 0.0517843 0.215591 -0.00446462 
1576461697.283237 1576461698.390584 -0.00939099 -0.337323 0 0.999608 -0 0 -0.0280144 785.513 -273.025 -2067.46 0.999615 -0.00116722 0.0277367 6.23715e-05 -0.570209 60.2199 0 0.98119 -0 0 -0.193045 2136.47 641.9 58071 0.968805 0.0504889 0.242552 -0.00609005 
1576461698.390584 1576461699.504133 -0.00924982 -0.327555 0 0.999602 -0 0 -0.0282277 782.423 -258.951 -2062.2 0.999594 -0.00158687 0.0284505 0.000126273 -0.702856 59.9202 0 0.97535 -0 0 -0.220665 1849.47 602.052 55869.2 0.961591 0.0487271 0.270013 -0.00778657 
1576461699.504133 1576461700.608005 -0.00825434 -0.311487 0 0.999653 -0 0 -0.0263401 751.299 -207.332 -1912.75 0.999638 -0.00116103 0.0268706 -0.00112151 -0.844386 59.6426 0 0.969199 -0 0 -0.246279 1490.75 591.538 53835.1 0.954035 0.0476866 0.29569 -0.010485 
1576461700.608005 1576461701.916687 -0.0100079 -0.333305 0 0.999553 -0 0 -0.0298852 803.316 -228.116 -2021.94 0.999542 -0.000796441 0.0302348 -0.000240976 -1.0123 59.3545 0 0.961406 -0 0 -0.275133 1003.68 567.604 51702.6 0.944694 0.0466592 0.32438 -0.0123874 
1576461701.916687 1576461703.432260 -0.0113728 -0.343535 0 0.999445 -0 0 -0.0333045 908.88 -269.678 -2124.94 0.999478 -0.000505394 0.0322997 -0.000362806 -1.20369 59.069 0 0.95171 -0 0 -0.307 406.653 509.83 49454.4 0.933743 0.045875 0.354701 -0.0143947 
1576461703.432260 1576461704.736702 -0.0109891 -0.330035 0 0.9994 -0 0 -0.0346495 930.973 -198.3 -2079.51 0.999348 -0.000214096 0.0360976 -0.000684101 -1.40546 58.8076 0 0.940501 -0 0 -0.339792 -283.515 517.106 47274 0.92033 0.0453682 0.388141 -0.016756 
1576461704.736702 1576461706.153772 -0.0124843 -0.33206 0 0.999276 -0 0 -0.0380492 956.234 -219.853 -2038.08 0.999301 -0.000743244 0.037357 -0.000732888 -1.6273 58.5602 0 0.926891 -0 0 -0.375331 -1083.44 499.172 45158.3 0.905209 0.044311 0.422205 -0.0194021 
1576461706.153772 1576461707.663465 -0.0104602 -0.316355 0 0.999433 -0 0 -0.0336558 914.338 -240.557 -1971.02 0.999325 0.000281386 0.0367131 0.00102815 -1.85492 58.3403 0 0.913734 -0 0 -0.406314 -2016.41 452.245 43181.9 0.889105 0.0433894 0.455204 -0.0199663 
1576461707.663465 1576461709.575925 -0.0119216 -0.329101 0 0.999335 -0 0 -0.0364728 988.343 -317.006 -1992.95 0.999352 -0.000955573 0.0359771 0.000639365 -2.10728 58.1287 0 0.898306 -0 0 -0.43937 -3071.96 330.63 41202 0.872206 0.0415023 0.486905 -0.0213809 
1576461709.575925 1576461715.316945 -0.011727 -0.323796 0 0.999252 0 0 -0.0386727 882.024 -180.667 -1887.98 0.999354 -0.00167239 0.0357955 -0.00281884 -2.37007 57.9392 0 0.880643 0 0 -0.473781 -4223.22 329.494 39455.6 0.854223 0.040624 0.517659 -0.0261256 
1576461715.316945 1576461716.424464 1.33508e-05 0.0131718 0 1 0 0 1.86653e-05 -82.5822 22.3359 402.505 0.999998 0.000133652 -0.00190009 -0.000404256 -2.35907 57.9464 0 0.880652 0 0 -0.473764 -3904.38 313.116 39715.2 0.855189 0.040997 0.516022 -0.0263245 
1576461716.424464 1576461717.327386 -0.00166787 0.342703 0 0.999999 0 0 0.00125842 -208.517 315.234 2116 0.999999 -0.000611208 0.000614205 -0.000845135 -2.07403 58.1367 0 0.881247 -0 0 -0.472656 -2111.04 421.558 40895.3 0.854874 0.0408942 0.516496 -0.0273878 
1576461717.327386 1576461717.936740 0.00526106 0.355705 0 0.999849 -0 0 -0.0173512 241.889 278.016 2063.57 0.999844 -0.0013905 0.0176139 0.00066082 -1.7748 58.3291 0 0.872913 -0 0 -0.487875 -156.137 494.455 41648.4 0.845718 0.0388754 0.531462 -0.0282571 
1576461717.936740 1576461718.640565 0.00769172 0.298623 0 0.999643 -0 0 -0.0267094 508.46 218.858 1623.88 0.999597 -0.000290146 0.0283783 0.000996562 -1.51641 58.479 0 0.859571 -0 0 -0.511016 1539.98 553.459 41899.6 0.830334 0.0372828 0.555278 -0.0286603 
1576461718.640565 1576461722.261135 0.000690369 0.0969214 0 0.999971 0 0 -0.00764265 2.14687 -19.2697 108.472 0.999999 0.000589295 0.00102344 0.000337599 -1.43094 58.5247 0 0.85564 0 0 -0.517571 1638.88 524.092 41938.4 0.829753 0.0375553 0.556157 -0.0280909 
1576461722.261135 1576461724.675335 -0.00301454 -0.228119 0 0.999875 -0 0 -0.0158372 497.718 -218.429 -1771.15 0.999847 -0.000934992 0.0174352 0.00053222 -1.63438 58.4214 0 0.847336 -0 0 -0.531057 177.667 469.938 40800.7 0.81998 0.035988 0.570533 -0.0288198 
1576461724.675335 1576461725.383522 -0.0095093 -0.319872 0 0.999617 -0 0 -0.027674 732.711 -246.662 -1929.04 0.999622 -6.9463e-05 0.0274922 -8.38809e-06 -1.9264 58.2905 0 0.832315 -0 0 -0.554303 -1390.53 397.069 39438.9 0.803987 0.0351299 0.592858 -0.0298448 
1576461725.383522 1576461726.187663 -0.00950773 -0.362553 0 0.999661 -0 0 -0.0260258 693.555 -306.206 -2182.89 0.999674 -0.000778643 0.0254943 0.000628275 -2.2646 58.1595 0 0.817607 -0 0 -0.575777 -3289.58 288.325 38126.8 0.788657 0.0333591 0.613161 -0.0306872 
1576461726.187663 1576461726.992173 -0.00748893 -0.32171 0 0.999728 -0 0 -0.0233343 681.027 -253.867 -1890.01 0.999754 -0.000782212 0.0221794 0.000134948 -2.57002 58.0582 0 0.803949 -0 0 -0.594698 -4968.64 200.971 36998.3 0.774893 0.0319706 0.630482 -0.0317927 
1576461726.992173 1576461727.897104 -0.00737344 -0.30942 0 0.999703 -0 0 -0.0243524 680.757 -183.203 -1849.77 0.999689 0.00015938 0.0248825 -0.00148634 -2.86805 57.9747 0 0.789228 -0 0 -0.6141 -6650.56 178.222 35954.6 0.758912 0.0322302 0.649525 -0.0336296 
1576461727.897104 1576461729.003583 -0.010263 -0.351395 0 0.999601 -0 0 -0.0282484 799.383 -333.397 -2110.54 0.999647 -0.000133035 0.026552 0.00119013 -3.21119 57.8983 0 0.771566 -0 0 -0.636149 -8634.58 34.3859 34837.7 0.741442 0.0304519 0.66948 -0.0336567 
1576461729.003583 1576461729.911570 -0.0070954 -0.338066 0 0.999829 -0 0 -0.0184853 521.617 -186.965 -2019.24 0.999833 -0.000424238 0.0181854 -0.00155538 -3.54441 57.8408 0 0.759675 -0 0 -0.650303 -10599.2 25.6057 34113.4 0.729104 0.0305615 0.68279 -0.0356421 
1576461729.911570 1576461730.614443 -0.00278843 -0.292579 0 0.999957 -0 0 -0.00924858 325.254 -210.048 -1729.87 0.999963 -0.000478832 0.00861923 -0.000306595 -3.83392 57.7984 0 0.753628 -0 0 -0.657301 -12316.3 -25.5585 33676 0.723196 0.0301134 0.689023 -0.0364547 
1576461730.614443 1576461731.529450 -0.0041479 -0.362516 0 0.999936 -0 0 -0.0113113 400.945 -365.722 -2104.95 0.99994 -0.000930443 0.010836 0.00139975 -4.19364 57.7533 0 0.746145 -0 0 -0.665784 -14424.7 -196.72 33175.5 0.715765 0.0280792 0.696826 -0.0364076 
1576461731.529450 1576461732.435007 -0.00336677 -0.306425 0 0.999935 -0 0 -0.0113706 412.188 -190.07 -1783.76 0.999943 -0.00193083 0.0104328 -0.000856211 -4.49846 57.7218 0 0.738526 -0 0 -0.674225 -16207 -229.131 32716.8 0.708478 0.0269124 0.70416 -0.0386568 
1576461732.435007 1576461733.639259 -0.00528744 -0.344248 0 0.999876 -0 0 -0.0157548 426.254 -140.57 -2041.28 0.999875 -0.00115122 0.0156338 -0.00188115 -4.84177 57.6958 0 0.727812 -0 0 -0.685776 -18250.2 -187.299 32278.9 0.697339 0.0268137 0.715053 -0.0412161 
1576461733.639259 1576461734.746158 -0.00438695 -0.330647 0 0.999938 -0 0 -0.0111304 387.484 -245.097 -1945.13 0.999959 -0.000569832 0.00900877 -0.000457135 -5.17209 57.6806 0 0.720134 -0 0 -0.693835 -20219.2 -251.232 31943.7 0.690865 0.0263708 0.72127 -0.0421822 
1576461734.746158 1576461735.754501 -0.00123325 -0.311745 0 0.999994 0 0 -0.00353123 214.181 -259.022 -1815.38 0.999991 8.7981e-05 0.0043108 -0.000366415 -5.48367 57.6702 0 0.71768 0 0 -0.696373 -22058.8 -336.695 31812 0.687732 0.0265138 0.724236 -0.0424852 
1576461735.754501 1576461736.961332 -0.000724268 -0.327125 0 0.999998 0 0 -0.00194485 258.713 -177.131 -1900.03 0.999998 0.000778006 0.00112721 -0.00117609 -5.81066 57.6611 0 0.716324 0 0 -0.697768 -23978 -331.903 31654 0.686844 0.0278527 0.725012 -0.0427604 
1576461736.961332 1576461738.769804 -0.000353911 -0.3283 0 0.999999 0 0 -0.00105652 217.414 -264.698 -1895.65 0.999998 0.00127929 0.00178333 0.000337566 -6.13886 57.6528 0 0.715586 0 0 -0.698524 -25899.6 -409.146 31543.4 0.685528 0.0284103 0.726299 -0.0416506 
1576461738.769804 1576461740.891703 -0.000394336 -0.333034 0 0.999999 0 0 -0.00130986 179.955 -357.192 -1988.58 0.999998 0.00121332 0.0008984 0.00130702 -6.47181 57.6452 0 0.714671 0 0 -0.699461 -27920.8 -569.601 31484.1 0.684894 0.0282553 0.727001 -0.0398988 
1576461740.891703 1576461743.599050 -0.000484988 -0.332036 0 0.999999 0 0 -0.00148381 225.575 -56.6795 -1966.98 0.999998 0.000163995 0.000351925 -0.00197866 -6.80378 57.6385 0 0.713632 0 0 -0.700521 -29894.2 -438.831 31375.4 0.684553 0.029792 0.727191 -0.0411446 
1576461743.599050 1576461746.418089 -0.000135995 -0.115399 0 0.999998 0 0 -0.00182121 -5.61072 -59.2389 -182.157 1 -9.97855e-05 0.000419405 9.08253e-05 -6.91916 57.6365 0 0.712355 0 0 -0.701819 -30080.7 -479.361 31393 0.684255 0.0296404 0.727477 -0.0411675 
1576461746.418089 1576461754.366111 0 0 0 1 0 0 0 30.2342 40.8533 -2.15229 1 -0.000273697 -0.00033238 -0.000574871 -6.91916 57.6365 0 0.712355 0 0 -0.701819 -30080.6 -438.901 31362.1 0.684481 0.029885 0.727221 -0.0417501 
1576461754.366111 1576461756.985452 -0.00044718 0.215361 0 1 0 0 0.000458762 -148.363 59.4018 1654.07 0.999999 0.00050563 0.000541394 0.00113537 -6.70383 57.6402 0 0.712677 -0 0 -0.701492 -28423 -545.892 31410.6 0.684119 0.0293828 0.727646 -0.0406214 
1576461756.985452 1576461757.687952 0.000101874 0.333965 0 1 0 0 -0.000213977 -131.191 389.748 1970.41 0.999998 -0.00135239 1.78196e-05 -0.00147915 -6.3699 57.6454 0 0.712527 0 0 -0.701645 -26419.5 -352.12 31414.6 0.684084 0.0295331 0.727558 -0.0426178 
1576461757.687952 1576461758.495842 7.11842e-05 0.321032 0 1 -0 0 -0.000439519 -213.792 170.918 1824.09 0.999998 -0.00127899 0.00117608 0.0011339 -6.04891 57.6502 0 0.712218 -0 0 -0.701958 -24577.7 -365.667 31514.1 0.683313 0.027783 0.72834 -0.0428073 
1576461758.495842 1576461759.300528 2.07384e-05 0.366736 0 1 0 0 -0.000364793 -215.185 281.992 2155.51 0.999999 -0.000989192 0.000964983 -0.000110899 -5.68221 57.6555 0 0.711962 0 0 -0.702218 -22395.5 -297.517 31587.2 0.682632 0.0271465 0.728953 -0.0436303 
1576461759.300528 1576461759.909111 0.000152379 0.344639 0 1 0 0 -0.000420618 -156.053 245.838 1976.28 1 -0.000263492 0.000281571 0.000836311 -5.3376 57.6601 0 0.711667 0 0 -0.702517 -20398.6 -248.812 31609.4 0.68247 0.0263447 0.729156 -0.0432591 
1576461759.909111 1576461760.517594 1.84112e-05 0.326248 0 1 0 0 2.80631e-06 -142.04 250.078 1882.15 1 0.000353503 0.000274443 0.00023793 -5.01138 57.6643 0 0.711669 0 0 -0.702515 -18495.8 -183.503 31622.5 0.682271 0.0264006 0.729365 -0.0428462 
1576461760.517594 1576461761.116464 -7.35968e-08 0.321638 0 1 0 0 1.69932e-05 -169.744 209.069 1869.76 1 0.000341986 0.000320153 0.000645363 -4.68977 57.6685 0 0.711681 0 0 -0.702503 -16607.4 -156.326 31664.1 0.682056 0.0261495 0.729615 -0.0421649 
1576461761.116464 1576461761.717998 -0.00169727 0.324199 0 0.999972 0 0 0.00748714 -303.01 170.93 1900.51 0.999967 0.00211675 -0.00773239 0.00133784 -4.36562 57.6744 0 0.716921 0 0 -0.697155 -14683 -165.099 31836.4 0.687676 0.0269423 0.724441 -0.0395044 
1576461761.717998 1576461762.321982 -0.00604724 0.319297 0 0.999767 0 0 0.0215747 -666.157 175.82 1836.98 0.999749 0.00234156 -0.0222501 0.00108683 -4.04662 57.6894 0 0.731795 0 0 -0.681525 -12805 -153.107 32404.2 0.703602 0.0286374 0.70908 -0.0364513 
1576461762.321982 1576461763.025516 -0.0120653 0.343407 0 0.999386 0 0 0.0350502 -1024.3 168.177 2026.24 0.999381 0.000113627 -0.0351586 0.00129198 -3.70493 57.7258 0 0.755233 0 0 -0.655457 -10763.5 -161.111 33411.8 0.728141 0.0290651 0.683945 -0.0344323 
1576461763.025516 1576461763.729681 -0.0107523 0.320999 0 0.999408 0 0 0.0344152 -952.468 233.796 1889.47 0.999385 0.00136793 -0.0350472 -8.90514e-05 -3.38864 57.7816 0 0.777343 0 0 -0.629077 -8923.46 -87.3418 34479.9 0.75162 0.0313109 0.658049 -0.0325217 
1576461763.729681 1576461764.334896 -0.0107109 0.304177 0 0.999385 0 0 0.0350625 -1014.01 238.271 1752.4 0.999421 0.00135855 -0.034006 -0.000243575 -3.09339 57.8555 0 0.798922 0 0 -0.601435 -7305.76 0.25846 35717.3 0.773512 0.0335801 0.632145 -0.0307272 
1576461764.334896 1576461765.036853 -0.0160894 0.372572 0 0.999066 0 0 0.0432007 -1249.4 209.925 2182.12 0.999098 5.67378e-05 -0.0424359 0.0017754 -2.7398 57.974 0 0.824158 0 0 -0.566359 -5405.88 17.5308 37377.7 0.799692 0.0337753 0.598811 -0.0278653 
1576461765.036853 1576461765.640546 -0.0088821 0.28805 0 0.999527 0 0 0.0307487 -913.615 209.873 1688 0.999552 0.000695445 -0.0299273 -4.9168e-05 -2.47407 58.0856 0 0.841183 0 0 -0.54075 -4031.56 82.8423 38732.3 0.81723 0.0351797 0.574628 -0.0264649 
1576461765.640546 1576461766.546432 -0.0119039 0.336429 0 0.999374 0 0 0.0353883 -1005.75 291.001 1943.96 0.999351 0.00118396 -0.0359893 -0.000487609 -2.17295 58.2361 0 0.859793 0 0 -0.510643 -2525.19 204.654 40342.1 0.837326 0.0373571 0.544858 -0.0248998 
1576461766.546432 1576461769.366858 -0.00310532 0.191324 0 0.999751 0 0 0.0223218 -431.806 125.019 829.074 0.999869 0.000526826 -0.016147 -0.00032857 -2.00644 58.3304 0 0.870977 0 0 -0.491324 -1934.84 255.234 41075.8 0.845986 0.0383744 0.531267 -0.0242814 
1576461769.366858 1576461771.880699 -0.0017062 -0.151458 0 0.999979 0 0 -0.00652517 237.175 -151.23 -1331.93 0.999984 -0.000993238 0.00537384 0.00109131 -2.13695 58.2535 0 0.867753 0 0 -0.496997 -3038.98 225.399 40280.1 0.843183 0.0368233 0.535823 -0.0240917 
1576461771.880699 1576461772.690053 0.00295802 -0.328472 0 0.999919 0 0 0.0127304 -119.684 -276.807 -1942.45 0.999895 0.000427753 -0.0144747 2.35539e-05 -2.41877 58.0847 0 0.874009 0 0 -0.485909 -4863.71 120.574 39556.6 0.850835 0.0375162 0.523573 -0.0233071 
1576461772.690053 1576461773.594789 0.00889723 -0.321058 0 0.999562 0 0 0.0296015 -526.88 -265.946 -1816.68 0.9995 0.000662032 -0.031611 -0.000472017 -2.68678 57.9077 0 0.88801 0 0 -0.459825 -6737.54 16.1794 39200.9 0.866925 0.0390446 0.496413 -0.0221645 
1576461773.594789 1576461775.908364 0.00127492 -0.133008 0 0.999982 0 0 0.00595973 -137.35 59.8817 -288.872 0.999967 0.00198627 -0.0078648 -0.000964339 -2.79466 57.8299 0 0.890734 0 0 -0.454524 -7050.57 101.686 39176.5 0.870701 0.0414183 0.489585 -0.0217067 
1576461775.908364 1576461777.619678 -0.0011113 0.179402 0 0.999951 0 0 0.00994884 -468.583 131.53 1542.29 0.999873 0.00105303 -0.0158546 0.000765515 -2.65005 57.9361 0 0.895212 0 0 -0.44564 -5971.65 87.33 40381.2 0.878326 0.0422993 0.475773 -0.0198652 
1576461777.619678 1576461778.323718 -0.0146311 0.392222 0 0.999352 0 0 0.0359963 -1048.91 200.845 2261.25 0.999428 0.00127927 -0.0337378 0.00168516 -2.34592 58.1842 0 0.910674 0 0 -0.413127 -4643.69 70.9167 42500.1 0.893855 0.0432672 0.445965 -0.016338 
1576461778.323718 1576461778.729041 -0.00541486 0.287336 0 0.999825 0 0 0.0187273 -577.599 225.184 1719.08 0.999831 0.000399658 -0.0183583 0.000865683 -2.13328 58.3775 0 0.918251 0 0 -0.396 -3607.85 131.696 44004.4 0.901888 0.043531 0.429524 -0.0145889 
1576461778.729041 1576461779.232671 -0.00814168 0.366864 0 0.999765 0 0 0.0216822 -728.909 282.763 2158.17 0.999775 -0.000338642 -0.0211898 0.00016794 -1.87207 58.6353 0 0.926621 0 0 -0.375997 -2380.15 208.684 45942.4 0.910804 0.0434528 0.410319 -0.0136572 
1576461779.232671 1576461779.734997 -0.00693247 0.314487 0 0.999745 0 0 0.0225629 -726.109 223.445 1915.36 0.999723 0.000190697 -0.0235276 0.000183721 -1.6579 58.8657 0 0.934869 0 0 -0.354994 -1418.62 250.299 47764.4 0.9202 0.0438604 0.388787 -0.0123855 
1576461779.734997 1576461780.340327 -0.00847011 0.332514 0 0.999678 0 0 0.025377 -759.775 199.005 1959.32 0.999677 0.000292237 -0.0254158 0.000243893 -1.44353 59.12 0 0.943576 0 0 -0.331156 -537.336 262.856 49682.4 0.929774 0.0443351 0.365288 -0.0109287 
1576461780.340327 1576461780.941345 -0.00707356 0.315282 0 0.999759 0 0 0.0219572 -712.842 199.059 1834.78 0.999779 0.000158783 -0.0209834 0.00126132 -1.25202 59.3705 0 0.95062 0 0 -0.310357 195.258 286.567 51520.1 0.93724 0.0442415 0.345755 -0.00876524 
1576461780.941345 1576461781.552369 -0.00996696 0.33789 0 0.999495 0 0 0.0317753 -903.581 246.486 2000.02 0.999492 0.00161609 -0.0318353 0.000678256 -1.06069 59.6492 0 0.960002 0 0 -0.279994 814.128 341.269 53639.4 0.947705 0.0457782 0.315786 -0.00615788 
1576461781.552369 1576461782.149772 -0.0121787 0.324696 0 0.999303 0 0 0.0373268 -1074.85 199.801 1925.94 0.99929 0.00210977 -0.037617 0.000699501 -0.896407 59.9295 0 0.969784 0 0 -0.243966 1113.51 347.085 55833.6 0.958819 0.0477559 0.279957 -0.00310231 
1576461782.149772 1576461782.752396 -0.0110157 0.320299 0 0.999438 0 0 0.033526 -970.501 224.977 1938.9 0.999413 0.00181424 -0.0342125 -0.000225244 -0.75455 60.2169 0 0.977418 0 0 -0.211315 1342.85 369.925 58001.3 0.967747 0.0496366 0.246984 -0.0011747 
1576461782.752396 1576461783.358952 -0.0092739 0.311408 0 0.999573 0 0 0.0292274 -898.874 225.611 1817.86 0.999553 0.00174863 -0.0298375 5.09882e-05 -0.634357 60.5044 0 0.983177 0 0 -0.182658 1428.48 398.73 60039.7 0.974597 0.0513291 0.218003 0.000788086 
1576461783.358952 1576461784.063034 -0.0119399 0.372206 0 0.999511 0 0 0.0312611 -947.414 294.739 2192.68 0.99951 0.00159872 -0.0312508 0.000661685 -0.511815 60.856 0 0.988406 0 0 -0.151833 1509.17 450.631 62444.5 0.98085 0.0526932 0.187472 0.00338518 
1576461784.063034 1576461784.666366 -0.00738048 0.317441 0 0.999734 0 0 0.0230549 -713.09 234.786 1912.74 0.999724 0.00158413 -0.0234364 0.000546128 -0.423577 61.161 0 0.991644 0 0 -0.129005 1553.42 469.995 64498.8 0.984887 0.0540507 0.164456 0.00545183 
1576461784.666366 1576461785.275828 -0.00726084 0.325929 0 0.999775 0 0 0.0212182 -645.792 216.004 1951.19 0.999782 0.000813409 -0.020833 0.00081974 -0.347205 61.478 0 0.994158 0 0 -0.107935 1577.34 462.068 66565.2 0.988051 0.0545917 0.143942 0.00751781 
1576461785.275828 1576461785.772979 -0.00597629 0.313675 0 0.999825 0 0 0.0187215 -591.572 246.978 1864.36 0.999822 0.000976874 -0.0188006 0.00102492 -0.285725 61.7856 0 0.996004 0 0 -0.0893044 1542.4 492.371 68536.2 0.99052 0.0552583 0.125389 0.00969611 
1576461785.772979 1576461786.276274 -0.00707563 0.369966 0 0.999832 0 0 0.0183489 -620.128 266.94 2242.76 0.999818 0.000561841 -0.0190156 -0.00116743 -0.226872 62.1509 0 0.997475 0 0 -0.0710138 1499.97 497.066 70878 0.992705 0.0557668 0.106461 0.00965921 
1576461786.276274 1576461786.679716 -0.0056277 0.34591 0 0.999873 0 0 0.015927 -553.154 265.07 1973.05 0.99988 0.000675273 -0.0154807 -0.000291981 -0.183438 62.4942 0 0.99848 0 0 -0.055118 1376.68 528.864 72940.2 0.994199 0.056312 0.0910576 0.0103034 
1576461786.679716 1576461786.981384 -0.00281695 0.281345 0 0.999955 0 0 0.009437 -369.93 182.927 1642.71 0.999959 9.55933e-05 -0.00900763 -0.000800561 -0.155271 62.7741 0 0.998956 0 0 -0.0456929 1310.43 518.367 74632.7 0.994981 0.0563848 0.0820524 0.010023 
1576461786.981384 1576461787.383154 -0.00503391 0.423169 0 0.999929 0 0 0.0119355 -456.309 306.247 2388.04 0.999933 0.000480509 -0.0115877 0.000373653 -0.121653 63.196 0 0.99943 0 0 -0.0337666 1249.7 545.263 77082.2 0.995834 0.0567123 0.0705336 0.0110869 
1576461787.383154 1576461787.586275 -0.00106607 0.225661 0 0.999991 0 0 0.00435028 -230.989 155.882 1326.09 0.999989 0.000626734 -0.00463734 -0.000354259 -0.107485 63.4212 0 0.999567 0 0 -0.0294185 1206.83 545.445 78436.6 0.996119 0.0573094 0.0658878 0.0110412 
1576461787.586275 1576461787.886647 -0.00248801 0.365317 0 0.999976 0 0 0.0068784 -332.349 273.027 2108.18 0.999977 0.00123771 -0.00658401 0.000796572 -0.0884842 63.786 0 0.999746 0 0 -0.0225423 1152.9 569.159 80587.4 0.99645 0.0584158 0.0593598 0.0122933 
1576461787.886647 1576461788.188616 -0.0027769 0.389297 0 0.999977 0 0 0.00684925 -322.751 286.804 2243.35 0.99998 0.00078908 -0.00624431 0.000114437 -0.0737114 64.1751 0 0.999877 0 0 -0.0156943 1096.09 585.884 82871.2 0.996754 0.0591174 0.0531335 0.0128187 
1576461788.188616 1576461788.390358 -0.000840103 0.273591 0 0.999996 0 0 0.00289581 -189.881 200.099 1607.72 0.999995 0.000408517 -0.00308307 0.000876045 -0.0659646 64.4485 0 0.999918 0 0 -0.0127988 1076.22 591.193 84502.2 0.996877 0.0594382 0.0501067 0.0138958 
1576461788.390358 1576461788.591340 -0.000646293 0.283502 0 0.999997 0 0 0.00231868 -187.238 212.851 1631.3 0.999996 0.000353331 -0.00254906 0.000625996 -0.0593543 64.732 0 0.999945 0 0 -0.0104803 1051.03 605.109 86157.7 0.996971 0.0597234 0.0475977 0.014689 
1576461788.591340 1576461788.899245 -0.00200272 0.456031 0 0.999991 0 0 0.00426538 -294.629 333.908 2571.01 0.999991 0.000314474 -0.00425426 -0.000823511 -0.0517984 65.1879 0 0.999981 0 0 -0.00621501 998.496 623.612 88766.4 0.997158 0.0600131 0.0433021 0.0141369 
1576461788.899245 1576461789.095904 -0.000598142 0.303624 0 0.999998 0 0 0.00193245 -194.936 227.5 1762.38 0.999997 0.000223135 -0.00212155 -0.000848459 -0.0486226 65.4915 0 0.999991 0 0 -0.00428258 954.323 634.101 90553.5 0.997246 0.0602422 0.0411324 0.0134278 
1576461789.095904 1576461789.295889 -0.000442537 0.308292 0 0.999999 0 0 0.00128157 -205.145 235.858 1805.91 0.999999 -0.000178445 -0.00130253 -0.000199463 -0.0464245 65.7998 0 0.999995 0 0 -0.00300103 895.873 646.663 92385.3 0.997312 0.0600549 0.0398238 0.0133 
1576461789.295889 1576461789.496973 -0.000223402 0.312424 0 1 0 0 0.000679481 -131.138 251.618 1814.33 0.999999 -0.000433235 -0.000909819 0.000658905 -0.0447727 66.1122 0 0.999997 0 0 -0.00232155 906.743 676.859 94221.4 0.997364 0.0595844 0.0389617 0.0139945 
1576461789.496973 1576461789.698168 -0.000277526 0.315381 0 1 0 0 0.000821721 -160.512 232.566 1822.47 1 -0.000485369 -0.000617435 0.000201755 -0.0435859 66.4276 0 0.999999 0 0 -0.00149983 886.047 687.835 96065.5 0.997414 0.0590838 0.0383647 0.0142136 
1576461789.698168 1576461789.899108 -0.000128046 0.319622 0 1 0 0 0.000362253 -149.063 240.401 1867.94 1 -0.000422551 -0.000526247 0.000439654 -0.0427552 66.7472 0 0.999999 0 0 -0.00113757 877.849 703.435 97954.7 0.997453 0.058638 0.0378718 0.014667 
1576461789.899108 1576461790.099858 -0.000106582 0.326824 0 1 0 0 0.000341971 -162.707 237.927 1889.64 1 -0.000117593 -0.000358922 -0.000400809 -0.0421182 67.0741 0 1 0 0 -0.000795603 855.788 715.196 99866 0.997479 0.0585306 0.037492 0.0142838 
1576461790.099858 1576461790.301172 -0.000234793 0.33475 0 1 0 0 0.000571188 -160.96 235.068 1914.3 1 0.000332438 -0.000244626 -0.00019919 -0.0418204 67.4088 0 1 0 0 -0.000224415 836.06 721.789 101801 0.997472 0.0588662 0.0372316 0.0141119 
1576461790.301172 1576461790.502100 -8.54895e-05 0.363501 0 1 0 0 0.000346272 -173.512 228.146 1967.96 1 3.96283e-05 -0.000151371 -0.000282697 -0.0417427 67.7723 0 1 0 0 0.000121857 807.115 713.579 103790 0.997479 0.0589141 0.0370634 0.0138403 
1576461790.502100 1576461790.706009 -7.32601e-05 0.353423 0 1 0 0 0.000100273 -170.626 242.521 2045.21 1 -4.87615e-05 -0.000174845 -7.70659e-06 -0.0419021 68.1257 0 1 0 0 0.00022213 785.944 710.59 105856 0.997488 0.0588633 0.0368892 0.0138411 
1576461790.706009 1576461790.904887 9.24235e-05 0.365565 0 1 0 0 -0.000145454 -160.608 271.133 2070.04 1 0.000327138 9.06521e-05 3.73604e-05 -0.0419721 68.4913 0 1 0 0 7.66762e-05 775.24 733.635 107950 0.997465 0.0591895 0.0369773 0.0138851 
1576461790.904887 1576461791.106213 -0.000122263 0.382189 0 1 0 0 0.000231241 -161.682 267.674 2193.84 0.999999 0.00104796 -0.000137256 -0.000361577 -0.042153 68.8735 0 1 0 0 0.000307917 773.259 737.35 110166 0.997412 0.0602462 0.0368044 0.0135713 
1576461791.106213 1576461791.207004 8.91046e-06 0.196534 0 1 0 0 -8.22916e-05 -97.1549 142.548 1110.21 1 0.000336369 0.000251826 0.00026698 -0.0422651 69.07 0 1 0 0 0.000225626 756.502 743.433 111289 0.997379 0.0605753 0.0370671 0.0138348 
1576461791.207004 1576461791.407773 2.11405e-05 0.400925 0 1 -0 0 -0.000256026 -174.543 314.183 2318.98 1 0.000331663 0.000478719 0.000499117 -0.0424249 69.471 0 1 -0 0 -3.03999e-05 750.598 771.758 113636 0.997334 0.0608942 0.0375702 0.0143159 
1576461791.407773 1576461791.615198 2.29132e-05 0.410529 0 1 -0 0 -0.000601248 -193.976 153.226 2247.27 0.999987 0.00514913 0.000663382 4.57487e-05 -0.042377 69.8815 0 1 -0 0 -0.000631648 725.903 646.813 115893 0.996982 0.0660366 0.0381604 0.0145144 
1576461791.615198 1576461791.723264 0.000246055 0.22374 0 1 -0 0 -0.000859095 -68.7774 215.286 1171.5 0.999991 -0.00394551 0.000313351 0.00117894 -0.0418483 70.1052 0 0.999999 -0 0 -0.00149074 743.595 704.834 117085 0.997205 0.062062 0.0386076 0.0155184 
1576461791.723264 1576461791.914727 0.000153728 0.38612 0 1 0 0 -0.000236703 -207.506 421.144 2415.27 0.999994 -0.00293309 0.000259088 -0.00171958 -0.0405433 70.4913 0 0.999999 0 0 -0.00172745 716.418 819.054 119542 0.997397 0.0592071 0.0388045 0.0136742 
1576461791.914727 1576461792.015162 -1.10834e-06 0.20951 0 1 -0 0 -7.10719e-05 -114.399 149.623 1215.06 0.999999 -0.000236868 0.000378214 -0.00143113 -0.0398206 70.7008 0 0.999998 -0 0 -0.00179852 695.035 821.71 120772 0.997415 0.0590315 0.0391002 0.0122152 
1576461792.015162 1576461792.216313 0.000196508 0.423397 0 1 -0 0 -0.000599749 -187.566 299.399 2429.28 0.999999 -0.000465209 0.000524319 0.000853354 -0.0381011 71.1242 0 0.999997 -0 0 -0.00239826 695.168 829.75 123227 0.997411 0.0585405 0.0396792 0.0130172 
1576461792.216313 1576461792.316798 6.67422e-05 0.213347 0 1 -0 0 -0.00032055 -82.023 157.587 1224.68 1 -0.000251791 0.000289255 0.000283552 -0.0370111 71.3376 0 0.999996 -0 0 -0.00271881 708.875 841.942 124464 0.997411 0.0582819 0.0399876 0.0132731 
1576461792.316798 1576461792.519443 0.00019883 0.428352 0 1 -0 0 -0.000440877 -162.183 339.411 2520.73 0.999998 -0.00158378 -9.24078e-06 -0.00141394 -0.034483 71.7659 0 0.999995 -0 0 -0.00315969 744.837 883.488 127012 0.99752 0.0567585 0.0399169 0.0118 
1576461792.519443 1576461792.619505 5.26821e-05 0.21496 0 1 0 0 -0.000192028 -88.5862 145.414 1241.65 0.999999 -0.00122566 -2.48309e-05 -0.000728478 -0.033072 71.9809 0 0.999994 0 0 -0.00335172 754.337 886.008 128265 0.997598 0.0555646 0.0398652 0.0110258 
1576461792.619505 1576461792.821081 0.000328856 0.41621 0 1 -0 0 -0.000479091 -228.018 327.289 2461.75 0.999996 -0.00249457 0.000516873 -0.0010759 -0.0299531 72.3971 0 0.999993 -0 0 -0.0038308 720.17 934.42 130758 0.997724 0.0531244 0.0403484 0.00982428 
1576461792.821081 1576461793.020699 6.62246e-05 0.430895 0 1 0 0 0.000310649 -212.399 271.478 2487.54 0.999995 -0.00306648 -0.000244743 0.00121407 -0.0265855 72.828 0 0.999994 0 0 -0.00352016 707.222 937.514 133270 0.997879 0.0500132 0.0401986 0.0109248 
