groundtruth: cam2wheel_ryp.roll = 0.413635, cam2wheel_ryp.yaw = -3.10907, cam2wheel_ryp.pitch = -6.59755, cam2wheel_xyz.x = 1.89726, cam2wheel_xyz.y = -0.265, cam2wheel_xyz.z = 1.31122
from_timestamp to_timestamp delta_pos_wheel delta_q_wheel delta_pos_cam delta_q_cam pos_wheel q_wheel pos_cam q_cam 
1572160519.115165 1572160543.212661 -0.00242757 0.667597 0 0.999997 0 0 0.00231172 -280.812 425.585 5692.46 0.999999 0.00154669 -0.000193463 -0.000611926 -0.00242757 0.667597 0 0.999997 0 0 0.00231172 13554.4 -1681.77 -238642 0.999398 0.0325057 0.0115064 0.00373107 
1572160543.212661 1572160543.812617 -0.00076034 0.667692 0 0.999999 0 0 0.00147991 -237.864 415.312 5215.39 1 -7.9212e-05 -0.000607542 -0.000628185 -0.00627492 1.33528 0 0.999993 0 0 0.00379162 13435.1 -1607.7 -233406 0.99941 0.0324315 0.0108791 0.0031221 
1572160543.812617 1572160544.412549 -0.000356452 0.752622 0 1 0 0 0.000615586 -276.966 444.89 5934.55 1 -7.43663e-05 -0.000650231 0.000250451 -0.0123386 2.08788 0 0.99999 0 0 0.0044072 13286 -1549.99 -227451 0.999418 0.0323524 0.0102376 0.00339268 
1572160544.412549 1572160544.912504 -0.000355156 0.662032 0 1 0 0 0.00027069 -174.524 384.174 5190.14 0.999999 0.000803847 -0.000734206 0.00118912 -0.0185291 2.74988 0 0.999989 0 0 0.00467789 13216.5 -1503.19 -222244 0.999395 0.0331411 0.00953956 0.00461309 
1572160544.912504 1572160545.412453 -0.000214836 0.69247 0 1 0 0 0.000465274 -253.274 466.538 5446.06 1 -8.98897e-05 -0.00014293 -0.000188873 -0.0252225 3.44232 0 0.999987 0 0 0.00514316 13064.8 -1400.48 -216775 0.9994 0.0330524 0.00939087 0.00442821 
1572160545.412453 1572160545.812421 -0.00036468 0.572602 0 1 0 0 0.000134038 -179.35 358.213 4494.66 1 0.00046298 0.000277111 -0.000242433 -0.031477 4.01488 0 0.999986 0 0 0.0052772 12968.2 -1341.32 -212264 0.999383 0.0335186 0.00965775 0.00418111 
1572160545.812421 1572160546.312376 0.000290612 0.704649 0 1 -0 0 -0.000694322 -202.246 440.853 5597.44 0.999999 -0.000743656 0.000678861 -0.00019659 -0.0386235 4.7195 0 0.999989 0 0 0.00458288 12872.2 -1277.85 -206647 0.999401 0.0327801 0.0103327 0.0039547 
1572160546.312376 1572160546.812331 0.000451463 0.666113 0 1 0 0 -0.000633743 -210.514 412.35 5314.97 0.999998 -0.00119184 0.00176938 -0.000299246 -0.0442774 5.38559 0 0.999992 0 0 0.00394915 12769.9 -1216.02 -201313 0.999421 0.031599 0.0120959 0.00358531 
1572160546.812331 1572160547.312283 4.52372e-05 0.626943 0 1 0 0 -0.000107978 -133.25 370.233 4932.04 0.999999 0.000760383 0.000550328 0.00110554 -0.0491839 6.01251 0 0.999993 0 0 0.00384117 12754.7 -1158.68 -196366 0.999385 0.0323475 0.0126781 0.00468201 
1572160547.312283 1572160547.812236 0.000519248 0.599363 0 1 0 0 -0.000677549 -178.635 360.391 4751.67 1 -0.00038412 0.000727478 -9.99709e-05 -0.0532692 6.61186 0 0.999995 0 0 0.00316362 12694.9 -1107.53 -191598 0.999389 0.0319683 0.0134037 0.0045537 
1572160547.812236 1572160548.413353 0.000213565 0.684969 0 1 -0 0 -0.00032638 -225.815 436.847 5476.9 0.999999 -0.000722605 0.000517445 -0.000516526 -0.0573895 7.29682 0 0.999996 0 0 0.00283725 12613.9 -1023.13 -186100 0.999407 0.0312554 0.0139076 0.00401126 
1572160548.413353 1572160549.711765 -0.000140081 0.628384 0 0.999999 0 0 0.00104513 -218.849 360.412 4589.07 1 0.000567969 0.000158603 -0.000464484 -0.0610954 7.92519 0 0.999992 0 0 0.00388237 12521.3 -951.566 -181493 0.999388 0.0318301 0.0140493 0.00354999 
1572160549.711765 1572160580.909061 0.000125764 0.687707 0 1 0 0 -0.00018848 -265.196 391.956 5814.09 1 0.00046791 -0.000131654 5.43881e-05 -0.0663094 8.61288 0 0.999993 0 0 0.00369389 12418.4 -931.853 -175661 0.999375 0.0322965 0.0139178 0.00361511 
1572160580.909061 1572160582.209036 0.000197719 0.641871 0 1 -0 0 -0.000659211 -118.84 380.496 5124.12 0.999999 0.000939593 0.000518531 0.000219799 -0.0708537 9.25473 0 0.999995 0 0 0.00303468 12440.9 -883.386 -170522 0.999336 0.0332343 0.0144397 0.0038311 
1572160582.209036 1572160583.408899 0.00122776 0.655375 0 0.999999 0 0 -0.00162604 -148.257 427.32 5202.28 0.999998 0.00123139 0.00175031 0.000580845 -0.0736036 9.9101 0 0.999999 0 0 0.00140865 12441.3 -803.283 -165300 0.999265 0.0344631 0.0162034 0.00437116 
1572160583.408899 1572160584.508699 0.000657414 0.685467 0 0.999999 -0 0 -0.00102453 -182.201 410.785 5453.6 0.999999 0.000772419 0.00128341 0.000174846 -0.0748774 10.5956 0 1 0 0 0.000384117 12434.3 -770.133 -159828 0.999216 0.0352377 0.0174885 0.00451416 
1572160584.508699 1572160585.608587 0.000478793 0.676744 0 1 0 0 -0.00078097 -191.756 382.456 5416.68 0.999999 9.67379e-05 0.00105902 -0.000616834 -0.0749185 11.2723 0 1 0 0 -0.000396853 12430.8 -771.196 -154395 0.999196 0.0353499 0.0185245 0.00386218 
1572160585.608587 1572160586.608527 -4.71905e-05 0.622431 0 1 0 0 0.000764053 -166.87 384.875 4955.69 0.999999 -0.000855643 0.000675967 -0.000625363 -0.0744717 11.8947 0 1 0 0 0.000367199 12446.3 -738.177 -149421 0.999215 0.0345091 0.0191811 0.00319757 
1572160586.608527 1572160587.708386 -0.000522542 0.724085 0 0.999999 0 0 0.00122326 -282.406 463.326 5785.09 0.999999 -0.000482381 -0.000902247 4.09016e-05 -0.075526 12.6188 0 0.999999 0 0 0.00159046 12384.8 -676.396 -143612 0.999248 0.0340234 0.0182825 0.00326032 
1572160587.708386 1572160588.408316 -0.000810699 0.59109 0 0.999999 0 0 0.0014375 -229.541 381.119 4733.84 0.999999 -6.93146e-05 -0.0011571 0.000894003 -0.0782169 13.2099 0 0.999995 0 0 0.00302795 12327.5 -619.265 -138858 0.999268 0.033934 0.0171569 0.00419175 
1572160588.408316 1572160589.108293 -0.000799058 0.678563 0 0.999999 0 0 0.00116099 -260.896 385.166 5387.48 0.999999 -0.000406976 -0.000950337 -0.00121246 -0.0831252 13.8885 0 0.999991 0 0 0.00418893 12250.2 -602.084 -133451 0.999302 0.0335441 0.0161678 0.00300544 
1572160589.108293 1572160589.708267 -0.000226764 0.638817 0 1 0 0 0.00014478 -218.754 372.021 5084.86 1 0.000490473 -4.61298e-05 -0.000254214 -0.0887039 14.5272 0 0.999991 0 0 0.00433371 12195.1 -572.86 -128348 0.999287 0.0340382 0.0161117 0.00276088 
1572160589.708267 1572160590.408129 -0.000163244 0.733635 0 1 0 0 0.000506616 -248.719 426.612 5862.05 1 -6.62231e-05 -0.00069717 -0.000367294 -0.0952258 15.2609 0 0.999988 0 0 0.00484032 12134.5 -547.149 -122466 0.999301 0.033976 0.0154027 0.00241651 
1572160590.408129 1572160591.008098 -0.000465744 0.597119 0 1 0 0 0.000830511 -205.101 381.032 4778.89 1 -1.11273e-05 -0.000562851 0.000551596 -0.101472 15.8579 0 0.999984 0 0 0.00567082 12075.9 -492.359 -117668 0.999308 0.033955 0.014859 0.00298667 
1572160591.008098 1572160648.602374 -0.000292718 0.652418 0 1 0 0 0.000378829 -196.62 402.217 4906.37 0.999999 0.000684014 -0.000706495 -0.000569907 -0.109164 16.5103 0 0.999982 0 0 0.00604964 12024.1 -424.975 -112742 0.999297 0.0346449 0.0141316 0.00245131 
1572160648.602374 1572160649.402296 0.00174774 0.698509 0 0.999996 -0 0 -0.00266647 -162.811 416.829 5524.66 0.999996 -0.000320282 0.00267078 -0.000286607 -0.115868 17.2088 0 0.999994 0 0 0.00338321 12016.7 -392.259 -107199 0.999267 0.0343353 0.0167913 0.00206784 
1572160649.402296 1572160650.002238 0.0016608 0.721592 0 0.999998 -0 0 -0.00208955 -146.364 405.099 5710.84 0.999996 -9.1146e-05 0.00278555 -7.38338e-05 -0.119089 17.9304 0 0.999999 0 0 0.00129366 12061.7 -380.376 -101472 0.99922 0.0342511 0.0195724 0.00189688 
1572160650.002238 1572160650.502178 0.000899535 0.696241 0 0.999999 -0 0 -0.00144025 -126.244 451.192 5530.79 0.999998 0.000200834 0.00189328 -0.00015392 -0.119991 18.6266 0 1 -0 0 -0.00014659 12151.5 -309.058 -95922.8 0.999174 0.0344583 0.0214585 0.00168216 
1572160650.502178 1572160650.902161 0.000738839 0.610989 0 0.999999 -0 0 -0.00128305 -158.165 377.271 4851.45 0.999999 0.000812753 0.00146092 -0.00037772 -0.119073 19.2376 0 0.999999 -0 0 -0.00142964 12201.3 -267.169 -91054.5 0.999114 0.0352809 0.0229038 0.00127185 
1572160650.902161 1572160651.302106 0.000760996 0.600258 0 1 0 0 -0.000478931 -146.203 -9.03663 4569.47 0.999928 0.0119619 0.00111929 -0.000621494 -0.116596 19.8379 0 0.999998 0 0 -0.00190857 12264.8 -598.669 -86495.2 0.998595 0.0472453 0.0239833 0.000885298 
1572160651.302106 1572160651.802061 0.000283359 0.764031 0 1 -0 0 -0.000620944 -222.097 1173.25 6342.8 0.999864 -0.0164685 0.000889435 0.000410854 -0.113396 20.6019 0 0.999997 -0 0 -0.00252952 12347.9 -29.7799 -80066.6 0.999215 0.0307844 0.0249022 0.000858463 
1572160651.802061 1572160652.202021 0.000700713 0.64689 0 0.999999 0 0 -0.00116471 -177.357 110.824 5052.4 0.999989 0.0042967 0.00127429 -0.00118402 -0.109423 21.2488 0 0.999993 0 0 -0.00369422 12422.5 -230.353 -75014.4 0.999042 0.035108 0.0261351 -0.000256863 
1572160652.202021 1572160652.601986 0.000799691 0.649682 0 0.999999 -0 0 -0.00116828 -153.015 531.007 5194.38 0.999997 -0.00219958 0.00133721 -0.000423214 -0.103823 21.8984 0 0.999988 -0 0 -0.00486249 12542.1 -65.3051 -69794.7 0.99908 0.0329211 0.0274555 -0.000784103 
1572160652.601986 1572160653.001943 0.00121147 0.606399 0 0.999994 -0 0 -0.0034225 -134.921 257.118 4968.45 0.999945 -0.0100099 0.00175045 0.00273116 -0.0967146 22.5048 0 0.999966 -0 0 -0.00828491 12680.5 -135.824 -64820.2 0.999309 0.0228422 0.0292849 0.00161213 
1572160653.001943 1572160653.501903 -0.00112575 0.604415 0 0.999999 0 0 0.00119859 -156.369 481.597 4757.96 0.999898 0.0142786 0.000491056 0.000508276 -0.0878255 23.1091 0 0.999975 0 0 -0.00708636 12802.3 127.789 -60044.2 0.998865 0.0370945 0.0297612 0.00252682 
1572160653.501903 1572160654.301821 0.000729273 0.666171 0 1 -0 0 -0.000440214 -221.192 324.819 5378.95 0.999994 -0.00331381 5.60532e-05 -0.00119091 -0.0776551 23.7752 0 0.999972 -0 0 -0.00752656 12901.4 52.3083 -54652.4 0.998983 0.0338198 0.0297812 0.00123654 
1572160654.301821 1572160655.401715 -0.000190872 0.637941 0 1 0 0 0.000579667 -214.96 358.434 5113.99 0.999999 0.000987902 -0.000112508 -0.000667135 -0.0682432 24.4131 0 0.999976 0 0 -0.00694691 12991.4 63.7769 -49522.1 0.998953 0.0348264 0.029645 0.000603308 
1572160655.401715 1572160656.801578 -0.000503611 0.66724 0 1 0 0 0.000888462 -211.531 380.386 5351.18 0.999999 0.00136157 4.35029e-05 0.000551091 -0.0594765 25.0803 0 0.999982 0 0 -0.00605846 13097.8 70.4053 -44154.3 0.998903 0.0361702 0.0297068 0.00119267 
1572160656.801578 1572160691.498057 -0.00160637 0.664051 0 0.99998 0 0 0.00629611 -335.27 382.735 5121.9 0.999972 0.0030486 -0.00663853 0.00162339 -0.0530366 25.7443 0 1 0 0 0.000237649 13067.4 80.8668 -39007.3 0.99896 0.0391583 0.0231298 0.00314493 
1572160691.498057 1572160692.197967 -0.0154331 0.752268 0 0.999765 0 0 0.0216761 -905.804 496.845 5988.1 0.999782 0.000504872 -0.0208609 0.00101224 -0.0688273 26.4966 0 0.99976 0 0 0.0219137 12438.6 101.237 -32963.4 0.999202 0.0395651 0.0023236 0.00498399 
1572160692.197967 1572160692.597917 -0.0106405 0.569915 0 0.999821 0 0 0.0188988 -880.824 346.644 4537.49 0.999836 5.78727e-05 -0.0181142 -0.000668681 -0.104429 27.0655 0 0.999167 0 0 0.040804 11577.3 79.182 -28409 0.999081 0.0395277 -0.0158033 0.00503185 
1572160692.597917 1572160692.997894 -0.0140214 0.651031 0 0.999761 0 0 0.0218394 -978.128 400.961 5173.82 0.999769 -0.0002955 -0.0214373 -0.00122754 -0.171489 27.7132 0 0.998038 0 0 0.0626155 10433.8 60.7916 -23253.6 0.99853 0.0390961 -0.0372643 0.00465632 
1572160692.997894 1572160693.397850 -0.0182851 0.710048 0 0.999654 0 0 0.0263163 -1114.02 486.315 5777.15 0.999655 -0.00300986 -0.0260839 0.00115677 -0.278377 28.4154 0 0.996044 0 0 0.0888585 8889.18 85.417 -17555.7 0.997325 0.0359988 -0.0632377 0.00694172 
1572160693.397850 1572160693.797795 -0.0241837 0.734324 0 0.999434 0 0 0.0336517 -1394.2 428.238 5912.77 0.999457 -0.00124689 -0.0328972 0.00124893 -0.432164 29.1338 0 0.99249 0 0 0.122327 6755.51 69.7892 -11851.7 0.994739 0.0345863 -0.0959589 0.00944665 
1572160693.797795 1572160694.097764 -0.0155388 0.551279 0 0.999582 0 0 0.0289239 -1217.2 360.702 4456.92 0.999592 -0.000186276 -0.0285568 -0.000212068 -0.581097 29.6648 0 0.988536 0 0 0.150982 4703.83 100.012 -7696.55 0.991602 0.0340968 -0.124332 0.0102374 
1572160694.097764 1572160694.497711 -0.0306916 0.729291 0 0.999096 0 0 0.0425049 -1755.42 384.549 5885.15 0.999131 -0.000281163 -0.0416731 0.00120776 -0.828085 30.3517 0 0.981226 0 0 0.192863 1544.95 49.8898 -2416.08 0.985556 0.0335119 -0.165503 0.012882 
1572160694.497711 1572160694.897682 -0.0316341 0.735208 0 0.999086 0 0 0.0427515 -1765.92 433.822 5887.23 0.999106 0.00143611 -0.0422227 0.00135237 -1.13563 31.0203 0 0.972083 0 0 0.234636 -2054.94 43.3545 2584.6 0.977621 0.0345772 -0.206941 0.0153806 
1572160694.897682 1572160695.197665 -0.0179098 0.55423 0 0.999496 0 0 0.0317465 -1287.04 342.577 4474.81 0.999492 0.000202266 -0.0318393 0.00106794 -1.40439 31.5053 0 0.964144 0 0 0.265378 -5052.18 33.6516 6164.29 0.970513 0.0344887 -0.237929 0.0174759 
1572160695.197665 1572160695.597625 -0.028823 0.716869 0 0.99919 0 0 0.0402491 -1680.33 532.212 5816.94 0.999194 0.000543648 -0.0401447 0.000507987 -1.796 32.1064 0 0.952682 0 0 0.303969 -9247.42 97.0716 10562 0.960151 0.0344078 -0.27669 0.01921 
1572160695.597625 1572160696.003089 -0.0251264 0.67771 0 0.999336 0 0 0.0364329 -1517.92 401.703 5396.03 0.999407 0.000956118 -0.0343894 -0.00138959 -2.20899 32.6444 0 0.940975 0 0 0.338476 -13414.2 56.5386 14332.7 0.95006 0.0342603 -0.309611 0.0187831 
1572160696.003089 1572160696.397571 -0.0148165 0.55706 0 0.99966 0 0 0.0260883 -1194.12 377.374 4750.19 0.999592 0.0002889 -0.0285421 0.000726108 -2.57526 33.0643 0 0.931824 0 0 0.362909 -17188.4 50.9947 17477.2 0.940812 0.0342095 -0.336582 0.0203537 
1572160696.397571 1572160696.997516 -0.0205561 0.669884 0 0.999518 0 0 0.0310581 -1428.8 429.826 5559.56 0.999492 0.00036284 -0.0318539 0.00136868 -3.04346 33.5439 0 0.920104 0 0 0.391675 -21831.9 23.6024 20879 0.929572 0.0343458 -0.36634 0.0225986 
1572160696.997516 1572160701.297123 -0.00965463 0.474585 0 0.999871 0 0 0.0160357 -800.186 214.388 3153.94 0.999834 0.000947428 -0.0182092 9.50209e-05 -3.39222 33.8659 0 0.913705 0 0 0.406379 -24574.1 -29.8303 22642.9 0.922712 0.0348441 -0.383224 0.0229615 
1572160701.297123 1572160704.796831 -0.0149121 -0.50476 0 0.999592 -0 0 -0.0285682 999.799 -318.142 -4770.24 0.999571 2.27962e-05 0.0292758 -0.00114687 -3.02736 33.5168 0 0.924941 0 0 0.38011 -20481.1 59.4872 19979.1 0.933561 0.0350829 -0.356087 0.0208646 
1572160704.796831 1572160705.196795 -0.00634135 -0.334843 0 0.999816 -0 0 -0.0191587 701.638 -225.36 -2769.33 0.999837 0.000252758 0.0180369 -0.000978626 -2.79642 33.2742 0 0.932054 0 0 0.36232 -18106.5 67.2336 18375 0.939843 0.035341 -0.33923 0.0192248 
1572160705.196795 1572160705.601149 -0.00845497 -0.383807 0 0.999757 -0 0 -0.0220647 815.431 -208.533 -3150.81 0.999747 -0.000830018 0.0224867 -0.000739145 -2.54343 32.9855 0 0.939821 0 0 0.341666 -15461.9 119.696 16467.2 0.947276 0.0347335 -0.31802 0.0180121 
1572160705.601149 1572160705.900958 -0.00577055 -0.309488 0 0.999821 -0 0 -0.0189053 671.776 -190.495 -2569.34 0.999819 -9.43926e-05 0.0190126 -0.000261913 -2.3491 32.7445 0 0.946113 0 0 0.323838 -13371 136.377 14819 0.953159 0.034897 -0.29996 0.0171304 
1572160705.900958 1572160706.197866 -0.00658658 -0.322829 0 0.999786 -0 0 -0.0206786 677.22 -194.021 -2670.15 0.999788 0.000172065 0.0206084 -2.96558e-05 -2.15648 32.4854 0 0.952607 0 0 0.304204 -11282 155.952 13013 0.959133 0.0353977 -0.280257 0.0163277 
1572160706.197866 1572160706.496659 -0.00736787 -0.334791 0 0.99975 -0 0 -0.0223498 790.916 -191.068 -2788.47 0.999767 -0.00046062 0.0215917 0.000418932 -1.96845 32.2083 0 0.959168 0 0 0.282837 -9110.04 189.408 11084.4 0.96497 0.0354176 -0.25946 0.0160905 
1572160706.496659 1572160706.796621 -0.00840916 -0.33403 0 0.999689 -0 0 -0.0249402 845.728 -221.869 -2813.72 0.999703 -0.000666364 0.0243496 0.000944897 -1.79428 31.9231 0 0.965924 0 0 0.258828 -6961.91 194.752 9067.75 0.971009 0.035401 -0.235842 0.016308 
1572160706.796621 1572160707.096674 -0.00631791 -0.304361 0 0.999781 -0 0 -0.0209185 702.861 -243.371 -2550.52 0.99977 0.000446847 0.0214297 -0.000800233 -1.64756 31.6564 0 0.971126 0 0 0.238565 -5160.62 157.611 7115.22 0.975837 0.0359875 -0.215015 0.0146632 
1572160707.096674 1572160707.496550 -0.00888383 -0.354541 0 0.999704 -0 0 -0.0243229 844.815 -235.15 -2926.77 0.999689 -5.64564e-05 0.0249374 -0.000710102 -1.49116 31.3381 0 0.976642 0 0 0.214874 -3158.82 158.293 4807.02 0.980908 0.0361342 -0.190638 0.0130804 
1572160707.496550 1572160707.896522 -0.00699725 -0.334039 0 0.999779 -0 0 -0.0210335 726.712 -213.579 -2743.07 0.999784 -0.000357659 0.0207323 -0.00108565 -1.35731 31.032 0 0.980945 0 0 0.194284 -1453.45 162.115 2528.9 0.984676 0.0358398 -0.170295 0.0113317 
1572160707.896522 1572160708.296481 -0.0073888 -0.344035 0 0.999772 -0 0 -0.0213365 742.031 -232.661 -2813.39 0.99978 -0.000939992 0.0209476 -0.000465157 -1.23301 30.7111 0 0.984867 0 0 0.17331 194.631 147.043 119.847 0.988066 0.0350645 -0.149637 0.0102805 
1572160708.296481 1572160708.596470 -0.00434236 -0.266535 0 0.999859 -0 0 -0.0168099 555.134 -154.614 -2165.64 0.999866 -0.000750313 0.016341 -0.000538729 -1.1461 30.4591 0 0.987641 0 0 0.15673 1368.37 155.019 -1789.16 0.99041 0.0344058 -0.133482 0.0092861 
1572160708.596470 1572160708.996429 -0.00859175 -0.370998 0 0.999733 -0 0 -0.0230911 776.94 -202.852 -3039.1 0.999754 0.000226232 0.0221364 -0.00124407 -1.03941 30.1037 0 0.990997 0 0 0.133883 2924.7 174.492 -4520.17 0.993125 0.0346609 -0.11157 0.00725986 
1572160708.996429 1572160709.296390 -0.00520282 -0.29459 0 0.999847 -0 0 -0.017496 622.035 -148.131 -2403.91 0.999846 -5.40233e-05 0.0175236 -0.000110867 -0.96626 29.8182 0 0.993188 0 0 0.116524 4065.97 200.283 -6730.26 0.994931 0.0347168 -0.0941533 0.00654729 
1572160709.296390 1572160709.596353 -0.00567197 -0.308565 0 0.999831 -0 0 -0.0183681 663.871 -186.111 -2472.07 0.99983 0.000326257 0.0184392 -0.000369882 -0.900357 29.5167 0 0.995161 0 0 0.0982611 5183.68 192.769 -9040.49 0.996489 0.0351214 -0.0758065 0.0055073 
1572160709.596353 1572160709.897917 -0.00616106 -0.321824 0 0.999828 -0 0 -0.0185614 720.805 -184.014 -2614.9 0.999824 -8.98901e-05 0.0187177 0.000795222 -0.84346 29.1999 0 0.996813 0 0 0.0797725 6293.21 198.509 -11522.4 0.997731 0.035189 -0.0571127 0.00564818 
1572160709.897917 1572160710.196325 -0.00508804 -0.337523 0 0.999901 -0 0 -0.0140692 488.506 -181.056 -2693.48 0.999896 0.000517085 0.0144256 -6.57523e-05 -0.794805 28.8659 0 0.997837 0 0 0.0657403 7087.16 212.324 -14148.4 0.998434 0.035779 -0.0427192 0.00504484 
1572160710.196325 1572160710.496283 -0.00408123 -0.350758 0 0.999933 -0 0 -0.0115557 423.402 -192.261 -2887.37 0.999932 0.000834198 0.011598 -0.000824836 -0.752833 28.5176 0 0.99853 0 0 0.0542052 7756.78 231.072 -16995.2 0.998835 0.0366327 -0.0311702 0.00377035 
1572160710.496283 1572160710.796257 -0.00401163 -0.352077 0 0.999935 -0 0 -0.0114192 449.101 -231.156 -2811.34 0.999935 0.000540582 0.0113981 -0.000781662 -0.718708 28.1672 0 0.999084 0 0 0.0427993 8381.54 209.295 -19782.3 0.999109 0.0371889 -0.019814 0.00255496 
1572160710.796257 1572160711.096213 -0.00312169 -0.317029 0 0.999951 -0 0 -0.00986251 453.29 -221.374 -2628.82 0.99995 0.00150285 0.00984867 -0.000202825 -0.694706 27.8511 0 0.999457 0 0 0.0329437 8939.51 185.799 -22400.2 0.999199 0.0387097 -0.0099845 0.00195615 
1572160711.096213 1572160711.496219 -0.00243449 -0.33693 0 0.999984 -0 0 -0.00563197 280.318 -270.846 -2778.07 0.999983 0.000855555 0.0057674 0.0005729 -0.674948 27.5147 0 0.999627 0 0 0.0273143 9276.05 131.659 -25184.7 0.999205 0.0395809 -0.00420104 0.00229676 
1572160711.496219 1572160711.996122 0.000801983 -0.339184 0 0.999995 0 0 0.00314248 62.5381 -181.072 -2717 0.999995 -0.000448221 -0.00304527 0.00037157 -0.655625 27.1761 0 0.999536 0 0 0.0304554 9361.79 166.386 -27906.9 0.999204 0.0391274 -0.00722813 0.00279044 
1572160711.996122 1572160712.496118 0.0011136 -0.305107 0 0.999994 0 0 0.00349837 -6.94592 -181.904 -2404.72 0.999996 -0.000454135 -0.00286778 0.000642202 -0.635937 26.8716 0 0.999423 0 0 0.033952 9390.17 173.135 -30318.3 0.999195 0.0386701 -0.0100672 0.00354761 
1572160712.496118 1572160712.996020 0.0004603 -0.309757 0 1 0 0 0.000541651 84.4375 -174.026 -2472.5 0.999999 -8.9847e-05 -0.000698298 0.000851119 -0.614457 26.5626 0 0.999405 0 0 0.0344933 9525.03 191.413 -32794.6 0.999188 0.0385864 -0.0107317 0.00442595 
1572160712.996020 1572160713.595967 -0.00245604 -0.347139 0 0.999965 -0 0 -0.00841632 373.321 -226.776 -2769.92 0.999963 -0.000123293 0.00855401 0.000665948 -0.592973 26.2161 0 0.99966 0 0 0.0260808 9958.9 182.166 -35565 0.999245 0.0385068 -0.002158 0.00476245 
1572160713.595967 1572160714.495887 -0.00410499 -0.315949 0 0.999918 -0 0 -0.0127673 487.548 -192.424 -2519.91 0.999913 -0.000374542 0.0131672 -0.00092128 -0.580598 25.9004 0 0.999911 0 0 0.0133157 10458.2 188.853 -38089.9 0.999205 0.0381899 0.0109658 0.00333523 
1572160714.495887 1572160716.995633 -0.00205468 -0.231266 0 0.999983 0 0 -0.00578542 233.248 -75.648 -1286.44 0.999979 -0.000303842 0.00638327 -0.000601701 -0.576493 25.6691 0 0.999972 0 0 0.00753059 10663.3 213.263 -39383.1 0.999128 0.0379134 0.0173218 0.00248683 
1572160716.995633 1572160719.695430 -0.000253037 0.134715 0 0.999997 -0 0 -0.00223895 208.563 120.735 1561.4 0.99995 0.00189798 0.0098532 -6.89123e-05 -0.578775 25.8038 0 0.999986 0 0 0.00529168 10925.7 216.801 -37825.2 0.998835 0.0398335 0.0271582 0.00207716 
1572160719.695430 1572160720.195319 0.00374144 0.307365 0 0.999928 -0 0 -0.0119958 330.014 172.228 2417.95 0.999936 -0.000106474 0.011293 0.000514611 -0.578287 26.1112 0 0.999978 -0 0 -0.00670436 11386.4 198.431 -35422.6 0.998468 0.0397341 0.038457 0.00213831 
1572160720.195319 1572160720.595280 0.00306502 0.316625 0 0.999957 -0 0 -0.00928985 208.322 198.814 2436.26 0.999954 0.00018802 0.00955445 -0.000443865 -0.570977 26.4278 0 0.999872 -0 0 -0.0159937 11781.4 205.234 -33001.4 0.998048 0.0399575 0.047977 0.00132262 
1572160720.595280 1572160720.995236 0.00227479 0.358267 0 0.999984 -0 0 -0.00561933 79.3564 196.176 2839.82 0.999984 -0.000451006 0.00559354 -0.000885027 -0.557244 26.7858 0 0.999766 -0 0 -0.0216121 12132.9 175.156 -30175.6 0.997783 0.0395566 0.0535241 0.000194157 
1572160720.995236 1572160721.395202 0.00168135 0.38568 0 0.999991 -0 0 -0.00433495 7.27133 250.619 3081.32 0.999991 0.000199621 0.00402547 -0.00100684 -0.538898 27.171 0 0.999663 -0 0 -0.0259458 12470.2 181.856 -27102.6 0.997551 0.0398101 0.0575003 -0.000958998 
1572160721.395202 1572160721.695165 0.000825927 0.306394 0 0.999997 -0 0 -0.00256163 -43.5339 193.42 2372.52 0.999995 -0.000523366 0.00297017 -0.000929357 -0.522179 27.477 0 0.999594 -0 0 -0.0285065 12700.3 185.847 -24732.9 0.997395 0.0393384 0.0604254 -0.00203441 
1572160721.695165 1572160721.995151 0.000577274 0.320364 0 0.999999 -0 0 -0.00164976 -26.0093 223.741 2552.38 0.999997 -0.000639402 0.00224689 -0.000564259 -0.503345 27.7968 0 0.999545 -0 0 -0.0301555 12983.6 207.958 -22186.4 0.997281 0.0387301 0.0626428 -0.00272422 
1572160721.995151 1572160722.295357 0.000495532 0.339083 0 0.999999 -0 0 -0.00129514 -80.4453 247.503 2697.8 0.999998 -0.0006565 0.00160221 -0.000666741 -0.48241 28.1352 0 0.999505 -0 0 -0.03145 13242.9 245.437 -19488.8 0.997202 0.0381127 0.0642129 -0.00349232 
1572160722.295357 1572160722.595076 0.000205525 0.353599 0 1 0 0 -0.000365188 -69.782 233.173 2775.26 0.999999 -0.000702246 0.000834258 0.000395293 -0.459974 28.4881 0 0.999494 0 0 -0.031815 13531.1 265.873 -16717.9 0.997176 0.0373841 0.0650574 -0.00317502 
1572160722.595076 1572160722.795064 2.66914e-05 0.242978 0 1 -0 0 -0.000270505 -28.3281 145.299 1957.22 0.999999 -0.000647318 -3.01928e-05 0.000851145 -0.444495 28.7306 0 0.999485 -0 0 -0.0320854 13758.1 264.072 -14768.3 0.997204 0.0366833 0.065057 -0.00236726 
1572160722.795064 1572160723.096963 -5.26516e-05 0.376506 0 1 0 0 0.000211002 -108.525 236.188 2980.99 1 -0.00054248 -0.000383184 0.000411196 -0.420399 29.1063 0 0.999492 0 0 -0.0318745 14039.1 280.604 -11789.3 0.99725 0.0361165 0.0646887 -0.00197845 
1572160723.096963 1572160723.395062 -0.000316896 0.384507 0 1 0 0 0.000719394 -130.888 220.102 3075.46 0.999999 -0.000436641 -0.000931724 -0.000362414 -0.396216 29.4901 0 0.999515 0 0 -0.0311555 14307.5 277.71 -8714.85 0.997324 0.0357063 0.0637455 -0.00233446 
1572160723.395062 1572160723.594983 -0.000204198 0.259215 0 1 0 0 0.000780131 -153.579 96.6941 2074.78 0.999999 -0.000672604 -2.18883e-05 -0.000770867 -0.380275 29.7488 0 0.999539 0 0 -0.0303757 14419.5 225.786 -6635.82 0.997348 0.0350847 0.0636946 -0.00314536 
1572160723.594983 1572160723.894960 -0.000343907 0.393907 0 1 0 0 0.000702665 -178.929 206.05 3198.78 1 -0.000409429 -0.000652424 -0.000458559 -0.356699 30.142 0 0.99956 0 0 -0.0296734 14650 206.505 -3433.76 0.997402 0.0347076 0.0630265 -0.00360589 
1572160723.894960 1572160724.094932 -0.000133399 0.267514 0 1 0 0 0.000607213 -87.4222 151.086 2122.83 1 4.59777e-05 -0.00031734 -0.000271509 -0.340963 30.409 0 0.999577 0 0 -0.0290664 14831.4 209.531 -1311.51 0.997419 0.0347717 0.0627007 -0.00386278 
1572160724.094932 1572160724.394912 -0.000238682 0.411522 0 1 0 0 0.000676719 -100.435 213.256 3232 0.999999 0.000490415 -0.00105539 -0.000327015 -0.317289 30.8199 0 0.999597 0 0 -0.02839 15137.7 196.851 1914.55 0.997466 0.0352854 0.0616385 -0.0041215 
1572160724.394912 1572160724.594901 -0.000333408 0.281156 0 0.999999 0 0 0.00132839 -125.685 187.253 2192.13 0.999999 0.000584236 -0.000970286 3.80065e-05 -0.301664 31.1006 0 0.999634 0 0 -0.0270621 15284.2 228.695 4113.14 0.997505 0.0358698 0.0606744 -0.00401334 
1572160724.594901 1572160724.799777 -0.000620318 0.287195 0 0.999998 0 0 0.0022201 -142.754 173.012 2270.3 0.999998 9.30635e-05 -0.00182739 -0.000449894 -0.286745 31.3874 0 0.999691 0 0 -0.0248428 15418.8 238.208 6390.51 0.997609 0.0359972 0.0588357 -0.00439091 
1572160724.799777 1572160725.094841 -0.00203424 0.440833 0 0.999988 0 0 0.00494731 -246.563 253.099 3504.71 0.999988 0.000400186 -0.00478479 0.000180325 -0.26688 31.8278 0 0.999802 0 0 -0.0198967 15587.6 238.23 9908.94 0.997865 0.0364064 0.0540699 -0.00401518 
1572160725.094841 1572160725.294827 -0.00131051 0.297649 0 0.99999 0 0 0.00440431 -232.421 158.17 2353.74 0.999993 0.000262188 -0.00371809 -0.00067672 -0.256348 32.1253 0 0.99988 0 0 -0.015493 15611.7 224.885 12279.2 0.998047 0.0367193 0.0503358 -0.00454089 
1572160725.294827 1572160725.494806 -0.00133091 0.298882 0 0.99999 0 0 0.00444523 -208.064 173.051 2343.39 0.999991 -6.89463e-05 -0.00427919 -0.000255081 -0.248418 32.424 0 0.999939 0 0 -0.0110482 15641.6 225.749 14638 0.998254 0.0366824 0.0460548 -0.00464177 
1572160725.494806 1572160725.694786 -0.00118975 0.300835 0 0.999992 0 0 0.00406116 -192.839 178.651 2395.42 0.99999 -0.00010479 -0.00442738 0.000751377 -0.242961 32.7248 0 0.999976 0 0 -0.00698719 15671.3 228.59 17047.6 0.998456 0.0365634 0.0416618 -0.00373408 
1572160725.694786 1572160725.894763 -0.00119819 0.304504 0 0.999993 0 0 0.00368925 -208.854 164.368 2417.87 0.999992 -0.000152261 -0.00405289 0.000264042 -0.239903 33.0293 0 0.999995 0 0 -0.00329798 15665.4 216.145 19480 0.998623 0.0364152 0.0376239 -0.00332857 
1572160725.894763 1572160726.194738 -0.00246783 0.461458 0 0.999986 0 0 0.00523014 -274.294 272.302 3661.49 0.999986 5.54555e-05 -0.00520268 0.000823123 -0.239328 33.4908 0 0.999998 0 0 0.00193218 15668.7 221.573 23161.9 0.998805 0.0364564 0.032458 -0.00231499 
1572160726.194738 1572160726.394712 -0.000990595 0.311242 0 0.999995 0 0 0.00302982 -188.105 205.179 2476.4 0.999996 -7.9196e-05 -0.00285779 -5.7341e-07 -0.241521 33.802 0 0.999988 0 0 0.00496199 15642.5 245.912 25653.6 0.998897 0.0363838 0.0296033 -0.00221394 
1572160726.394712 1572160726.594687 -0.000819239 0.314071 0 0.999996 0 0 0.00266844 -179.954 187.605 2468.83 0.999996 0.000318165 -0.00259023 -0.000841329 -0.245457 34.1161 0 0.999971 0 0 0.00763037 15609.8 253.651 28135.8 0.998956 0.0367321 0.0269859 -0.00295067 
1572160726.594687 1572160726.794744 -0.000862965 0.315431 0 0.999997 0 0 0.00248636 -227.455 205.739 2365.07 0.999998 0.000546614 -0.00199152 -6.05914e-05 -0.251133 34.4314 0 0.999949 0 0 0.0101166 15511.3 285.778 30518.5 0.998988 0.0372856 0.0249958 -0.00292329 
1572160726.794744 1572160726.994655 -0.000598482 0.316095 0 0.999998 0 0 0.00195406 -200.184 104.799 2414.98 0.999998 -8.18672e-05 -0.00203414 -2.97161e-05 -0.258127 34.7475 0 0.999927 0 0 0.0120706 15432.2 210.821 32941.5 0.999039 0.0372104 0.0229623 -0.00287917 
1572160726.994655 1572160727.194654 -0.000644889 0.316173 0 0.999998 0 0 0.0019594 -138.786 140.655 2448.5 0.999998 -0.00016723 -0.00213588 0.000192152 -0.266404 35.0635 0 0.999902 0 0 0.0140298 15406.4 169.277 35397.5 0.999093 0.037045 0.0208351 -0.00261156 
1572160727.194654 1572160727.394605 -0.00061774 0.316959 0 0.999998 0 0 0.00194695 -150.636 195.495 2452.69 0.999998 0.000452109 -0.00167989 0.000772824 -0.275914 35.3803 0 0.999872 0 0 0.0159765 15358.9 182.965 37862.1 0.999111 0.0374849 0.0191865 -0.00176778 
1572160727.394605 1572160727.596325 -0.000613623 0.318552 0 0.999998 0 0 0.00176175 -126.649 189.468 2494.37 0.999999 0.000169282 -0.00141268 -0.000223321 -0.286705 35.6987 0 0.999843 0 0 0.017738 15328.6 185.16 40366.7 0.999131 0.0376608 0.017767 -0.0019347 
1572160727.596325 1572160727.797208 -0.000383075 0.32001 0 0.999999 0 0 0.00110063 -133.699 209.584 2445.58 0.999999 -0.000104414 -0.000800057 0.000737464 -0.298439 36.0185 0 0.999823 0 0 0.0188385 15282.5 210.273 42824.3 0.99915 0.0375449 0.0169952 -0.0011696 
1572160727.797208 1572160727.994551 -0.000421535 0.322665 0 0.999999 0 0 0.00106735 -95.3213 186.083 2465.34 1 0.000329496 -0.00065722 -0.000266782 -0.311015 36.3409 0 0.999802 0 0 0.0199056 15271.4 210.87 45298.4 0.999148 0.0378794 0.0163289 -0.00140588 
1572160727.994551 1572160728.194537 1.28904e-05 0.322607 0 1 0 0 -8.3669e-05 -131.884 180.473 2478.3 0.999999 0.000412224 0.000196832 -0.00106742 -0.323843 36.6633 0 0.999804 0 0 0.019822 15221 203.325 47786.3 0.999127 0.0383084 0.0164857 -0.00247311 
1572160728.194537 1572160728.394503 5.70199e-05 0.324146 0 1 -0 0 -0.000372747 -82.248 165.807 2470.2 1 0.000211492 0.000577885 -0.000634055 -0.336634 36.9872 0 0.999811 0 0 0.0194493 15220.7 179.65 50263.3 0.999107 0.0385287 0.0170393 -0.00312526 
1572160728.394503 1572160728.594531 0.000485263 0.32433 0 0.999999 -0 0 -0.00133779 -67.2514 178.93 2434.56 0.999999 5.21168e-05 0.00122905 -4.14543e-05 -0.348762 37.3113 0 0.999836 0 0 0.0181118 15237.1 170.685 52705.3 0.999083 0.0385776 0.0182658 -0.00321314 
1572160728.594531 1572160728.794482 0.000496327 0.324051 0 0.999999 -0 0 -0.00158335 -47.8906 175.049 2470.89 0.999999 -0.00037078 0.0010352 -0.000343698 -0.360003 37.6351 0 0.999863 0 0 0.0165286 15280.2 154.692 55182.4 0.999077 0.0382101 0.0192856 -0.00360323 
1572160728.794482 1572160728.994456 0.000473847 0.32482 0 0.999999 -0 0 -0.00152388 -68.544 202.863 2484.84 0.999998 -0.000303893 0.00171857 0.0010273 -0.370265 37.9598 0 0.999887 0 0 0.0150049 15308.6 167.288 57676.2 0.999057 0.0378804 0.0210407 -0.0026484 
1572160728.994456 1572160729.294441 0.000941947 0.487736 0 0.999999 -0 0 -0.00156474 -56.2443 257.008 3681.45 0.999998 -5.4478e-05 0.00160416 0.000745041 -0.383959 38.4473 0 0.99991 0 0 0.0134404 15408.2 144.706 61365.7 0.999026 0.037806 0.0226714 -0.00196597 
1572160729.294441 1572160729.494412 0.00026233 0.325701 0 1 -0 0 -0.000804557 -60.3686 185.553 2469.1 0.999999 0.000921169 0.000818599 -1.58528e-05 -0.392451 38.7729 0 0.99992 0 0 0.0126359 15460.4 143.129 63841.9 0.998972 0.038725 0.0234904 -0.00199187 
1572160729.494412 1572160729.694397 0.00026048 0.325666 0 1 -0 0 -0.000804095 -73.3358 211.671 2484.91 1 0.000220266 0.0004951 -0.000147614 -0.40042 39.0985 0 0.99993 0 0 0.0118318 15504.6 161.831 66336.4 0.998951 0.0389475 0.0239797 -0.00215333 
1572160729.694397 1572160729.901324 0.000216759 0.326934 0 1 -0 0 -0.000558858 -114.775 174.62 2500.22 1 -0.000254694 0.000529478 -0.00056163 -0.407939 39.4253 0 0.999936 0 0 0.011273 15510.4 141.39 68845.3 0.998947 0.0387054 0.0244862 -0.0027411 
1572160729.901324 1572160730.094350 -8.95838e-05 0.328375 0 1 0 0 0.000404847 -116.697 222.293 2530.29 1 -0.000338091 -0.00022386 -0.00056448 -0.415432 39.7536 0 0.999932 0 0 0.0116778 15518.7 167.426 71387.9 0.998964 0.0383821 0.0242398 -0.0033046 
1572160730.094350 1572160730.294356 -0.000138378 0.329343 0 1 0 0 0.000363607 -76.3797 191.956 2498.42 1 -0.000522435 -0.000541345 0.000245797 -0.423262 40.0829 0 0.999927 0 0 0.0120414 15564.4 167.184 73894.4 0.998997 0.037856 0.0237067 -0.00305094 
1572160730.294356 1572160730.494319 -0.000188703 0.33095 0 1 0 0 0.000694505 -157.697 177.814 2555.81 1 -0.000324818 -9.40718e-05 -5.4063e-05 -0.43142 40.4137 0 0.999919 0 0 0.0127359 15528.8 151.481 76460.9 0.999012 0.0375331 0.0236097 -0.00310909 
1572160730.494319 1572160730.694350 -0.000368616 0.329654 0 1 0 0 0.000974035 -96.826 195.89 2518.85 0.999999 4.57332e-05 -0.000720802 0.000838422 -0.440185 40.7433 0 0.999906 0 0 0.0137098 15551.9 157.983 78989.1 0.999029 0.0375612 0.0229212 -0.00224336 
1572160730.694350 1572160730.894286 -0.000337286 0.322375 0 0.999999 0 0 0.00110069 -108.144 213.131 2477.02 0.999999 -0.000614832 -0.000555291 0.000906534 -0.449361 41.0655 0 0.99989 0 0 0.0148104 15558.2 184.655 81477.5 0.999066 0.0369274 0.0223991 -0.00133094 
1572160730.894286 1572160731.094256 -0.000295141 0.310333 0 1 0 0 0.00085633 -113.675 168.863 2404.16 0.999999 -0.00112267 -0.00077518 -1.4413e-05 -0.458847 41.3757 0 0.999877 0 0 0.0156666 15552.7 175.635 83890.2 0.999124 0.0358071 0.0216226 -0.00134186 
1572160731.094256 1572160731.294245 -0.000220056 0.296912 0 1 0 0 0.000785929 -136.757 189.886 2306.58 0.999999 -0.000846095 -0.000608726 -0.000216363 -0.468369 41.6725 0 0.999865 0 0 0.0164525 15516.3 200.015 86208.3 0.999166 0.0349672 0.0210055 -0.00155453 
1572160731.294245 1572160731.494215 -0.000193077 0.282868 0 1 0 0 0.000761212 -106.091 154.081 2192.97 0.999999 -0.000803506 -0.000617881 -0.000565689 -0.477869 41.9552 0 0.999852 0 0 0.0172136 15502.9 200.513 88409.1 0.999206 0.0341772 0.0203671 -0.00211502 
1572160731.494215 1572160731.794191 -0.000484593 0.399398 0 0.999999 0 0 0.00128604 -192.828 236.869 3075.21 1 -3.34233e-05 -0.000612708 -0.000687706 -0.492101 42.3543 0 0.999829 0 0 0.0184994 15436.3 227.071 91498.7 0.999218 0.0341591 0.0197313 -0.00278192 
1572160731.794191 1572160731.994170 -0.000226298 0.247706 0 1 0 0 0.000786409 -89.6777 123.388 1907.47 1 7.03218e-05 -0.000553576 3.97922e-05 -0.50149 42.6018 0 0.999814 0 0 0.0192857 15422.4 220.125 93412.1 0.999226 0.0342301 0.0191797 -0.00272186 
1572160731.994170 1572160732.294139 -0.000298223 0.342645 0 1 0 0 0.000907682 -120.342 188.551 2641.9 1 0.000347057 -0.000745412 0.00036514 -0.515002 42.9442 0 0.999796 0 0 0.0201932 15404.1 227.727 96063.4 0.999229 0.0345719 0.0184483 -0.00232483 
1572160732.294139 1572160732.594131 -0.000375045 0.311992 0 0.999999 0 0 0.00105767 -123.191 159.691 2399.17 1 0.000379063 -0.000782553 -0.000396984 -0.527975 43.2559 0 0.999774 0 0 0.0212506 15370.1 221.484 98470.8 0.999229 0.0349598 0.0176535 -0.00268746 
1572160732.594131 1572160732.994032 -0.000374854 0.374257 0 1 0 0 0.000789599 -151.219 193.19 2859.99 0.999999 0.000692422 -0.000685772 0.000815278 -0.544252 43.6298 0 0.999757 0 0 0.02204 15320.6 214.738 101341 0.999218 0.0356391 0.0169986 -0.00183661 
1572160732.994032 1572160733.293984 -8.69358e-07 0.265575 0 1 0 0 5.90384e-05 -71.3941 137.723 2013.35 0.999999 0.00130686 -0.000716681 -9.74037e-05 -0.555956 43.8952 0 0.999756 0 0 0.0220991 15318 208.763 103360 0.999183 0.0369479 0.0162814 -0.00188618 
1572160733.293984 1572160733.693938 -0.000168178 0.364455 0 1 0 0 0.000575396 -149.741 182.682 2739.44 0.999998 0.00170324 -0.000407923 -0.000359701 -0.572229 44.2593 0 0.999743 0 0 0.0226743 15258 188.893 106109 0.999124 0.0386563 0.0158637 -0.00220278 
1572160733.693938 1572160734.093903 -0.000157812 0.388422 0 1 0 0 0.00033886 -108.625 213.221 2985.85 0.999999 0.000875554 -0.000659602 -0.000421508 -0.589996 44.6473 0 0.999735 0 0 0.0230131 15244.8 170.97 109104 0.999099 0.0395392 0.0151903 -0.00258453 
1572160734.093903 1572160734.397147 -0.00014234 0.313457 0 1 0 0 0.000568306 -150.951 200.57 2362.94 0.999998 0.000419791 -0.000346799 -0.00171423 -0.604562 44.9604 0 0.999722 0 0 0.0235812 15166.4 184.634 111479 0.999082 0.0399855 0.0147771 -0.00427712 
1572160734.397147 1572160734.697025 -0.000487115 0.331281 0 0.999999 0 0 0.00156663 -67.5192 171.64 2578.78 0.999998 7.65796e-05 -0.00154611 -0.000950564 -0.620668 45.2913 0 0.999684 0 0 0.0251474 15175.9 149.852 114064 0.999096 0.0400826 0.0131947 -0.00516385 
1572160734.697025 1572160734.993821 -0.000744672 0.346572 0 0.999998 0 0 0.00213329 -177.741 216.713 2630.69 0.999998 0.000290844 -0.00199565 -0.000552257 -0.638837 45.6374 0 0.999628 0 0 0.02728 15068.9 156.445 116708 0.999106 0.0403907 0.0111802 -0.00563177 
1572160734.993821 1572160735.193797 -0.000490862 0.238039 0 0.999997 0 0 0.00227597 -138.859 138.92 1821.69 0.999997 -0.000250714 -0.00227089 -0.000143974 -0.65231 45.875 0 0.999563 0 0 0.029555 14971.7 149.084 118537 0.999138 0.0401545 0.00890408 -0.00568668 
1572160735.193797 1572160735.493773 -0.00206402 0.366359 0 0.999983 0 0 0.00588368 -282.599 243.458 2804.49 0.999986 -7.74244e-05 -0.00527649 -0.000181592 -0.676016 46.2406 0 0.999372 0 0 0.0354356 14740.7 169.434 121357 0.999173 0.0401082 0.00362428 -0.00565685 
1572160735.493773 1572160735.793745 -0.00247002 0.37314 0 0.999978 0 0 0.00657921 -335.138 222.918 2880.76 0.999977 -0.000629551 -0.00676432 3.12628e-05 -0.704908 46.6127 0 0.999117 0 0 0.0420099 14427.7 164.301 124249 0.9992 0.0395164 -0.00313684 -0.00535646 
1572160735.793745 1572160735.995056 -0.00122055 0.252097 0 0.999989 0 0 0.00473771 -214.513 107.313 1968.61 0.999988 -0.000892148 -0.00471931 -8.61919e-05 -0.727287 46.8638 0 0.998907 0 0 0.046743 14201.2 118.228 126219 0.999208 0.0386495 -0.00786052 -0.00525323 
1572160735.995056 1572160736.293695 -0.00259539 0.383034 0 0.999979 0 0 0.00647616 -321.073 229.767 2966.39 0.99998 -0.000634119 -0.00630085 0.000518988 -0.76564 47.2449 0 0.998583 0 0 0.0532111 13834.6 121.989 129189 0.999166 0.0380523 -0.0141395 -0.00448604 
