groundtruth: cam2wheel_ryp.roll = 0.413635, cam2wheel_ryp.yaw = -3.10907, cam2wheel_ryp.pitch = -6.59755, cam2wheel_xyz.x = 1.89726, cam2wheel_xyz.y = -0.265, cam2wheel_xyz.z = 1.31122
from_timestamp to_timestamp delta_pos_wheel delta_q_wheel delta_pos_cam delta_q_cam pos_wheel q_wheel pos_cam q_cam 
1571662030.029512 1571662030.329492 0 0 0 1 0 0 0 4.9829 0.630243 -2.22524 1 -8.4929e-05 0.00026721 5.45946e-05 0 0 0 1 0 0 0 -181189 -7081.32 -769639 0.998681 0.0312988 0.0403406 0.00538057 
1571662030.329492 1571662033.629177 0.0491324 0.677548 0 0.998409 -0 0 -0.0563796 3874.71 1007.22 13781 0.998747 0.00169424 0.0500094 -0.000434196 0.0491324 0.677548 0 0.998409 -0 0 -0.0563796 -176220 -6880.24 -756178 0.995362 0.0332382 0.0902108 0.00344332 
1571662033.629177 1571662034.329117 0.00726686 0.648395 0 0.999984 0 0 -0.00570768 186.27 928.656 12059.1 0.99997 -0.000765177 0.00759038 -0.00120372 0.129349 1.321 0 0.998071 0 0 -0.0620773 -173869 -6741.7 -744313 0.994677 0.0326103 0.0977259 0.00192376 
1571662034.329117 1571662035.029035 -0.00404716 0.750949 0 0.999987 0 0 0.00503746 -1003.16 1211.51 13908.7 0.99999 -1.28182e-06 -0.00449948 -0.00014387 0.218387 2.06667 0 0.998371 0 0 -0.0570488 -172144 -6440.08 -730425 0.995107 0.0326141 0.0932447 0.00192724 
1571662035.029035 1571662035.528980 -0.00175987 0.586553 0 0.999996 0 0 0.00290331 -758.687 918.657 10924.2 0.999994 0.00035799 -0.00306345 0.00167995 0.283454 2.6496 0 0.998533 0 0 -0.0541499 -170859 -6236.06 -719514 0.995372 0.0328076 0.0902498 0.00373225 
1571662035.528980 1571662036.128922 -0.00287011 0.732932 0 0.999991 0 0 0.00435315 -805.181 1084.88 13704.2 0.999989 0.000876374 -0.00416069 0.0018075 0.359861 3.37854 0 0.998759 0 0 -0.0498027 -169187 -6050.1 -705846 0.995701 0.0335009 0.0861634 0.00574694 
1571662036.128922 1571662036.635240 -0.00323736 0.639391 0 0.999986 0 0 0.0051999 -834.435 898.018 11687.2 0.999985 -0.000154293 -0.0052579 -0.00134917 0.420247 4.01509 0 0.999005 0 0 -0.0446085 -168004 -5936.65 -694155 0.996152 0.0334328 0.0808825 0.00456633 
1571662036.635240 1571662037.132790 -0.00384817 0.642748 0 0.999984 0 0 0.00564752 -1030.2 909.155 11923.5 0.999987 0.000177756 -0.00506203 -0.000977678 0.473701 4.65562 0 0.999241 0 0 -0.0389659 -167099 -5829.91 -682187 0.996547 0.0336654 0.0758054 0.00377597 
1571662037.132790 1571662037.628770 -0.00375144 0.647032 0 0.99998 0 0 0.00628847 -931.247 1026.97 12342.3 0.999988 0.000613612 -0.00478143 0.00127873 0.520347 5.30098 0 0.999466 0 0 -0.0326815 -166155 -5638.14 -669805 0.996872 0.0341615 0.0710803 0.00525772 
1571662037.628770 1571662038.128722 -0.00421467 0.674172 0 0.999984 0 0 0.00557518 -760.267 947.902 12656.1 0.999988 9.86301e-07 -0.00471832 0.00140167 0.560184 5.97399 0 0.999632 0 0 -0.0271088 -165114 -5556.7 -657134 0.997187 0.0340376 0.0664237 0.00681619 
1571662038.128722 1571662038.628670 -0.00196006 0.67305 0 0.999996 0 0 0.00270784 -745.102 1004.07 12502.2 0.999994 -5.65455e-05 -0.00348109 0.00053139 0.594705 6.64615 0 0.999702 0 0 -0.0244018 -164200 -5405.92 -644603 0.997411 0.033922 0.0629705 0.00746078 
1571662038.628670 1571662039.128627 -0.00166946 0.674712 0 0.999996 0 0 0.00283548 -666.157 981.66 12608.8 0.999995 2.86757e-05 -0.00304434 -0.00123094 0.625956 7.32014 0 0.999767 0 0 -0.0215671 -163281 -5280.76 -631973 0.997605 0.0340052 0.0598917 0.00633806 
1571662039.128627 1571662039.628576 -0.00171335 0.684994 0 0.999997 0 0 0.00230954 -778.124 1010.37 12825.6 0.999999 -7.20437e-06 -0.00164178 9.30614e-05 0.653784 8.00457 0 0.999815 0 0 -0.019258 -162524 -5146.26 -619107 0.997702 0.033982 0.058257 0.00648629 
1571662039.628576 1571662040.028535 -0.000324038 0.553876 0 1 0 0 0.000296474 -478.577 844.628 10315.3 1 -0.000327067 -0.000318086 0.000589237 0.674789 8.55805 0 0.99982 0 0 -0.0189616 -161803 -5003.41 -608772 0.997728 0.0336193 0.0579618 0.00706593 
1571662040.028535 1571662040.528478 0.000573203 0.702594 0 0.999999 -0 0 -0.00115463 -375.292 1120.71 12944.8 1 -0.000432292 0.000746581 -0.000135864 0.702002 9.26012 0 0.999798 -0 0 -0.020116 -160684 -4749.9 -595824 0.997699 0.0332011 0.0587051 0.00688021 
1571662040.528478 1571662041.028442 0.00494898 0.708798 0 0.999972 -0 0 -0.00750794 88.2482 1011.44 13128.5 0.999967 -0.000520756 0.00802401 -0.000688446 0.735457 9.96814 0 0.999618 -0 0 -0.0276219 -159062 -4598.37 -582758 0.997218 0.0327761 0.0666895 0.00589615 
1571662041.028442 1571662041.428409 0.00348519 0.574674 0 0.999983 -0 0 -0.00585905 116.283 868.188 10491 0.999983 8.29946e-05 0.00582609 -0.000764012 0.770672 10.5417 0 0.999439 -0 0 -0.0334782 -157554 -4407.78 -572340 0.996814 0.0329436 0.0724727 0.00494874 
1571662041.428409 1571662041.932891 0.0137758 0.733757 0 0.999735 -0 0 -0.0230227 1080.84 1029.81 13010.3 0.999759 -0.000946025 0.0218337 -0.00225361 0.833519 11.2729 0 0.998404 -0 0 -0.0564791 -154606 -4209.58 -559583 0.995033 0.032264 0.0941497 0.00191327 
1571662041.932891 1571662042.428266 0.0277866 0.689098 0 0.999104 -0 0 -0.0423273 3147.67 852.889 12565.5 0.999066 0.000489987 0.0432142 -0.000414254 0.938844 11.9545 0 0.995118 -0 0 -0.0986883 -149156 -4129.63 -547800 0.99002 0.0328431 0.137047 0.000151156 
1571662042.428266 1571662042.828189 0.0207081 0.553196 0 0.999242 -0 0 -0.0389382 2631.38 553.308 9831.95 0.999222 -9.04304e-05 0.0393991 -0.00195656 1.0678 12.4929 0 0.990521 -0 0 -0.137362 -143951 -4192.01 -539037 0.983853 0.0330021 0.175882 -0.00309238 
1571662042.828189 1571662043.328106 0.0374978 0.672628 0 0.998396 -0 0 -0.0566125 3951.8 979.837 11832.8 0.998393 -0.000813904 0.0566277 -0.00212259 1.28692 13.1299 0 0.981156 -0 0 -0.193217 -136133 -3973.77 -529268 0.972332 0.0323465 0.23124 -0.00718771 
1571662043.328106 1571662043.828020 0.0389956 0.65114 0 0.998048 -0 0 -0.0624575 4504.94 913.817 11190 0.997953 -0.00111248 0.0639071 -0.00230567 1.56989 13.7176 0 0.967173 -0 0 -0.25412 -127058 -3798.62 -521272 0.955583 0.0312724 0.292823 -0.0117393 
1571662043.828020 1571662044.427971 0.0615038 0.744136 0 0.99663 -0 0 -0.082029 6486.77 943.169 12676.1 0.996568 0.000286786 0.0827792 -5.4486e-05 1.98923 14.3354 0 0.943068 -0 0 -0.3326 -114562 -3729.04 -514379 0.928054 0.0304833 0.370922 -0.0142558 
1571662044.427971 1571662044.927928 0.0370825 0.62208 0 0.998444 -0 0 -0.0557584 4440.11 920.709 10926.1 0.998427 -0.000266696 0.0560629 -0.000274886 2.40836 14.7966 0 0.923056 -0 0 -0.384667 -103787 -3561.25 -509498 0.905804 0.0294906 0.422356 -0.0162964 
1571662044.927928 1571662045.427892 0.0313464 0.626544 0 0.998765 -0 0 -0.0496745 3537.98 778.625 11127.3 0.998732 -0.00192951 0.0502829 -0.00163651 2.87536 15.2155 0 0.902808 -0 0 -0.430044 -92967.9 -3548.36 -505040 0.883448 0.0275772 0.467287 -0.0200559 
1571662045.427892 1571662045.928828 0.0291461 0.629838 0 0.998968 -0 0 -0.0454243 3421.31 875.083 11200.1 0.998932 -0.000134693 0.0461804 -0.00170249 3.38279 15.5897 0 0.882341 -0 0 -0.47061 -81754.9 -3464.05 -501550 0.860894 0.0272981 0.507536 -0.022875 
1571662045.928828 1571662046.527788 0.0398034 0.746202 0 0.998745 -0 0 -0.0500838 3697.97 828.939 13419.5 0.998709 0.00056974 0.0507823 -0.00103418 4.02467 15.9723 0 0.857664 -0 0 -0.51421 -68200.2 -3622.73 -498281 0.83397 0.0271166 0.550584 -0.0248329 
1571662046.527788 1571662047.027739 0.0156726 0.646043 0 0.999773 -0 0 -0.0213049 1408.61 957.901 11801.9 0.999744 -0.00184514 0.0225249 -0.00128503 4.60189 16.2629 0 0.846514 -0 0 -0.532366 -56756.8 -3540.21 -494930 0.821372 0.025719 0.569147 -0.0275249 
1571662047.027739 1571662047.527743 0.00397083 0.671938 0 0.999998 0 0 -0.00218535 -264.114 934.217 12584.3 0.999995 0.000993932 0.00294774 0.000548947 5.20923 16.5504 0 0.845349 0 0 -0.534215 -45031.8 -3530.4 -490258 0.81968 0.0261417 0.571607 -0.026584 
1571662047.527743 1571662048.027674 -0.0115509 0.675971 0 0.999775 0 0 0.0212098 -2073.96 995.616 12854.7 0.9998 0.00123713 -0.0199249 0.00139293 5.81481 16.851 0 0.856489 0 0 -0.516165 -33646.5 -3450.72 -483862 0.83091 0.026884 0.55523 -0.0242089 
1571662048.027674 1571662048.527620 -0.0267667 0.664649 0 0.999045 0 0 0.043683 -3914.55 974.368 12906.5 0.999103 -0.000564664 -0.0423118 0.00133768 6.38997 17.1851 0 0.878219 0 0 -0.478258 -23182.7 -3361.86 -475297 0.853705 0.0266723 0.519597 -0.0222517 
1571662048.527620 1571662049.028524 -0.0317406 0.649413 0 0.998705 0 0 0.0508819 -4712.56 715.47 12489.2 0.998693 0.00102023 -0.0510798 0.00141054 6.91828 17.5641 0 0.901417 0 0 -0.432953 -14233.8 -3457.26 -465367 0.879134 0.0279121 0.475371 -0.0191259 
1571662049.028524 1571662049.527524 -0.0399226 0.62271 0 0.99781 0 0 0.0661412 -5981.58 932.319 11703.5 0.997913 -0.000506797 -0.0645699 0.000514053 7.37937 17.9846 0 0.928079 0 0 -0.372384 -7681.89 -3271.84 -453937 0.908018 0.0283989 0.417618 -0.0170727 
1571662049.527524 1571662050.027480 -0.0429828 0.612977 0 0.997607 0 0 0.0691369 -6175.73 1049.24 11842.4 0.997623 0.000756713 -0.0688347 0.00298648 7.772 18.4572 0 0.951603 0 0 -0.307329 -2672.5 -2959.55 -441515 0.934636 0.0289465 0.35422 -0.0120495 
1571662050.027480 1571662050.627423 -0.0562856 0.749035 0 0.997418 0 0 0.0718128 -6857.99 1245.18 14403 0.997339 0.00213018 -0.0728 0.00314984 8.16447 19.0977 0 0.971217 0 0 -0.238198 1772.73 -2605.26 -426148 0.957913 0.0306219 0.285353 -0.00621163 
1571662050.627423 1571662051.127374 -0.0361011 0.631001 0 0.998397 0 0 0.0565909 -5269.77 981.459 12095.4 0.998404 0.000289864 -0.0564675 0.000142169 8.42442 19.6738 0 0.98314 0 0 -0.182854 3998.21 -2407.57 -413108 0.97249 0.0311609 0.230813 -0.00425368 
1571662051.127374 1571662051.627336 -0.032032 0.649031 0 0.998764 0 0 0.0497112 -4456.86 1162.63 12600.1 0.998757 0.000690727 -0.0498238 0.000771311 8.62788 20.2909 0 0.991014 0 0 -0.133755 5695.9 -2062.88 -399805 0.982763 0.0318278 0.1821 -0.00178632 
1571662051.627336 1571662052.127292 -0.0328074 0.666546 0 0.998926 0 0 0.0463295 -4478.13 929.55 12784 0.998985 0.000372589 -0.0450364 0.000224261 8.77295 20.9423 0 0.996147 0 0 -0.087698 6103.04 -1979.46 -386234 0.989956 0.0322013 0.137663 -6.28543e-05 
1571662052.127292 1571662052.627229 -0.0249041 0.692937 0 0.999369 0 0 0.0355326 -3551.43 1041.75 13298.5 0.99934 0.000785554 -0.0363041 0.000598484 8.8695 21.629 0 0.998634 0 0 -0.0522469 6320.17 -1819 -372433 0.994275 0.0328776 0.101652 0.00180684 
1571662052.627229 1571662053.034392 -0.0127438 0.571006 0 0.999771 0 0 0.0213772 -2041.58 624.084 10552.5 0.999754 0.00302513 -0.0217922 0.00277168 8.91641 22.1982 0 0.999523 0 0 -0.030887 6457.06 -1903.28 -361667 0.996141 0.0355562 0.0800452 0.00558619 
1571662053.034392 1571662053.527145 -0.0153117 0.673041 0 0.999767 0 0 0.0215981 -2483.29 1012.37 13146.3 0.999744 0.00236041 -0.0224988 8.66015e-05 8.94269 22.8709 0 0.999957 0 0 -0.00929198 6101.95 -1854.81 -348255 0.997603 0.0377658 0.0576027 0.00665994 
1571662053.527145 1571662054.027137 -0.0108652 0.707609 0 0.999887 0 0 0.0150324 -1848.42 1196.43 13448 0.999892 0.00104276 -0.0146135 -0.00122621 8.94497 23.5786 0 0.999984 0 0 0.00574081 5807.6 -1697.51 -334632 0.998306 0.0387753 0.0429648 0.00604791 
1571662054.027137 1571662054.427053 -0.00642101 0.579118 0 0.999946 0 0 0.0104235 -1350.89 945.012 11014 0.99994 0.00123178 -0.0108865 -0.000916969 8.9319 24.1576 0 0.999869 0 0 0.0161638 5403.53 -1623.19 -323503 0.998671 0.0399762 0.0320511 0.00560718 
1571662054.427053 1571662054.927029 -0.00541907 0.704879 0 0.999972 0 0 0.0074293 -1093.33 1102.25 13602.5 0.999972 -0.00269587 -0.00695605 0.000620262 8.9037 24.8619 0 0.999722 0 0 0.0235917 5179.88 -1620.8 -309814 0.99897 0.0372239 0.0251433 0.00641813 
1571662054.927029 1571662055.527034 -0.00385451 0.627068 0 0.999983 0 0 0.0059146 -901.897 1004.28 12295.4 0.999979 -0.00340914 -0.00524995 0.0013692 8.87028 25.4881 0 0.999565 0 0 0.0295042 4891.74 -1543.09 -297448 0.9992 0.0337494 0.0199711 0.0078955 
1571662055.527034 1571662066.125839 -0.000692401 0.283499 0 0.999995 0 0 0.00300979 -212.466 240.901 3452.82 0.999998 0.00109624 -0.00142055 0.000169086 8.85286 25.7711 0 0.999471 0 0 0.0325126 4815.63 -1538.19 -293981 0.999188 0.0348301 0.0185487 0.00813427 
1571662066.125839 1571662066.425815 0 0 0 1 0 0 0 0.986354 -9.3336 47.5144 1 -7.85491e-05 -3.5719e-05 0.000104584 8.85286 25.7711 0 0.999471 0 0 0.0325126 4818.55 -1550.78 -293935 0.999191 0.0347494 0.0185173 0.00823856 
1571662066.425815 1571662131.919402 0 0 0 1 0 0 0 30.8307 -33.3138 -99.3634 0.999999 -0.000754501 0.000302348 0.000736977 8.85286 25.7711 0 0.999471 0 0 0.0325126 4846.12 -1576.59 -294037 0.999204 0.0339843 0.0188512 0.00895045 
1571662131.919402 1571662133.119294 -0.000129563 0.0294975 0 0.999997 0 0 0.00234366 -11.9854 88.8123 1743.36 1 0.00020951 -0.000165758 -3.2705e-05 8.85082 25.8005 0 0.999392 0 0 0.0348549 4899.41 -1606.04 -292293 0.999201 0.0341928 0.0186826 0.00892736 
1571662133.119294 1571662134.119202 -0.000392652 0.362653 0 0.999999 0 0 0.00100428 -417.44 515.512 7223.23 1 0.000258638 -0.000125445 -0.000428171 8.82516 26.1622 0 0.999357 0 0 0.0358586 4747.88 -1590.95 -285041 0.999198 0.0344581 0.0185403 0.00850865 
1571662134.119202 1571662134.619149 -0.000152117 0.308835 0 1 0 0 0.000419031 -312.689 434.388 5927.37 1 -1.56548e-05 -0.000288846 -3.81616e-05 8.80287 26.4703 0 0.999342 0 0 0.0362773 4651.71 -1569.67 -279090 0.999204 0.0344407 0.0182505 0.00848018 
1571662134.619149 1571662135.119100 -0.0001873 0.374111 0 1 0 0 0.000487622 -298.839 517.905 7162.92 1 -0.000263965 -0.000529603 0.000161139 8.77556 26.8434 0 0.999324 0 0 0.0367646 4610.42 -1549.29 -271902 0.999221 0.0341695 0.0177291 0.00865461 
1571662135.119100 1571662135.519065 -0.000260176 0.343661 0 1 0 0 0.000634613 -220.235 542.194 6537.17 1 -0.000450438 -0.000499025 0.000551548 8.75005 27.1861 0 0.9993 0 0 0.0373988 4617.12 -1456.91 -265340 0.99924 0.0337053 0.0172532 0.00921479 
1571662135.519065 1571662135.819161 -0.000191032 0.283353 0 1 0 0 0.000574408 -211.934 411.672 5383.61 1 -0.000187356 -0.000360927 0.000484416 8.72868 27.4686 0 0.999279 0 0 0.0379728 4587.22 -1411.32 -259936 0.999248 0.0335064 0.0169106 0.00970777 
1571662135.819161 1571662136.119011 -0.000120736 0.301411 0 1 0 0 0.000440544 -361.086 367.481 5645.05 1 0.000162672 -3.3357e-05 -0.000334256 8.70568 27.7692 0 0.999262 0 0 0.038413 4414.14 -1428.3 -254271 0.999247 0.0336743 0.0168645 0.00937764 
1571662136.119011 1571662136.518988 -0.000363817 0.430127 0 1 0 0 0.000742466 -312.645 644.463 8093.04 0.999999 -0.000609357 -0.000761769 -0.000579254 8.6723 28.198 0 0.999233 0 0 0.0391549 4368.26 -1333.71 -246147 0.999285 0.033068 0.0160895 0.00881419 
1571662136.518988 1571662136.718955 -0.000160463 0.228598 0 1 0 0 0.000761263 -189.456 335.568 4262.7 1 -0.000456559 -0.00036886 -0.000324006 8.65425 28.4259 0 0.999203 0 0 0.0399156 4312.93 -1282.97 -241867 0.999308 0.0326137 0.0157142 0.00849526 
1571662136.718955 1571662137.018927 -0.000211162 0.356422 0 1 0 0 0.00058944 -370.682 561.91 6742.16 1 1.89592e-07 -0.000225752 0.000158967 8.62561 28.7812 0 0.999179 0 0 0.0405046 4149.01 -1166.68 -235094 0.999311 0.0326095 0.0154938 0.00866149 
1571662137.018927 1571662137.318898 -0.000265711 0.37022 0 1 0 0 0.000695678 -257.106 499.718 6961.83 1 -0.000125978 -0.000489796 0.000281246 8.59538 29.1501 0 0.999151 0 0 0.0411996 4103.43 -1124.67 -228110 0.99932 0.032475 0.0150146 0.00895656 
1571662137.318898 1571662137.618877 -0.000311808 0.379723 0 1 0 0 0.000875313 -415.648 525.807 7155.44 1 -0.00041818 -0.000401549 -0.000460618 8.56381 29.5286 0 0.999114 0 0 0.0420742 3898.03 -1070.41 -220927 0.999343 0.0320604 0.0146021 0.00850301 
1571662137.618877 1571662137.818850 -0.000197136 0.260009 0 1 0 0 0.000738394 -233.359 408.386 4832.65 1 0.00070322 -0.000328493 9.24246e-05 8.54175 29.7876 0 0.999083 0 0 0.0428119 3801.92 -975.578 -216073 0.999324 0.032759 0.0142708 0.00861617 
1571662137.818850 1571662138.118826 -0.000472768 0.395189 0 0.999999 0 0 0.00117073 -303.838 436.576 7440.46 0.999999 0.000948812 -0.000639001 -0.000746313 8.50747 30.1813 0 0.999032 0 0 0.0439816 3707.56 -1030.85 -208614 0.999308 0.0337123 0.0135996 0.00790483 
1571662138.118826 1571662138.318804 -0.000189536 0.265984 0 1 0 0 0.000653004 -214.923 342.728 4979.36 1 -5.31211e-05 -0.000315041 -5.79138e-06 8.48391 30.4463 0 0.999003 0 0 0.0446339 3625.64 -1026.96 -203619 0.999314 0.0336568 0.013285 0.00790894 
1571662138.318804 1571662138.618773 0.000174663 0.385402 0 1 -0 0 -0.000449374 -320.573 583.657 7369.44 1 -0.000241692 -0.000400792 0.000841325 8.44971 30.8301 0 0.999023 0 0 0.044185 3496.11 -944.227 -196221 0.99932 0.0334009 0.0129147 0.00875996 
1571662138.618773 1571662138.818910 -7.74982e-05 0.229167 0 1 0 0 0.000281094 -120.03 314.062 4387.67 1 0.00041285 -0.00035501 -4.22868e-05 8.42941 31.0584 0 0.999011 0 0 0.0444658 3486.73 -925.031 -191821 0.999311 0.0338109 0.0125549 0.00873489 
1571662138.818910 1571662139.218736 -0.000177285 0.36787 0 1 0 0 0.000624209 -444.055 516.609 7034.79 0.999999 0.000963098 -4.38076e-05 -0.000316484 8.39655 31.4248 0 0.998983 0 0 0.0450894 3214.98 -891.646 -184759 0.999281 0.0347769 0.012492 0.00843219 
1571662139.218736 1571662139.718672 -0.000103479 0.290995 0 1 0 0 0.000466962 -217.063 441.304 5440.44 1 0.000327332 -8.17582e-05 0.000274639 8.37023 31.7146 0 0.998962 0 0 0.0455559 3129.98 -832.305 -179297 0.999269 0.0350999 0.0124171 0.00871357 
1571662139.718672 1571662141.218536 3.34486e-07 0.167788 0 1 0 0 3.50107e-06 -23.619 97.5751 1654.03 1 0.000779537 -6.24014e-05 4.73135e-05 8.35496 31.8817 0 0.998962 0 0 0.0455594 3146.81 -851.086 -177640 0.999241 0.0358777 0.0123496 0.00877271 
1571662141.218536 1571662172.515366 0 0 0 1 0 0 0 -14.7744 17.7683 -19.4625 1 5.09416e-05 6.36268e-06 -3.39619e-05 8.35496 31.8817 0 0.998962 0 0 0.0455594 3131.26 -832.247 -177658 0.99924 0.0359291 0.0123543 0.00873918 
1571662172.515366 1571662172.815328 0 0 0 1 0 0 0 17.7228 -26.3225 7.56101 1 -7.40224e-05 2.81749e-05 3.89461e-05 8.35496 31.8817 0 0.998962 0 0 0.0455594 3149.6 -858.714 -177653 0.999242 0.0358549 0.0123845 0.00877617 
1571662172.815328 1571662174.715165 7.48049e-05 0.190971 0 1 0 0 -0.000121003 -228.657 439.739 5147.59 1 0.000832252 -0.000169549 -0.000395099 8.33765 32.0719 0 0.998967 0 0 0.0454385 3044.37 -792.12 -172483 0.999217 0.0366899 0.0121936 0.00839775 
1571662174.715165 1571662175.315122 6.43694e-05 0.322025 0 1 0 0 -8.40908e-05 -262.432 481.482 6232.61 1 -0.000351849 -2.7635e-05 -0.000426369 8.30848 32.3926 0 0.998971 0 0 0.0453545 2930.12 -772.355 -166227 0.999234 0.0363433 0.0121533 0.00796844 
1571662175.315122 1571662175.815084 7.80997e-05 0.358649 0 1 0 0 -0.000265949 -267.836 597.087 6864.32 1 -0.000526185 -0.000106228 -0.00030093 8.27606 32.7498 0 0.998983 0 0 0.0450888 2824.11 -678.655 -159333 0.999256 0.0358203 0.0120404 0.0076652 
1571662175.815084 1571662176.215045 -2.17011e-05 0.320357 0 1 0 0 0.000187845 -304.572 389.426 6249.59 0.999999 -0.000413262 2.74185e-05 -0.00102628 8.24718 33.0688 0 0.998974 0 0 0.0452765 2667.85 -741.441 -153066 0.999278 0.0354199 0.0120342 0.00663372 
1571662176.215045 1571662176.615007 -0.000476395 0.369092 0 0.999999 0 0 0.00136273 -306.051 412.672 6747.92 0.999999 0.00031764 -0.000206059 -0.0016789 8.21331 33.4364 0 0.998912 0 0 0.0466378 2522.26 -810.758 -146301 0.999279 0.0357561 0.0117667 0.00496714 
1571662176.615007 1571662176.919008 -7.45768e-05 0.288535 0 1 0 0 0.000271647 -203.787 430.553 5431.66 0.999999 -0.000240111 1.42082e-05 0.00112203 8.18636 33.7236 0 0.998899 0 0 0.0469091 2444.29 -771.037 -140849 0.999281 0.035503 0.0118222 0.00608502 
1571662176.919008 1571662177.214966 -1.50723e-05 0.304111 0 1 0 0 -0.000128064 -154.655 432.028 5676.58 0.999999 -0.000169158 -4.97529e-05 0.00153234 8.15784 34.0264 0 0.998905 0 0 0.0467812 2421.38 -744.105 -135154 0.999277 0.0353155 0.0118279 0.00761602 
1571662177.214966 1571662177.514935 -0.000198983 0.314791 0 1 0 0 0.000464584 -282.266 404.758 6000 1 -0.000262979 2.01263e-05 -0.000164545 8.12822 34.3398 0 0.998883 0 0 0.0472453 2278.46 -767.335 -129135 0.999287 0.0350548 0.0118442 0.00744777 
1571662177.514935 1571662177.914892 6.51447e-05 0.439512 0 1 -0 0 -0.000236127 -335.665 604.586 8309.9 1 5.79456e-05 -0.000197013 7.13466e-05 8.0868 34.7774 0 0.998894 0 0 0.0470094 2135.47 -750.299 -120798 0.999287 0.0351104 0.0116494 0.00752666 
1571662177.914892 1571662178.114874 2.63094e-05 0.229628 0 1 0 0 -1.7247e-05 -149.948 317.58 4333.54 1 0.000197927 8.824e-05 0.000287977 8.06526 35.006 0 0.998895 0 0 0.0469922 2084.25 -739.244 -116451 0.999277 0.0353055 0.0117462 0.00781364 
1571662178.114874 1571662178.414861 -2.98615e-05 0.341801 0 1 0 0 0.000168393 -299.142 556.618 6599.41 1 0.000571638 9.02388e-05 0.000453061 8.03315 35.3463 0 0.998887 0 0 0.0471604 1935.56 -653.444 -109823 0.999252 0.0358721 0.0118479 0.0082699 
1571662178.414861 1571662178.714840 -0.000151673 0.3826 0 1 0 0 0.000338328 -296.275 551.708 6849.85 1 -0.000127596 9.58685e-06 0.000411624 7.99695 35.7271 0 0.998871 0 0 0.0474983 1797.02 -598.108 -102946 0.999253 0.0357398 0.0118733 0.00867936 
1571662178.714840 1571662179.014793 0.000130603 0.379749 0 1 0 0 -0.000253078 -367.527 516.936 7119.05 0.999999 -0.000472474 -5.69289e-05 -0.00120879 7.96104 36.1052 0 0.998883 0 0 0.0472455 1594.47 -596.277 -95802 0.99928 0.0352815 0.0117773 0.00746789 
1571662179.014793 1571662179.214771 -9.30812e-05 0.257202 0 1 0 0 0.000294922 -200.867 344.097 4853.27 1 -0.000240317 -0.000246451 -0.00061848 7.93668 36.3612 0 0.998869 0 0 0.0475401 1505.62 -597.6 -90933.2 0.999296 0.0350468 0.011511 0.00685572 
1571662179.214771 1571662179.514947 -0.000238329 0.384248 0 1 0 0 0.000484321 -238.727 620.177 7251.69 1 -0.000107772 -9.74229e-05 0.000756804 7.89994 36.7437 0 0.998846 0 0 0.0480239 1429.3 -489.263 -83652.3 0.999295 0.0349297 0.0114409 0.00761416 
1571662179.514947 1571662179.714729 9.08995e-05 0.23245 0 1 0 0 -0.000210935 -193.262 299.628 4704.92 1 -0.000562193 0.00013314 0.000245518 7.87773 36.9751 0 0.998856 0 0 0.0478132 1341.87 -521.128 -78934.8 0.999311 0.0343661 0.0115868 0.00784842 
1571662179.714729 1571662180.014712 -9.85653e-05 0.332475 0 1 0 0 0.000211564 -254.528 493.192 6379.02 1 -0.0004817 -4.57033e-05 -0.000320473 7.84588 37.3061 0 0.998846 0 0 0.0480245 1231.26 -470.339 -72532.9 0.999331 0.0338881 0.0115339 0.00752416 
1571662180.014712 1571662180.514659 4.1673e-05 0.338928 0 1 -0 0 -0.0002771 -316.287 491.823 6457.17 0.999999 -0.00151488 1.00152e-05 0.000507832 7.8134 37.6434 0 0.998859 0 0 0.0477477 1060.23 -420.934 -66051.7 0.999377 0.0323684 0.0115725 0.00801383 
1571662180.514659 1571662182.214527 -0.000362194 0.129005 0 0.999978 0 0 0.00667886 -16.8861 29.8807 417.635 0.999998 0.00199783 7.22555e-05 -0.000172343 7.80074 37.7718 0 0.998518 0 0 0.0544179 1052.77 -418.345 -65632.8 0.999311 0.0343675 0.0116231 0.00786236 
1571662182.214527 1571662182.514486 0 0 0 1 0 0 0 45.697 -10.6115 -28.7346 1 -3.09951e-06 -0.000141549 0.000111327 7.80074 37.7718 0 0.998518 0 0 0.0544179 1097.93 -426.207 -65663.2 0.999312 0.034362 0.0114855 0.00797844 
1571662182.514486 1571662232.314365 0 0 0 1 0 0 0 -45.6911 10.5056 15.3568 1 2.75297e-05 7.11408e-05 2.41053e-05 7.80074 37.7718 0 0.998518 0 0 0.0544179 1052.45 -417.544 -65646.1 0.99931 0.0343898 0.0115572 0.0080004 
1571662232.314365 1571662234.709444 0.00275272 0.217014 0 0.999979 -0 0 -0.00640324 -139.258 416.397 5760.25 0.999999 0.000324822 -0.000122688 0.000942423 7.77989 37.9878 0 0.998846 0 0 0.048023 1043.15 -399.372 -59869.2 0.999292 0.0347025 0.0114644 0.00895014 
1571662234.709444 1571662235.309266 -0.00019075 0.32593 0 1 0 0 0.000640811 -215.379 458.443 6231.08 1 6.45728e-05 2.36854e-05 0.000787103 7.74843 38.3122 0 0.998815 0 0 0.0486631 966.663 -377.013 -53618.1 0.999282 0.0347582 0.0115148 0.0097366 
1571662235.309266 1571662235.809429 2.03447e-05 0.358315 0 1 0 0 -1.4707e-05 -307.725 516.267 6752.59 1 0.000448039 2.8918e-05 -0.000262596 7.71362 38.6689 0 0.998816 0 0 0.0486484 809.413 -335.89 -46840.7 0.999268 0.0352092 0.0115302 0.00947834 
1571662235.809429 1571662236.209359 -9.27144e-06 0.336105 0 1 0 0 0.000147766 -256.81 485.352 6352.2 1 -2.402e-05 -6.50371e-05 -0.000461201 7.68095 39.0034 0 0.998809 0 0 0.048796 694.535 -302.499 -40466 0.999274 0.0351899 0.0114492 0.00901949 
1571662236.209359 1571662236.509147 -4.29379e-06 0.277675 0 1 0 0 6.9758e-05 -218.025 401.119 5285.88 1 -0.000297692 -1.63821e-05 -0.000105688 7.65388 39.2797 0 0.998805 0 0 0.0488657 594.001 -277.202 -35161.4 0.999286 0.0348935 0.0114318 0.00891105 
1571662236.509147 1571662236.909132 -0.000271623 0.402778 0 1 0 0 0.000692205 -291.266 632.238 7640.52 1 4.90759e-05 2.90039e-05 0.000173639 7.61429 39.6806 0 0.998771 0 0 0.049557 471.419 -183.296 -27490.8 0.999282 0.0349408 0.0114664 0.00908411 
1571662236.909132 1571662237.209081 -0.000100762 0.319189 0 1 0 0 0.000196698 -279.447 454.975 6017.67 1 -0.000694223 5.24671e-05 0.000187848 7.58259 39.9982 0 0.998762 0 0 0.0497535 325.919 -153.773 -21451.3 0.999304 0.0342454 0.0115317 0.00926203 
1571662237.209081 1571662237.509093 -0.000151498 0.309485 0 1 0 0 0.000424613 -195.193 442.722 5948.9 1 -0.00043779 -0.000203802 -0.000595596 7.55168 40.3061 0 0.99874 0 0 0.0501776 263.846 -121.823 -15483.2 0.999327 0.0338129 0.0113117 0.00866878 
1571662237.509093 1571662237.809086 -3.94382e-05 0.290348 0 1 0 0 0.000214664 -218.441 450.606 5549.24 1 -0.000753209 5.07108e-05 0.000372681 7.52254 40.595 0 0.99873 0 0 0.050392 166.743 -50.1972 -9912.71 0.999348 0.0330564 0.0113815 0.00903097 
1571662237.809086 1571662238.209247 -5.90655e-05 0.311108 0 1 0 0 0.000168414 -176.193 497.545 6014.42 0.999999 -0.000798513 -3.45543e-05 0.00147135 7.49117 40.9045 0 0.998721 0 0 0.0505602 122.425 46.732 -3876.12 0.99936 0.0322413 0.0114028 0.0104934 
1571662238.209247 1571662239.908837 1.16845e-05 0.286907 0 0.999999 0 0 -0.00104505 -157.729 275.097 4023.91 1 0.000603726 -3.76909e-05 0.000142897 7.46221 41.19 0 0.998773 0 0 0.0495164 53.6361 59.4294 159.665 0.999339 0.0328426 0.0113634 0.0106443 
1571662239.908837 1571662249.610725 0 0 0 1 0 0 0 2.77748 -0.315817 0.477918 1 2.10412e-05 -1.86454e-05 -0.000101923 7.46221 41.19 0 0.998773 0 0 0.0495164 56.4299 59.1443 160.059 0.99934 0.0328646 0.0113412 0.0105433 
1571662249.610725 1571662249.908034 0 0 0 1 0 0 0 -1.24131 -1.64557 -3.57901 1 1.00212e-05 1.83349e-05 -5.22454e-05 7.46221 41.19 0 0.998773 0 0 0.0495164 55.139 57.7098 156.408 0.99934 0.0328754 0.0113577 0.0104906 
1571662249.908034 1571662251.007745 -0.000243446 0.04003 0 0.999994 0 0 0.0034981 -124.38 143.308 2051.91 1 0.00055305 4.72796e-05 -0.000284212 7.45801 41.2298 0 0.998594 0 0 0.0530099 -24.0845 63.6392 2215.54 0.999324 0.0334318 0.0113898 0.0102113 
1571662251.007745 1571662252.107652 -4.34983e-05 0.347107 0 1 0 0 0.000202384 -261.255 502.919 6767.03 1 -0.000185388 8.11089e-05 -0.000758169 7.42121 41.5749 0 0.998583 0 0 0.053212 -136.432 109.21 9005.18 0.999337 0.033256 0.0114474 0.00944882 
1571662252.107652 1571662253.107767 -0.000121642 0.322794 0 1 0 0 0.000341392 -288.546 419.055 6269.01 1 0.000151092 9.90074e-05 8.97824e-05 7.38679 41.8959 0 0.998565 0 0 0.0535529 -285.074 106.263 15293 0.99933 0.0334069 0.0115479 0.00953698 
1571662253.107767 1571662254.407853 -6.23515e-05 0.31081 0 1 -0 0 -0.000185172 -236.096 382.938 5794.47 1 0.000336955 0.000298609 0.00033542 7.35348 42.2049 0 0.998575 0 0 0.053368 -390.637 97.9797 21104 0.999312 0.0337426 0.0118543 0.00986609 
1571662254.407853 1571662256.007437 -5.52746e-05 0.0735706 0 1 0 0 0.000806776 -2.75322 -0.73596 -0.401935 1 0.000485494 -4.61326e-05 8.64491e-06 7.34559 42.278 0 0.998532 0 0 0.0541736 -393.385 97.2161 21103.6 0.999296 0.0342272 0.0118037 0.00988204 
1571662256.007437 1571662256.207414 0 0 0 1 0 0 0 1.64423 -0.283057 -8.02829 1 2.13967e-05 3.29748e-06 5.52901e-07 7.34559 42.278 0 0.998532 0 0 0.0541736 -391.931 97.5149 21095.5 0.999295 0.0342486 0.0118068 0.00988273 
1571662256.207414 1571662291.803769 0 0 0 1 0 0 0 24.78 -10.4008 -239.596 1 -1.71488e-05 -2.6196e-05 5.87399e-05 7.34559 42.278 0 0.998532 0 0 0.0541736 -372.782 103.994 20855.3 0.999295 0.0342305 0.0117828 0.00994212 
1571662291.803769 1571662294.003565 0.000480797 0.264396 0 1 0 0 -0.000976912 -290 426.278 6390.66 0.999998 0.00195627 -1.37254e-05 -0.000450331 7.31746 42.5409 0 0.998584 0 0 0.0531981 -515.927 87.4875 27265.1 0.999231 0.0361905 0.0117342 0.00951561 
1571662294.003565 1571662294.703492 -6.35263e-05 0.354935 0 1 -0 0 -0.000302352 -374.689 423.547 6722.18 0.999996 0.00276824 0.000451067 0.000643068 7.27969 42.8939 0 0.9986 0 0 0.0528962 -735.872 17.7221 34007.1 0.999115 0.0389532 0.0121818 0.0101743 
1571662294.703492 1571662295.403424 -8.70467e-06 0.303729 0 1 0 0 0.000504515 -268.962 240.851 5648.09 0.999994 0.00308141 -9.37929e-05 -0.00167544 7.24759 43.1959 0 0.998573 0 0 0.0534 -867.404 -186.163 39661.5 0.999007 0.0420511 0.0119914 0.00854147 
1571662295.403424 1571662295.903382 -0.000246928 0.411512 0 1 0 0 0.00067964 -402.524 1281.21 7952.75 0.999988 -0.0048686 -1.93471e-05 0.00097013 7.20346 43.605 0 0.998537 0 0 0.0540787 -1094.07 416.499 47701.1 0.999191 0.037175 0.0120543 0.00945296 
1571662295.903382 1571662296.203345 -0.000114466 0.289906 0 1 0 0 0.000145145 -75.9513 392.371 5458.96 1 0.000377376 -0.000331062 0.00016286 7.17204 43.8932 0 0.998529 0 0 0.0542236 -1041.71 401.911 53174.4 0.99918 0.037547 0.011726 0.00963255 
1571662296.203345 1571662296.503322 -4.15791e-05 0.314018 0 1 0 0 0.000202169 -339.465 466.436 5943.62 1 -0.000377739 8.52432e-05 -0.000556781 7.13799 44.2054 0 0.998518 0 0 0.0544255 -1246.01 415.491 59142.4 0.999198 0.0371769 0.0117939 0.00906859 
1571662296.503322 1571662296.803291 1.24515e-05 0.330215 0 1 0 0 -0.000129968 -266.233 473.195 6272.45 1 -0.000211588 -1.88857e-05 -6.59524e-05 7.10211 44.5336 0 0.998525 0 0 0.0542957 -1368.23 417.577 65437.1 0.999207 0.0369661 0.0117745 0.0090009 
1571662296.803291 1571662297.103249 -5.81759e-05 0.344163 0 1 0 0 4.07712e-05 -240.769 545.223 6403.92 1 -0.000548075 -0.000124394 0.000561857 7.06474 44.8758 0 0.998523 0 0 0.0543364 -1463.27 484.957 71867.7 0.999223 0.0364107 0.0116759 0.00956045 
1571662297.103249 1571662297.403234 -3.02677e-05 0.353328 0 1 0 0 -8.57028e-05 -245.598 487.723 6852.94 0.999999 -0.00105601 -0.000237254 -0.000813361 7.02637 45.227 0 0.998527 0 0 0.0542508 -1552.99 469.274 78741.7 0.999271 0.0353627 0.0114193 0.00874402 
1571662297.403234 1571662297.703214 -0.000143284 0.358518 0 1 0 0 0.000919215 -364.765 431.793 6790.07 0.999999 -0.000370937 -3.76711e-05 -0.00168497 6.98738 45.5834 0 0.998477 0 0 0.0551687 -1765.64 414.727 85551.8 0.999298 0.0350109 0.0113253 0.00705736 
1571662297.703214 1571662298.003177 -2.68335e-05 0.320739 0 1 -0 0 -0.000553463 -331.772 263.917 6441.56 0.999963 -0.00860285 0.000335185 0.000241771 6.95202 45.9022 0 0.998507 0 0 0.054616 -1951.82 223.325 92001.7 0.999556 0.0264124 0.011729 0.00718953 
1571662298.003177 1571662298.304021 -8.20828e-05 0.295375 0 1 0 0 0.000262427 -284.691 654.174 5489.29 0.999967 0.00810674 -7.87945e-06 -0.00100524 6.91972 46.1958 0 0.998493 0 0 0.0548781 -2114.6 583.334 97523.1 0.999316 0.0345264 0.0116359 0.00627979 
1571662298.304021 1571662300.102960 0.000152314 0.237458 0 0.999999 0 0 -0.00121103 -52.0513 152.956 2428.49 1 -0.000262986 2.74034e-05 0.000581154 6.89385 46.4318 0 0.998559 0 0 0.0536688 -2110.9 567.993 99956.9 0.999321 0.034257 0.011685 0.00685654 
1571662300.102960 1571662300.402934 0 0 0 1 0 0 0 63.8463 4.70288 22.5669 1 9.17915e-05 -0.000156972 -3.81162e-05 6.89385 46.4318 0 0.998559 0 0 0.0536688 -2046.6 572.069 99978.3 0.99932 0.0343481 0.0115262 0.0068249 
1571662300.402934 1571662324.901541 0 0 0 1 0 0 0 -34.0762 -12.8028 19.9466 1 3.60754e-05 0.000144398 0.000115014 6.89385 46.4318 0 0.998559 0 0 0.0536688 -2080.03 557.439 99998 0.999316 0.0343838 0.0116742 0.00693529 
1571662324.901541 1571662326.200382 -0.00012477 0.0477931 0 0.999999 0 0 0.00158813 -126.432 152.959 2206.87 1 0.000708815 7.54918e-05 -0.00019263 6.8886 46.4793 0 0.998472 0 0 0.0552546 -2155.87 556.868 102213 0.999292 0.0350949 0.0117381 0.00674847 
1571662326.200382 1571662327.100274 -0.000310404 0.356742 0 1 0 0 0.000319021 -201.41 537.786 7014.48 0.999999 0.000954034 -0.000246381 -0.000343273 6.84893 46.8339 0 0.998455 0 0 0.0555731 -2196.14 599.513 109250 0.999263 0.0360506 0.0114734 0.00642528 
1571662327.100274 1571662327.600239 0.0001595 0.30446 0 1 -0 0 -0.000281328 -238.474 353.58 5865.52 1 0.000562094 3.94925e-05 0.000517265 6.8153 47.1365 0 0.99847 0 0 0.0552922 -2301.56 527.15 115130 0.999239 0.0366066 0.0115279 0.00694719 
1571662327.600239 1571662328.100190 -1.76893e-05 0.371553 0 1 0 0 2.68804e-05 -325.768 574.708 7045.48 1 0.00030623 0.000312683 0.000811017 6.77426 47.5057 0 0.998469 0 0 0.0553191 -2468.81 581.164 122204 0.999218 0.0369054 0.0118679 0.00774967 
1571662328.100190 1571662328.500157 -1.93119e-05 0.341534 0 1 0 0 1.0984e-06 -173.612 450.997 6431.4 1 4.09137e-05 -5.61072e-05 0.000609274 6.73651 47.8452 0 0.998469 0 0 0.0553202 -2492.73 554.884 128653 0.999212 0.0369386 0.011834 0.00836102 
1571662328.500157 1571662328.900116 4.39933e-05 0.318556 0 1 0 0 -0.000126558 -282.397 443.653 6191.4 0.999999 -0.00106066 6.14335e-05 -0.00117627 6.70136 48.1618 0 0.998476 0 0 0.0551938 -2631.78 536.48 134866 0.99926 0.0358932 0.0118608 0.00717085 
1571662328.900116 1571662329.400057 -7.84577e-05 0.328305 0 1 0 0 0.000167932 -312.772 479.339 6259.22 1 0.000179175 5.6039e-05 -0.000816413 6.6651 48.4881 0 0.998466 0 0 0.0553615 -2799.31 561.857 141149 0.999258 0.0360823 0.0118862 0.00635515 
1571662329.400057 1571662329.900011 -4.98659e-05 0.320076 0 1 0 0 0.000170055 -295.852 434.805 6090.2 1 0.000481466 0.000107723 -1.87869e-05 6.62967 48.8062 0 0.998457 0 0 0.0555313 -2952.74 553.233 147260 0.999239 0.0365643 0.0119901 0.00633821 
1571662329.900011 1571662330.399958 -2.82498e-05 0.29417 0 1 0 0 6.77192e-05 -245.44 430.744 5614.88 1 0.00031517 0.000120306 -0.000408083 6.59702 49.0986 0 0.998453 0 0 0.0555989 -3066.02 570.023 152895 0.999229 0.0368849 0.0120934 0.00592982 
1571662330.399958 1571662332.199788 -0.000311373 0.270674 0 0.999994 0 0 0.00341584 -80.3892 245.73 3422.71 1 0.000453635 -8.54331e-05 -0.000291242 6.56666 49.3675 0 0.998257 0 0 0.0590091 -3064.85 562.235 156328 0.999215 0.0373412 0.0119946 0.00564744 
1571662332.199788 1571662332.499754 0 0 0 1 0 0 0 -4.53977 5.82987 29.5151 1 8.95174e-05 2.68532e-05 -9.98299e-05 6.56666 49.3675 0 0.998257 0 0 0.0590091 -3068.73 565.795 156358 0.999212 0.037432 0.0120172 0.00554776 
1571662332.499754 1571662367.896290 0 0 0 1 0 0 0 -0.840187 -12.4791 -233.185 1 2.29918e-05 1.69607e-05 4.5108e-05 6.56666 49.3675 0 0.998257 0 0 0.0590091 -3075.14 570.754 156124 0.99921 0.0374545 0.0120357 0.00559247 
1571662367.896290 1571662370.596540 0.000441507 0.0686054 0 0.999994 0 0 -0.0033743 -120.086 196.145 2782.89 1 0.000752823 7.88731e-06 -0.000268816 6.55901 49.4357 0 0.998451 0 0 0.0556404 -3129.1 556.961 158916 0.999183 0.03821 0.0120293 0.00533263 
1571662370.596540 1571662371.495885 -9.16954e-05 0.336719 0 1 0 0 0.000424629 -294.348 465.666 6734.3 1 -0.000122318 0.000311567 -0.00015357 6.52151 49.7703 0 0.998427 0 0 0.0560643 -3263.25 504.483 165671 0.999185 0.0380913 0.0123354 0.00516581 
1571662371.495885 1571662372.095811 -0.00025716 0.347783 0 1 0 0 0.000383784 -191.806 528.742 6702.46 1 -7.73372e-05 0.000217564 0.000504626 6.48232 50.1159 0 0.998406 0 0 0.0564475 -3292.09 520.161 172397 0.999182 0.0380089 0.0125724 0.00566078 
1571662372.095811 1571662372.595783 0.000151051 0.33926 0 1 0 0 -0.000339087 -127.589 510.483 6483.68 0.999998 0.000499472 0.000363647 0.0016205 6.44423 50.453 0 0.998425 0 0 0.056109 -3259.23 536.022 178902 0.999148 0.0384896 0.0129945 0.00727241 
1571662372.595783 1571662372.995732 0.000253583 0.281556 0 0.999999 -0 0 -0.00107181 -175.228 367.474 5299.48 0.999999 0.00042729 0.000924486 0.000972062 6.41293 50.7328 0 0.998484 0 0 0.0550388 -3298.78 493.045 184217 0.999112 0.0389106 0.0139525 0.00821361 
1571662372.995732 1571662373.495811 0.000859491 0.393065 0 0.999998 -0 0 -0.00217767 -101.297 622.444 7465.02 0.999997 0.000105203 0.00231526 -0.000639636 6.37059 51.1236 0 0.998602 0 0 0.0528643 -3196.66 533.038 191708 0.999077 0.0390435 0.0162399 0.00748589 
1571662373.495811 1571662373.895644 0.00105435 0.327154 0 0.999995 -0 0 -0.00326057 -84.7657 522.736 6136.15 0.999994 -0.00047746 0.00329022 -0.000380978 6.33709 51.449 0 0.998769 0 0 0.049608 -3085.82 575.527 197865 0.99904 0.0385971 0.0195157 0.00696901 
1571662373.895644 1571662374.296776 0.00126136 0.336608 0 0.999992 -0 0 -0.00412025 133.752 578.456 6471.57 0.999992 -0.000538971 0.00404996 0.000319812 6.30499 51.7841 0 0.998965 0 0 0.0454924 -2703.54 656.939 204352 0.998971 0.0380803 0.0235777 0.00712162 
1571662374.296776 1571662374.596801 0.00107029 0.261718 0 0.999991 -0 0 -0.00433669 114.732 282.708 4911.72 0.999988 -0.000729195 0.00475809 -0.000512665 6.28227 52.0448 0 0.999153 0 0 0.0411598 -2358.42 568.592 209261 0.998879 0.0373974 0.0283163 0.00641102 
1571662374.596801 1571662374.995524 0.00261432 0.344567 0 0.999969 -0 0 -0.00790298 303.521 587.535 6443.93 0.999967 -0.000830077 0.00803438 -0.000362616 6.25654 52.3885 0 0.999447 0 0 0.0332622 -1694.07 679.873 215703 0.998652 0.0366288 0.0363325 0.00572463 
1571662374.995524 1571662375.395494 0.00348598 0.343951 0 0.999943 -0 0 -0.0106962 522.402 483.748 6429.44 0.99994 -0.000851962 0.0108715 -0.000339866 6.23715 52.7319 0 0.999745 0 0 0.0225701 -708.067 701.96 222096 0.998231 0.0358504 0.0471796 0.00495572 
1571662375.395494 1571662375.795462 0.00481738 0.343813 0 0.999892 -0 0 -0.0146761 916.293 490.26 6516.43 0.999891 -0.00121407 0.0146942 -0.000275696 6.22644 53.0756 0 0.999969 0 0 0.00789531 817.022 739.742 228517 0.997474 0.0347204 0.0618388 0.0040959 
1571662375.795462 1571662376.195403 0.00618625 0.338808 0 0.999814 -0 0 -0.0192668 1385.94 478.702 6248.47 0.999815 -0.00116162 0.019182 0.000550588 6.22728 53.4144 0 0.999935 -0 0 -0.0113724 2963.08 804.913 234565 0.996141 0.0335998 0.0809847 0.0039065 
1571662376.195403 1571662376.595369 0.00650911 0.307301 0 0.999768 -0 0 -0.0215218 1466.78 419.75 5684.93 0.99975 -0.000597684 0.0223559 0.000462608 6.24077 53.7215 0 0.999459 -0 0 -0.0328901 5328.32 866.147 239955 0.9941 0.0330459 0.103252 0.00356679 
1571662376.595369 1571662377.495191 0.00638262 0.313101 0 0.999816 -0 0 -0.0191839 1459.05 279.508 5103.17 0.999806 -0.000615812 0.0196647 -8.93845e-05 6.26773 54.0335 0 0.998644 -0 0 -0.0520576 7804.96 833.812 244657 0.991898 0.0325067 0.12278 0.00276382 
1571662377.495191 1571662390.293958 5.11227e-05 0.0446472 0 0.999999 0 0 -0.00139937 -56.6382 -15.2793 -12.645 1 0.000822159 8.04839e-05 -0.000445516 6.27242 54.0779 0 0.99857 0 0 -0.053455 7746.91 818.609 244658 0.991862 0.0333771 0.122843 0.00242024 
1571662390.293958 1571662392.693730 0.0104739 -0.314565 0 0.999587 0 0 0.0287482 -1521.24 -443.537 -7248.21 0.999597 -0.000200647 -0.0283697 0.000983803 6.24925 53.764 0 0.999694 0 0 -0.0247258 4502.63 831.888 237985 0.994951 0.0329751 0.0946879 0.00431731 
1571662392.693730 1571662393.294000 0.00514377 -0.287437 0 0.999845 0 0 0.0176324 -1033.86 -359.598 -5340.39 0.999845 0.000529803 -0.0175952 -2.98945e-05 6.24018 53.4767 0 0.999975 0 0 -0.00709494 2480.44 803.803 232923 0.996446 0.033424 0.0771636 0.00491727 
1571662393.294000 1571662393.993609 0.00732458 -0.35676 0 0.99979 0 0 0.0205046 -1212.2 -484.593 -6697.81 0.999778 0.0014756 -0.0210117 -0.00076723 6.24244 53.1198 0 0.99991 0 0 0.0134106 252.802 743.245 226473 0.9978 0.0348428 0.0561765 0.00496783 
1571662393.993609 1571662394.693552 0.00654554 -0.34308 0 0.999824 0 0 0.0187856 -1235.69 -526.158 -6478.07 0.999808 0.00134998 -0.0195595 0.000433491 6.25819 52.7771 0 0.999482 0 0 0.0321922 -1700.35 648.123 220153 0.998658 0.0360616 0.0366576 0.00615676 
1571662394.693552 1571662395.993421 0.00484087 -0.306076 0 0.999883 0 0 0.0153065 -936.747 -377.642 -5512.36 0.999868 0.00072655 -0.0162248 0.000164566 6.28271 52.4719 0 0.998872 0 0 0.047487 -3036.9 652.044 214710 0.999094 0.0366765 0.0204512 0.00693202 
1571662395.993421 1571662397.693140 0.00541013 -0.324071 0 0.999896 0 0 0.0144164 -668.175 -516.501 -6418.18 0.999911 0.000624286 -0.0133182 0.000671762 6.31884 52.1498 0 0.998083 0 0 0.0618822 -3963.62 595.27 208304 0.99925 0.0371909 0.00716356 0.00810379 
1571662397.693140 1571662399.892913 0.000617889 -0.330228 0 0.999998 0 0 0.00173368 104.62 -519.271 -6284.19 0.999995 0.000672751 -0.00312472 0.000433583 6.36025 51.8222 0 0.997975 0 0 0.0636125 -3944.65 545.603 201998 0.999238 0.0378345 0.00405182 0.00865803 
1571662399.892913 1571662407.192295 8.67116e-05 -0.086001 0 0.999998 0 0 0.00210541 33.9183 -75.7023 -732.382 1 1.02169e-05 -0.000325569 -9.91465e-05 6.37125 51.7369 0 0.997839 0 0 0.0657135 -3915.86 526.051 201261 0.99924 0.0378423 0.00372266 0.00857132 
1571662407.192295 1571662445.188800 0 0 0 1 0 0 0 -8.56937 50.3559 -46.173 1 0.000219271 -1.06177e-05 6.81439e-06 6.37125 51.7369 0 0.997839 0 0 0.0657135 -3925.65 579.595 201219 0.999232 0.0380613 0.00371043 0.00857935 
1571662445.188800 1571662446.988467 0.00188504 0.274665 0 0.999985 -0 0 -0.0055386 -31.3903 493.949 6647.66 0.999991 1.95008e-05 0.00415612 -0.000699076 6.3371 52.0095 0 0.998187 0 0 0.0601858 -3911.73 566.268 207885 0.999213 0.0381187 0.00783655 0.00772262 
1571662446.988467 1571662447.588423 0.00204285 0.309714 0 0.999972 -0 0 -0.00745257 372.134 463.474 5870.87 0.999968 -0.000616917 0.00799846 -0.000498885 6.30192 52.3172 0 0.998608 0 0 0.0527451 -3451.16 587.789 213768 0.999145 0.0375667 0.0158142 0.00691415 
1571662447.588423 1571662448.088366 0.00403676 0.331226 0 0.999916 -0 0 -0.0129685 717.734 502.94 6270.35 0.999915 -0.000711587 0.0130396 -0.000506986 6.27104 52.647 0 0.999208 0 0 0.0397902 -2538.8 630.692 220033 0.998884 0.0369507 0.0288272 0.0059059 
1571662448.088366 1571662448.488329 0.00456746 0.310715 0 0.999887 -0 0 -0.0150058 961.673 451.09 5779.99 0.999886 -0.000895819 0.0150579 -0.000422806 6.25088 52.9571 0 0.999693 0 0 0.0247918 -1247.76 669.21 225766 0.998372 0.0361528 0.0438547 0.00490067 
1571662448.488329 1571662448.888288 0.00650837 0.341753 0 0.999812 -0 0 -0.0193986 1373.3 493.133 6332.69 0.999816 -0.00164287 0.0190748 0.000726217 6.24044 53.2987 0 0.999985 0 0 0.00539451 673.703 724.403 231974 0.997408 0.0345676 0.0629247 0.00486315 
1571662448.888288 1571662449.288283 0.00802894 0.367237 0 0.999759 -0 0 -0.0219497 1522.15 557.159 6648.49 0.999757 -0.000199337 0.0220268 -3.46909e-06 6.24451 53.666 0 0.999863 -0 0 -0.0165562 3017.52 847.209 238402 0.995786 0.0344677 0.0848799 0.00408455 
1571662449.288283 1571662449.588216 0.0052006 0.288568 0 0.999835 -0 0 -0.0181727 1110.68 310.962 5247.03 0.999832 -0.000368104 0.0183275 -0.000420184 6.25926 53.9543 0 0.999397 -0 0 -0.0347237 4999.9 816.411 243395 0.994078 0.0342059 0.103103 0.0030025 
1571662449.588216 1571662449.988188 0.0102666 0.395653 0 0.999647 -0 0 -0.0265656 1872.93 460.552 7199 0.999626 0.000227045 0.0273471 -0.000666459 6.29696 54.3483 0 0.998122 -0 0 -0.061261 8310.64 815.145 250073 0.99088 0.0345696 0.130226 0.00142684 
1571662449.988188 1571662450.288158 0.0069006 0.30397 0 0.99974 -0 0 -0.0228185 1590.71 335.184 5437.38 0.999742 -0.000589801 0.0227064 -0.000509316 6.34099 54.6491 0 0.996464 -0 0 -0.0840206 11253.3 797.861 254925 0.987689 0.034075 0.152675 6.00429e-05 
1571662450.288158 1571662450.588120 0.00776115 0.307401 0 0.999668 -0 0 -0.0257772 1648.39 365.815 5468.23 0.999662 -0.000168727 0.0259691 -0.000903963 6.40011 54.9509 0 0.993967 -0 0 -0.109679 14477.8 812.201 259653 0.983396 0.0340364 0.178242 -0.00174347 
1571662450.588120 1571662450.888097 0.00871749 0.309982 0 0.999591 -0 0 -0.0286125 1889.96 321.05 5460.46 0.999597 -0.000360304 0.028298 -0.00214008 6.47621 55.2515 0 0.990422 -0 0 -0.138074 18166.2 780.024 264113 0.977965 0.0340005 0.205925 -0.0048747 
1571662450.888097 1571662451.288051 0.0171499 0.411982 0 0.999105 -0 0 -0.0422985 3002.79 517.754 7217.75 0.999121 0.000408368 0.041871 -0.00210039 6.60538 55.6431 0 0.983695 -0 0 -0.179844 23831.1 815.486 269525 0.968458 0.0345984 0.246623 -0.00826407 
1571662451.288051 1571662451.588015 0.0102895 0.308554 0 0.999424 -0 0 -0.0339495 2311.29 379.669 5490.94 0.999414 -0.000366718 0.034214 -0.000696972 6.72418 55.928 0 0.977023 -0 0 -0.213136 28493.3 806.288 273253 0.95946 0.0341121 0.279586 -0.0102084 
1571662451.588015 1571662451.887998 0.011015 0.30842 0 0.999365 -0 0 -0.0356266 2571.35 404.712 5432.32 0.999385 -0.00019537 0.0350657 0.000402426 6.86264 56.2038 0 0.968809 -0 0 -0.247808 33588.4 822.05 276466 0.949077 0.0334332 0.31307 -0.0110668 
1571662451.887998 1571662452.187955 0.0111443 0.312847 0 0.999368 -0 0 -0.0355454 2476.85 442.885 5574.85 0.999343 -0.000596205 0.0362339 0.000407548 7.02263 56.4729 0 0.959388 -0 0 -0.282089 38906.5 871.239 279487 0.937134 0.0323168 0.34726 -0.0120708 
1571662452.187955 1571662452.487930 0.0114477 0.314706 0 0.999335 -0 0 -0.036455 2588 485.919 5577.37 0.99931 -0.000133316 0.0371333 1.07729e-05 7.2026 56.7313 0 0.948467 -0 0 -0.316876 44517.2 970.958 282047 0.923597 0.0317176 0.381818 -0.0132987 
1571662452.487930 1571662452.787901 0.0117141 0.313477 0 0.999298 -0 0 -0.0374648 2654.22 454.742 5472.1 0.999297 0.000973732 0.0374652 0.000390841 7.40039 56.9748 0 0.93593 -0 0 -0.352187 50273.6 1047.54 284060 0.908618 0.0319472 0.416178 -0.0137449 
1571662452.787901 1571662453.187858 0.0210678 0.426193 0 0.998789 -0 0 -0.0491894 3536.75 582.194 7593.2 0.998704 -0.00338572 0.0507593 -0.00137971 7.6972 57.2814 0 0.917473 -0 0 -0.397799 58349.8 1106.33 286356 0.886405 0.028706 0.461669 -0.0180114 
1571662453.187858 1571662453.487971 0.0123853 0.325269 0 0.999275 -0 0 -0.038064 2699.07 423.391 5676.6 0.999266 -0.000220311 0.0383155 -0.000352806 7.94309 57.4947 0 0.901666 -0 0 -0.432433 64561.5 1130.82 287407 0.868065 0.0279624 0.495279 -0.0195125 
1571662453.487971 1571662453.788108 0.0121366 0.32044 0 0.999291 -0 0 -0.0376368 2659.24 350.846 5558.37 0.999264 -4.88961e-05 0.0383673 -0.000509208 8.20057 57.6858 0 0.884752 -0 0 -0.466063 70709.1 1087.15 287950 0.848414 0.0274029 0.528204 -0.0210372 
1571662453.788108 1571662454.087933 0.0116233 0.3154 0 0.999322 -0 0 -0.0368277 2678.18 318.366 5606.52 0.999301 -0.000819395 0.037385 -0.000308625 8.46726 57.8546 0 0.866988 -0 0 -0.49833 76929.6 1001.39 288024 0.82809 0.0260651 0.559527 -0.0227416 
1571662454.087933 1571662454.387898 0.0115855 0.316219 0 0.999343 -0 0 -0.0362417 2601.19 463.976 5549.1 0.999305 -0.00148907 0.0372048 -0.00181367 8.74633 58.0038 0 0.848358 -0 0 -0.529424 83066 1061.39 287686 0.806695 0.0249826 0.589866 -0.0260306 
1571662454.387898 1571662454.687856 0.0114689 0.314788 0 0.999335 -0 0 -0.0364603 2702.47 404.552 5602.75 0.99931 0.000325895 0.0370897 -0.00171513 9.03414 58.1318 0 0.828491 -0 0 -0.560003 89237.9 1033.16 286811 0.784208 0.0252745 0.619345 -0.0281306 
1571662454.687856 1571662454.987675 0.0111678 0.308257 0 0.999356 -0 0 -0.0358937 2600.92 435.034 5428.5 0.999363 -0.0013871 0.0355503 -0.00289262 9.32434 58.2363 0 0.807856 -0 0 -0.58938 95137.6 1029.27 285540 0.761644 0.0249621 0.646717 -0.0321387 
1571662454.987675 1571662455.387631 0.0151828 0.370039 0 0.999168 -0 0 -0.0407814 2930.74 702.382 6722.71 0.999124 -0.000377964 0.0418374 -0.000253502 9.68135 58.3348 0 0.783148 -0 0 -0.621835 102280 1145.39 283736 0.733921 0.0234717 0.677997 -0.0335924 
1571662455.387631 1571662455.887736 0.00630089 0.268282 0 0.999777 -0 0 -0.0210957 1898.29 479.594 4888.81 0.99974 0.000377136 0.022801 0.0001126 9.94408 58.3895 0 0.769856 -0 0 -0.638218 107325 1199.07 282228 0.718266 0.0229001 0.69457 -0.0337805 
1571662455.887736 1571662458.987199 0.00493477 0.28918 0 0.999849 0 0 -0.0173672 1182.74 249.281 4143.2 0.999856 0.000642076 0.0169057 -0.00149374 10.2292 58.4383 0 0.758656 0 0 -0.651492 111512 1097.03 281184 0.706355 0.0238244 0.7066 -0.0347897 
1571662458.987199 1571662459.187175 0 0 0 1 0 0 0 -64.3548 11.1513 -77.3642 1 -0.000129636 -0.000101757 -3.42796e-05 10.2292 58.4383 0 0.758656 0 0 -0.651492 111435 1115.54 281248 0.706429 0.0237606 0.706523 -0.0349031 
1571662459.187175 1571662464.386689 0 0 0 1 0 0 0 -107.734 -19.6139 -209.544 1 -2.23384e-05 -0.000870428 -1.65564e-05 10.2292 58.4383 0 0.758656 0 0 -0.651492 111225 1115.06 281356 0.707044 0.0237869 0.705907 -0.0349099 
1571662464.386689 1571662465.686556 0.00036849 0.0434549 0 0.999976 -0 0 -0.0068884 535.688 147.147 1940.29 0.999966 0.000300894 0.00824133 -0.000692115 10.2722 58.4445 0 0.75415 -0 0 -0.656702 113171 1092.33 280822 0.701171 0.0241997 0.711704 -0.0353817 
1571662465.686556 1571662466.686469 0.011172 0.367724 0 0.99959 -0 0 -0.0286443 1849.19 579.076 7201.07 0.999622 0.00102389 0.0274564 -0.00120795 10.6379 58.484 0 0.73503 -0 0 -0.678035 120366 1034.19 278861 0.681297 0.0247967 0.730693 -0.036151 
1571662466.686469 1571662467.186422 0.00671935 0.349342 0 0.999848 -0 0 -0.0174186 1066.95 553.878 6641.7 0.999847 -0.000375737 0.0174641 0.000409028 10.9867 58.5054 0 0.723108 -0 0 -0.690735 126939 996.749 277328 0.668456 0.0236067 0.742476 -0.0365744 
1571662467.186422 1571662467.586383 0.00396992 0.344288 0 0.999939 -0 0 -0.0110884 633.392 566.341 6618.5 0.999932 -0.00081649 0.0115758 0.000966159 11.3308 58.5172 0 0.715404 -0 0 -0.698711 133478 983.836 275999 0.659871 0.0219186 0.750157 -0.0368056 
1571662467.586383 1571662467.886355 0.00219034 0.289658 0 0.999974 -0 0 -0.00715545 309.065 498.701 5562.53 0.99997 -0.00122253 0.0076387 0.000221135 11.6204 58.5218 0 0.710387 -0 0 -0.703812 138977 1007.79 274976 0.654156 0.0206642 0.755135 -0.0377431 
1571662467.886355 1571662468.186657 0.00213243 0.309402 0 0.999979 -0 0 -0.00649275 309.536 375.242 5909.38 0.999983 0.00051723 0.00587978 0.000162444 11.9298 58.5226 0 0.705802 -0 0 -0.708409 144792 879.407 273824 0.6497 0.0206576 0.758991 -0.0373671 
1571662468.186657 1571662468.486308 0.00174692 0.323559 0 0.999986 -0 0 -0.00520702 62.2558 433.813 6191.56 0.999987 0.000298756 0.00511098 -0.000319184 12.2534 58.5196 0 0.702104 -0 0 -0.712075 150914 793.17 272802 0.645794 0.0209027 0.762306 -0.0374528 
1571662468.486308 1571662468.786457 0.00134366 0.337615 0 0.999992 -0 0 -0.00396835 35.8502 552.406 6501.2 0.99999 0.000539544 0.00429926 -0.0004771 12.5909 58.5135 0 0.699272 -0 0 -0.714855 157343 796.21 271690 0.642481 0.0214536 0.765085 -0.0374391 
1571662468.786457 1571662469.086275 0.000926719 0.347448 0 0.999997 -0 0 -0.00254669 46.0322 567.03 6831.33 0.999994 -0.000187728 0.00330884 0.000609081 12.9383 58.5049 0 0.69745 -0 0 -0.716634 164086 780.75 270455 0.639973 0.020743 0.767213 -0.0372622 
1571662469.086275 1571662469.386346 0.00082149 0.359142 0 0.999998 -0 0 -0.00217468 -75.562 493.025 6857.34 0.999996 -0.000133927 0.00269983 0.000179897 13.2973 58.4944 0 0.695889 -0 0 -0.718149 170862 699.043 269293 0.637909 0.0204186 0.768937 -0.0373057 
1571662469.386346 1571662469.686239 0.000479463 0.369042 0 0.999999 -0 0 -0.00101626 -177.585 458.098 7063.68 0.999998 -0.000568788 0.00157373 -0.000654902 13.6661 58.4823 0 0.695159 -0 0 -0.718856 177850 569.095 268158 0.636685 0.0205006 0.769905 -0.0381929 
1571662469.686239 1571662469.886173 2.03436e-05 0.251007 0 1 0 0 -5.98113e-05 -294.699 358.194 4754.61 1 -0.000263845 0.000424905 -0.000500347 13.917 58.4739 0 0.695116 0 0 -0.718897 182588 527.237 267550 0.636344 0.0207016 0.770155 -0.0387233 
1571662469.886173 1571662470.186153 -0.000140769 0.386406 0 1 0 0 0.000615375 -347.725 504.801 7351.97 0.999999 -0.000400843 -0.000939282 -0.000111036 14.3032 58.461 0 0.695558 0 0 -0.718469 189889 403.926 266499 0.637071 0.0205684 0.769539 -0.0390832 
1571662470.186153 1571662470.486133 -0.000970574 0.395902 0 0.999996 0 0 0.00276026 -603.322 590.304 7674.97 0.999998 0.00100591 -0.00189989 0.000391842 14.6989 58.4491 0 0.697539 0 0 -0.716547 197563 340.069 265649 0.638526 0.0209819 0.768374 -0.0380203 
1571662470.486133 1571662470.686090 -0.000742911 0.266594 0 0.999996 0 0 0.00294334 -260.403 405.954 5351.53 0.999996 0.000752791 -0.00277788 0.000335531 14.9654 58.4427 0 0.699645 0 0 -0.714491 202887 292.667 264920 0.640655 0.0213103 0.766633 -0.0371692 
1571662470.686090 1571662470.886141 -0.000992205 0.268817 0 0.999993 0 0 0.0038519 -521.903 416.95 5251.71 0.999994 0.000765382 -0.00321848 0.000542415 15.2342 58.4381 0 0.702392 0 0 -0.71179 208164 273.195 264495 0.643122 0.0215043 0.764607 -0.0361661 
1571662470.886141 1571662471.186048 -0.00269163 0.411982 0 0.999977 0 0 0.00679017 -855.862 691.178 7977.67 0.999978 -0.000658117 -0.00661286 -0.000520845 15.6462 58.4353 0 0.707209 0 0 -0.707005 216199 311.723 263962 0.64816 0.021718 0.760302 -0.0368613 
1571662471.186048 1571662471.386027 -0.00159288 0.27704 0 0.999982 0 0 0.0059569 -653.693 432.342 5468.01 0.999983 -0.0008059 -0.00573882 0.000392887 15.9232 58.437 0 0.711408 0 0 -0.702779 221718 291.697 263736 0.652544 0.0211081 0.756548 -0.0370941 
1571662471.386027 1571662471.586011 -0.00173544 0.279874 0 0.999979 0 0 0.00648139 -699.559 414.665 5548.81 0.999977 -0.000650986 -0.00668352 0.000188135 16.2031 58.4421 0 0.715948 0 0 -0.698154 227325 252.079 263608 0.657606 0.0207884 0.752149 -0.0373219 
1571662471.586011 1571662471.885975 -0.00525455 0.431693 0 0.999918 0 0 0.0128171 -1261.42 595.636 8299.31 0.999918 0.000320601 -0.0128114 0.000481138 16.6345 58.4582 0 0.724837 0 0 -0.68892 235739 175.148 263742 0.6672 0.0211138 0.743685 -0.036495 
1571662471.885975 1571662472.085940 -0.00279249 0.267708 0 0.999942 0 0 0.0107627 -979.052 362.235 5538.1 0.999941 0.000627692 -0.0107997 0.00042326 16.9017 58.4746 0 0.73221 0 0 -0.681079 241362 96.3805 264113 0.675194 0.0216107 0.736467 -0.0355156 
1571662472.085940 1571662472.385850 -0.00887413 0.415467 0 0.999751 0 0 0.0223252 -2076.9 632.867 8117.4 0.999784 -0.000878411 -0.0207424 -0.000760472 17.3154 58.5135 0 0.747233 0 0 -0.664562 249654 99.0296 265472 0.690317 0.0223097 0.722256 -0.0362201 
1571662472.385850 1571662472.585882 -0.00477306 0.275037 0 0.999838 0 0 0.0180174 -1508.65 456.27 5487 0.999852 0.00126294 -0.0171337 -2.57201e-05 17.588 58.5503 0 0.759085 0 0 -0.650991 255223 124.383 266726 0.702561 0.0238174 0.710367 -0.0349381 
1571662472.585882 1571662472.885698 -0.0135147 0.402159 0 0.999365 0 0 0.035636 -3180.86 680.788 8037.35 0.999418 0.00193626 -0.0340542 0.000722384 17.9834 58.625 0 0.781802 0 0 -0.623527 263326 183.321 269812 0.726322 0.0258405 0.686113 -0.0322237 
1571662472.885698 1571662473.085673 -0.00722739 0.25986 0 0.999608 0 0 0.0280139 -2440.02 429.008 5366.21 0.999614 0.000112558 -0.0277781 0.000354155 18.2352 58.6898 0 0.798962 0 0 -0.601381 268563 199.844 272551 0.745109 0.0265644 0.665685 -0.031159 
1571662473.085673 1571662473.385623 -0.0163491 0.384049 0 0.999085 0 0 0.0427651 -3911.39 490.13 7580.22 0.99909 0.000883867 -0.0426386 0.000439664 18.5997 58.8118 0 0.82395 0 0 -0.566663 275673 117.082 277288 0.772805 0.0282347 0.633348 -0.029082 
1571662473.385623 1571662473.585607 -0.00723393 0.253017 0 0.999588 0 0 0.0287176 -2475.22 392.365 5171.39 0.999593 -3.31917e-05 -0.0285395 0.000137228 18.8334 58.9091 0 0.839883 0 0 -0.542768 280274 114.709 280733 0.79057 0.0289406 0.611037 -0.0281793 
1571662473.585607 1571662473.885559 -0.0158696 0.374015 0 0.999103 0 0 0.0423503 -3914.5 557.725 7617.22 0.999115 -5.00936e-06 -0.0420305 0.00131459 19.1679 59.0772 0 0.862116 0 0 -0.506711 286680 95.7056 286444 0.815591 0.0292922 0.577307 -0.0259018 
1571662473.885559 1571662474.085527 -0.00691183 0.247678 0 0.999612 0 0 0.0278513 -2356.78 405.653 4955.66 0.999605 -0.000388234 -0.028078 0.000567707 19.3809 59.2037 0 0.875894 0 0 -0.482504 290587 134.992 290318 0.831505 0.0293635 0.554185 -0.0248302 
1571662474.085527 1571662474.385524 -0.0151232 0.367012 0 0.999151 0 0 0.0411864 -3596.53 589.452 7437.15 0.999143 0.00041536 -0.0413762 0.000806614 19.683 59.4126 0 0.895023 0 0 -0.446019 296091 186.312 296506 0.85373 0.0302641 0.51934 -0.0226931 
1571662474.385524 1571662474.685471 -0.0148692 0.364913 0 0.999166 0 0 0.0408371 -3688.52 520.873 7386.76 0.99918 0.000196097 -0.0404852 0.00109027 19.9654 59.6442 0 0.912491 0 0 -0.409097 300973 176.846 303185 0.874074 0.0307592 0.484388 -0.0204166 
1571662474.685471 1571662474.985441 -0.0147175 0.36171 0 0.999173 0 0 0.0406552 -3583.37 591.249 7250.66 0.99918 0.000128754 -0.0404983 0.000372486 20.2257 59.8959 0 0.928368 0 0 -0.371661 305243 254.307 310079 0.892977 0.0314929 0.448606 -0.0187662 
1571662474.985441 1571662475.185432 -0.00631264 0.239439 0 0.999652 0 0 0.0263671 -2266.4 363.924 4829.11 0.999643 0.000885175 -0.0267034 0.00044854 20.3864 60.0735 0 0.937845 0 0 -0.347054 307776 276.251 314787 0.904618 0.032572 0.424631 -0.0171209 
1571662475.185432 1571662475.485406 -0.0141814 0.354878 0 0.999198 0 0 0.0400435 -3564.54 557.531 7100.39 0.999209 0.000146051 -0.0397535 0.000388128 20.6066 60.3521 0 0.95099 0 0 -0.309221 310979 322.413 322079 0.920786 0.0331942 0.388349 -0.0153994 
1571662475.485406 1571662475.785377 -0.0138841 0.351059 0 0.999213 0 0 0.039677 -3574.19 576.111 7076.26 0.999227 -0.000691569 -0.039306 0.000434226 20.8018 60.6442 0 0.96251 0 0 -0.271245 313569 388.988 329594 0.935368 0.0329684 0.35186 -0.0139515 
1571662475.785377 1571662476.085354 -0.0139854 0.351895 0 0.999216 0 0 0.0395804 -3478.05 575.891 7121.52 0.999218 0.00013139 -0.0395348 0.00109129 20.9737 60.9516 0 0.972492 0 0 -0.232936 315663 464.346 337259 0.948558 0.0332331 0.314643 -0.0115702 
1571662476.085354 1571662476.385346 -0.0136602 0.348971 0 0.999227 0 0 0.0393202 -3540.72 579.749 7009.16 0.999244 0.00112088 -0.0388496 0.000936243 21.1196 61.2689 0 0.980899 0 0 -0.194517 317028 553.391 345013 0.960038 0.0344261 0.277598 -0.0090296 
1571662476.385346 1571662476.585327 -0.0060821 0.231718 0 0.999656 0 0 0.0262388 -2232.35 401.344 4746.07 0.999665 0.000612031 -0.0258636 0.0011814 21.2024 61.4854 0 0.985665 0 0 -0.168713 317681 612.243 350232 0.966885 0.0349077 0.252721 -0.0068321 
1571662476.585327 1571662476.885290 -0.0136342 0.348362 0 0.999249 0 0 0.0387359 -3503.32 615.392 7086.13 0.99926 0.000374031 -0.0384525 0.00130824 21.3054 61.8185 0 0.991461 0 0 -0.130405 318105 707.743 358149 0.975883 0.0351756 0.215403 -0.00412531 
1571662476.885290 1571662477.185297 -0.0134076 0.351247 0 0.999281 0 0 0.037918 -3363.16 565.677 7126.57 0.999274 0.000263864 -0.0380862 0.000908462 21.3833 62.1613 0 0.995692 0 0 -0.0927173 318061 746.178 366050 0.983373 0.035369 0.178112 -0.00183922 
1571662477.185297 1571662477.485241 -0.0131003 0.355459 0 0.999344 0 0 0.0362145 -3305.44 464.495 7190.48 0.999348 0.000357085 -0.0360913 0.00120902 21.436 62.513 0 0.998397 0 0 -0.056598 317491 674.925 373956 0.989149 0.0355481 0.142548 0.000691008 
1571662477.485241 1571662477.785200 -0.0114232 0.347192 0 0.999471 0 0 0.0325192 -2992.07 598.019 7070.41 0.99945 0.000880926 -0.0331307 0.00127259 21.4639 62.8593 0 0.99971 0 0 -0.024101 316620 741.186 381607 0.993295 0.0361956 0.109743 0.00325271 
1571662477.785200 1571662478.086767 -0.00990164 0.333624 0 0.999576 0 0 0.0291134 -2818.64 544.405 6788.04 0.999576 -0.000300941 -0.0291209 -0.00067324 21.4701 63.193 0 0.999987 0 0 0.0050142 315351 760.293 388867 0.996083 0.0358605 0.0807474 0.00360363 
1571662478.086767 1571662478.385044 -0.00736246 0.308388 0 0.999737 0 0 0.0229472 -2348.59 479.523 6428.12 0.999731 -0.000916883 -0.023133 -0.00109097 21.4596 63.5013 0 0.999609 0 0 0.0279598 314068 752.624 395607 0.99772 0.0349423 0.0576475 0.00327149 
1571662478.385044 1571662478.784936 -0.00584075 0.311273 0 0.999843 0 0 0.017717 -1909.75 694.229 6406.44 0.999832 -0.0015008 -0.0182628 -0.000730164 21.4364 63.8118 0 0.998957 0 0 0.0456655 312908 980.708 402223 0.99866 0.0334214 0.039396 0.00309407 
1571662478.784936 1571662487.484319 -0.00286596 0.276706 0 0.999925 0 0 0.0122764 -1139.27 332.424 5088.64 0.999935 0.00105301 -0.0112942 0.00148946 21.4083 64.087 0 0.998321 0 0 0.0579257 312173 963.9 407396 0.999 0.0343772 0.0281609 0.00500028 
1571662487.484319 1571662488.484184 -0.00934127 0.347306 0 0.999638 0 0 0.026892 -2392.92 494.882 7422.38 0.999654 0.00133376 -0.0262268 0.00118189 21.3589 64.4309 0 0.996402 0 0 0.0847516 310200 921.328 414957 0.999341 0.0355333 0.0019846 0.00711842 
1571662488.484184 1571662489.084102 -0.0107507 0.367904 0 0.999586 0 0 0.0287802 -2529.54 458.696 7510.37 0.999618 0.00182258 -0.0275483 0.00122424 21.2861 64.7917 0 0.99355 0 0 0.113393 307698 809.3 422490 0.998941 0.0371426 -0.0255158 0.00932164 
1571662489.084102 1571662489.484072 -0.00733853 0.338382 0 0.999789 0 0 0.0205344 -2018.95 526.838 6875.12 0.999791 0.000845435 -0.0204376 0.000351758 21.2027 65.1198 0 0.991012 0 0 0.133771 305325 787.371 429272 0.998175 0.0377978 -0.0459212 0.0104086 
1571662489.484072 1571662489.784046 -0.00377338 0.288894 0 0.999922 0 0 0.0124947 -1243.83 467.42 5915.73 0.999923 0.000225607 -0.0124068 0.000172417 21.1225 65.3973 0 0.989263 0 0 0.146143 303538 779.784 435065 0.997519 0.0378989 -0.0582977 0.0110385 
1571662489.784046 1571662490.084020 -0.00326727 0.312711 0 0.999953 0 0 0.00968486 -1109.47 475.188 6284.1 0.999955 -0.000197614 -0.00947174 0.000367023 21.0289 65.6957 0 0.987802 0 0 0.155717 301698 750.733 441194 0.996925 0.0376169 -0.0677272 0.0117746 
1571662490.084020 1571662490.383990 -0.00209049 0.332808 0 0.999986 0 0 0.00527683 -790.295 550.548 6655.92 0.999989 0.000217455 -0.00470386 0.000186286 20.9246 66.0118 0 0.986966 0 0 0.160928 300006 775.218 447703 0.996585 0.0377905 -0.0724114 0.0121224 
1571662490.383990 1571662490.683973 -0.000521302 0.351234 0 1 0 0 0.000899524 -288.066 610.113 6986.15 0.999999 0.000138381 -0.000996891 0.00115501 20.8125 66.3446 0 0.986821 0 0 0.161815 298701 839.543 454599 0.996492 0.0379999 -0.0733628 0.0133011 
1571662490.683973 1571662490.983940 0.000615245 0.367469 0 0.999998 -0 0 -0.00212421 -143.851 630.368 7278.27 0.999998 0.000465255 0.00194703 0.000338629 20.6957 66.6931 0 0.987163 0 0 0.159719 297482 899.445 461803 0.996611 0.0385142 -0.0714158 0.0135304 
1571662490.983940 1571662491.283947 0.00221731 0.371073 0 0.999977 -0 0 -0.00684414 91.1776 604.395 7376.29 0.999978 -0.000843569 0.00654238 -0.000344246 20.5808 67.0459 0 0.988233 0 0 0.152959 296510 923.27 469141 0.997094 0.0377366 -0.0648959 0.0129953 
1571662491.283947 1571662491.483891 0.00150908 0.237373 0 0.999977 -0 0 -0.00673601 308.316 388.853 4737.74 0.999979 -0.000676483 0.00651959 -0.000149327 20.5105 67.2726 0 0.98924 0 0 0.146298 296196 952.84 473894 0.997523 0.0371363 -0.0583907 0.012644 
1571662491.483891 1571662491.783866 0.00391888 0.331761 0 0.999921 -0 0 -0.0125357 596.216 427.69 6564.65 0.999911 -0.000626047 0.0133208 -0.000894054 20.4182 67.5913 0 0.990997 0 0 0.133886 296016 895.609 480497 0.998246 0.0366247 -0.045123 0.0112929 
1571662491.783866 1571662492.183827 0.00807353 0.394533 0 0.999774 -0 0 -0.0212714 1496.09 547.985 7659.96 0.999752 -0.00019971 0.0222475 -0.000376766 20.3213 67.9738 0 0.99362 0 0 0.112776 296808 902.861 488280 0.999014 0.0366505 -0.0229149 0.0101082 
1571662492.183827 1571662492.483799 0.00409697 0.262215 0 0.999879 -0 0 -0.0155596 1093.38 419.402 5058.08 0.999867 8.54413e-05 0.0162769 0.000251652 20.2665 68.2303 0 0.995255 0 0 0.097302 297663 968.557 493401 0.999249 0.0369013 -0.00664264 0.00975975 
1571662492.483799 1571662493.083734 0.00289733 0.227733 0 0.999932 -0 0 -0.0116219 1024.18 384.35 4110.47 0.999926 -0.00168923 0.0120615 0.000266626 20.2253 68.4543 0 0.996319 0 0 0.0857288 298628 1067.59 497543 0.999315 0.0353301 0.00543663 0.00959159 
1571662493.083734 1571662494.583524 -0.000373225 -0.0723427 0 0.999994 0 0 -0.00342335 -115.313 -227.313 -1467.04 0.999998 0.0012955 -0.00165144 -0.00044501 20.2373 68.3829 0 0.996606 0 0 0.0823175 298500 942.071 496064 0.99928 0.0366112 0.00375816 0.00921225 
1571662494.583524 1571662495.583456 0.00079781 -0.367829 0 0.999998 0 0 0.00203625 188.67 -545.359 -7748.99 0.999995 -0.00027527 -0.00320092 0.00041139 20.2984 68.0202 0 0.996436 0 0 0.0843467 298635 968.247 488295 0.999293 0.0363049 0.000577119 0.00973945 
1571662495.583456 1571662496.083417 0.000637802 -0.328513 0 0.999999 0 0 0.0016542 82.6072 -434.351 -6537.2 0.999999 -0.000107625 -0.00161186 0.000219256 20.3543 67.6965 0 0.996296 0 0 0.0859949 298714 1010.99 481744 0.999295 0.0361815 -0.00102459 0.010017 
