groundtruth: cam2wheel_ryp.roll = -0.148046, cam2wheel_ryp.yaw = -4.70919, cam2wheel_ryp.pitch = -7.91756, cam2wheel_xyz.x = 1.865, cam2wheel_xyz.y = -0.253, cam2wheel_xyz.z = 1.28
from_timestamp to_timestamp delta_pos_wheel delta_q_wheel delta_pos_cam delta_q_cam pos_wheel q_wheel pos_cam q_cam 
1576806953.253602 1576806956.579359 0.00131191 0.67575 0 0.999999 -0 0 -0.00144875 -620.906 615.897 8030.76 0.999997 -0.00114629 0.00195625 -0.00100458 0.00131191 0.67575 0 0.999999 -0 0 -0.00144875 -42145.7 -5730.91 -436656 0.689007 0.0194418 0.723477 -0.0383576 
1576806956.579359 1576806957.687780 0.000100145 0.703028 0 1 0 0 -0.000222827 -629.601 747.223 7485.18 0.999998 0.000562961 0.00209427 -0.000126026 0.00344907 1.37877 0 0.999999 0 0 -0.00167158 -34602.5 -5586.86 -436405 0.687475 0.0198405 0.724938 -0.0380778 
1576806957.687780 1576806958.692004 0.000243067 0.600371 0 1 0 0 -4.17449e-05 -516.113 435.372 6476.18 0.999998 0.000659301 0.00103193 0.00156898 0.00569927 1.97914 0 0.999999 0 0 -0.00171332 -28094 -5675.13 -436238 0.686772 0.019117 0.725702 -0.0365416 
1576806958.692004 1576806960.001689 -0.00384881 0.697698 0 0.999912 0 0 0.0132893 -1347.63 232.972 7414.69 0.99992 0.000612077 -0.012134 0.00338793 0.00424124 2.67685 0 0.999933 0 0 0.0115761 -20619.9 -6000.64 -435300 0.695635 0.0175206 0.717398 -0.0335358 
1576806960.001689 1576806961.407661 -0.0389521 0.65032 0 0.998056 0 0 0.0623269 -3526.41 -175.346 6963.94 0.998043 0.00124602 -0.0619527 0.00841768 -0.0497557 3.32609 0 0.997267 0 0 0.0738764 -13578.7 -6604.44 -431980 0.738979 0.0143919 0.673087 -0.0256352 
1576806961.407661 1576806962.820110 -0.0508815 0.673038 0 0.997019 0 0 0.0771535 -4209.46 993.884 7217.65 0.997055 0.00455359 -0.0765367 -0.00155292 -0.199253 3.98428 0 0.988595 0 0 0.150599 -6736.83 -5936.94 -427128 0.788213 0.0207218 0.61464 -0.0225408 
1576806962.820110 1576806964.228724 -0.0468543 0.641294 0 0.99753 0 0 0.0702436 -3982.08 580.174 6949.89 0.997574 0.00312487 -0.0694768 0.00310482 -0.434936 4.58254 0 0.975574 0 0 0.219669 -943.249 -5737.39 -421570 0.829009 0.0227923 0.558521 -0.0166785 
1576806964.228724 1576806968.954279 -0.0246358 0.503528 0 0.998986 0 0 0.0450254 -2346.56 774.239 4904.41 0.998954 0.00120729 -0.045673 -0.00158312 -0.67301 5.02691 0 0.964694 0 0 0.263372 2754.56 -5235.95 -417541 0.853598 0.0254153 0.520058 -0.0162582 
1576806968.954279 1576806972.076232 0.0204717 -0.502505 0 0.99893 0 0 0.0462563 -1272.05 -544.689 -6188.37 0.998902 0.00112633 -0.0468221 0.000698923 -0.400032 4.60452 0 0.951479 0 0 0.307713 -3347.44 -5404.82 -419258 0.876994 0.0267466 0.479556 -0.013868 
1576806972.076232 1576806972.880346 0.00860566 -0.283519 0 0.999584 0 0 0.0288269 -1013.74 -78.9453 -2848.08 0.999571 0.000979251 -0.0289748 -0.00425492 -0.227037 4.37973 0 0.942213 0 0 0.335014 -6291.98 -5313.47 -419941 0.890427 0.0300362 0.453839 -0.016349 
1576806972.880346 1576806974.793549 0.000138284 -0.0669916 0 0.999998 0 0 0.00206953 -30.279 113.807 52.8212 0.999994 0.00224236 -0.00165965 0.00185819 -0.184637 4.32787 0 0.941518 0 0 0.336963 -6260.71 -5203.48 -419881 0.891138 0.0312165 0.452451 -0.0136268 
1576806974.793549 1576806977.006968 -0.00538798 0.285756 0 0.999858 0 0 0.0168609 -1035.78 340.654 3956.41 0.999852 0.000728858 -0.0171388 0.000882704 -0.370118 4.54531 0 0.935703 0 0 0.35279 -3667.08 -5136.63 -416702 0.898751 0.0316956 0.437149 -0.0119734 
1576806977.006968 1576806977.708729 -0.00715592 0.351396 0 0.999797 0 0 0.0201401 -1180.13 435.355 3959.87 0.9998 0.00060792 -0.0200061 0.000190641 -0.607488 4.80451 0 0.928408 0 0 0.371563 -1265.82 -4976.64 -413315 0.907299 0.0323918 0.419094 -0.0108998 
1576806977.708729 1576806978.211734 -0.0051144 0.32058 0 0.999871 0 0 0.016063 -964.547 284.984 3593.65 0.999872 7.21633e-05 -0.0159588 0.00134233 -0.832366 5.03305 0 0.922319 0 0 0.386429 852.446 -4943.49 -410243 0.913884 0.0320645 0.404605 -0.00913334 
1576806978.211734 1576806978.715229 -0.00757459 0.345246 0 0.999741 0 0 0.0227766 -1254.57 243.68 3827.32 0.999736 -0.000375842 -0.0228911 0.0021214 -1.08378 5.26979 0 0.913279 0 0 0.407336 2847.39 -4964.55 -406735 0.922935 0.0310633 0.383643 -0.00661028 
1576806978.715229 1576806979.217140 -0.00714464 0.307779 0 0.99973 0 0 0.0232318 -1259.88 361.628 3504.54 0.999724 0.000514113 -0.0234808 -0.000396626 -1.31755 5.47011 0 0.903569 0 0 0.428443 4451.83 -4837.03 -403357 0.93167 0.0318366 0.361857 -0.00604789 
1576806979.217140 1576806979.822209 -0.00798457 0.333975 0 0.999729 0 0 0.0232752 -1320.68 268.955 3699.96 0.999728 0.000453908 -0.0232942 0.000915332 -1.58118 5.6753 0 0.893352 0 0 0.449357 5979.66 -4819.87 -399728 0.939837 0.0320605 0.340088 -0.0042876 
1576806979.822209 1576806980.423487 -0.00691929 0.312172 0 0.999717 0 0 0.0238068 -1273.88 331.361 3380.78 0.99973 0.000554913 -0.0231755 0.00176322 -1.83594 5.85584 0 0.882401 0 0 0.470498 7170.64 -4720.31 -396303 0.947455 0.0320731 0.318274 -0.00169757 
1576806980.423487 1576806981.129495 -0.0120336 0.334656 0 0.999314 0 0 0.0370383 -1942.14 382.576 3782.49 0.999267 0.00103811 -0.0382166 0.0017526 -2.12052 6.03234 0 0.864369 0 0 0.502858 7911.84 -4605.9 -392100 0.958894 0.0325402 0.28189 0.00152031 
1576806981.129495 1576806981.832020 -0.0118916 0.321569 0 0.999316 0 0 0.0369832 -1964.67 360.317 3607.7 0.999289 0.00163218 -0.0376409 0.0010538 -2.40594 6.18095 0 0.845181 0 0 0.534481 8215.67 -4510.17 -387989 0.968768 0.0337279 0.245628 0.00421465 
1576806981.832020 1576806982.535893 -0.0151129 0.359647 0 0.999186 0 0 0.0403454 -2091.75 387.824 4025.14 0.99923 0.000919002 -0.039219 -8.77537e-05 -2.73735 6.32146 0 0.822929 0 0 0.568145 8296.42 -4429.68 -383437 0.977625 0.0344485 0.207438 0.0056749 
1576806982.535893 1576806983.140299 -0.00991831 0.335574 0 0.999575 0 0 0.0291617 -1564.94 386.371 3819.05 0.999579 0.00107605 -0.0289872 0.00090323 -3.05465 6.43112 0 0.806011 0 0 0.591901 8417.97 -4332.22 -379295 0.983184 0.0351341 0.179037 0.00777731 
1576806983.140299 1576806983.742680 -0.00862303 0.336192 0 0.999672 0 0 0.0256012 -1439.48 342.54 3707.32 0.999679 0.000851384 -0.025314 0.000610029 -3.37802 6.52352 0 0.790593 0 0 0.612342 8377.21 -4276.5 -375304 0.987366 0.0356538 0.154106 0.0094164 
1576806983.742680 1576806984.347927 -0.00753106 0.330617 0 0.999759 0 0 0.021941 -1218.05 345.866 3798.42 0.999745 0.000859292 -0.0225552 0.000550561 -3.70001 6.5989 0 0.776967 0 0 0.629541 8373.08 -4224.02 -371300 0.990554 0.0361959 0.131808 0.0108942 
1576806984.347927 1576806984.851258 -0.00568766 0.312218 0 0.999834 0 0 0.0182177 -1028.28 326.046 3510.16 0.999829 0.00161746 -0.0183945 0.00118364 -4.00662 6.65808 0 0.76537 0 0 0.643591 8296.21 -4172.53 -367629 0.992738 0.0374355 0.11359 0.0129438 
1576806984.851258 1576806985.351819 -0.00736013 0.362315 0 0.99981 0 0 0.0194972 -1189.79 396.924 4028.2 0.999812 0.00136547 -0.019294 0.000925974 -4.36483 6.713 0 0.752676 0 0 0.658391 8043.08 -4105.11 -363418 0.99468 0.0384291 0.0944318 0.014738 
1576806985.351819 1576806985.753590 -0.00524933 0.340518 0 0.999882 0 0 0.015381 -913.676 373.544 3710.21 0.999882 0.000710168 -0.01531 0.00133323 -4.70302 6.7531 0 0.74246 0 0 0.66989 7839.05 -4039.57 -359585 0.995961 0.0387794 0.0792328 0.0167178 
1576806985.753590 1576806986.055379 -0.00336319 0.274187 0 0.999923 0 0 0.0124435 -750.197 335.225 3067.05 0.999925 0.000625209 -0.0122476 0.000700889 -4.9761 6.77785 0 0.734067 0 0 0.679077 7577.62 -3963.92 -356422 0.996821 0.0391389 0.0670455 0.0179391 
1576806986.055379 1576806986.459565 -0.00657498 0.399215 0 0.999889 0 0 0.0149172 -989 424.528 4409.53 0.999896 0.00062089 -0.0143143 -0.00140558 -5.37462 6.80232 0 0.723855 0 0 0.689952 7180.79 -3914.99 -351900 0.997678 0.0395912 0.0527036 0.017138 
1576806986.459565 1576806986.758691 -0.00168772 0.321071 0 0.999989 0 0 0.00458788 -455.746 356.5 3565.02 0.999989 6.72618e-05 -0.00474288 -0.000161606 -5.69541 6.81602 0 0.720682 0 0 0.693266 7096.88 -3852.5 -348290 0.997917 0.0395851 0.0479636 0.0171679 
1576806986.758691 1576806987.061014 -0.00145737 0.332949 0 0.999989 0 0 0.00470295 -420.177 358.219 3689.78 0.999991 -5.4148e-05 -0.00413552 0.00115046 -6.02816 6.82747 0 0.717414 0 0 0.696647 7026.2 -3797.04 -344560 0.998088 0.0394045 0.0438827 0.0184769 
1576806987.061014 1576806987.362016 -0.00180342 0.346384 0 0.999988 0 0 0.00492755 -535.596 407.838 3795.56 0.999987 0.000414176 -0.00512133 -0.000477747 -6.37445 6.83584 0 0.713972 0 0 0.700174 6817.41 -3704.75 -340712 0.998292 0.0397437 0.0387441 0.0182198 
1576806987.362016 1576806987.563067 -0.000712445 0.248837 0 0.999997 0 0 0.00255974 -300.571 274.882 2695.92 0.999996 -6.9112e-05 -0.00262886 -0.000713256 -6.62325 6.83999 0 0.712178 0 0 0.701999 6721.24 -3652.9 -337988 0.998406 0.0396543 0.0360925 0.0176095 
1576806987.563067 1576806987.864729 -0.000788747 0.376701 0 0.999998 0 0 0.00175873 -372.754 410.658 4143.48 0.999998 -0.000216935 -0.00201775 0.000531901 -6.99992 6.84462 0 0.710942 0 0 0.703251 6640.83 -3580.78 -333809 0.998476 0.0393829 0.0341028 0.0182127 
1576806987.864729 1576806988.065563 -0.000269138 0.270646 0 0.999999 0 0 0.00111609 -258.679 263.913 2919.48 1 -0.00021427 -0.0009253 0.000208087 -7.27056 6.84729 0 0.710157 0 0 0.704044 6577.04 -3553.94 -330867 0.998512 0.039145 0.033191 0.0184496 
1576806988.065563 1576806988.367458 -0.000858616 0.443717 0 0.999999 0 0 0.00173174 -377.769 476.838 4862.85 0.999998 0.000360366 -0.0017402 -0.000173205 -7.71427 6.85027 0 0.708936 0 0 0.705272 6513.38 -3467.98 -325967 0.998557 0.0394784 0.0314399 0.0183567 
1576806988.367458 1576806988.569510 -0.000194708 0.314656 0 1 0 0 0.00055396 -326.209 337.879 3409.46 1 0.000177742 -0.000583794 -0.000366863 -8.02892 6.85171 0 0.708546 0 0 0.705665 6395.51 -3409.03 -322528 0.998575 0.0396567 0.0308392 0.018019 
1576806988.569510 1576806988.770443 -7.90543e-05 0.325373 0 1 0 0 0.000188766 -307.552 361.012 3574.85 0.999999 0.000166631 -0.000627072 -0.000844493 -8.35429 6.85295 0 0.708412 0 0 0.705799 6301.92 -3340.37 -318924 0.998602 0.0398378 0.0301765 0.0172057 
1576806988.770443 1576806988.970957 -0.000127662 0.331286 0 1 0 0 0.000356696 -254.399 341.191 3670.34 1 1.53874e-05 -0.000688179 -0.000326941 -8.68557 6.85405 0 0.708161 0 0 0.706051 6263.47 -3298.03 -315229 0.998628 0.0398512 0.029476 0.0169071 
1576806988.970957 1576806989.172002 -6.38381e-05 0.336472 0 1 0 0 0.000109514 -253.604 314.607 3702.09 1 -0.000399208 -0.000566674 8.66057e-05 -9.02204 6.85499 0 0.708083 0 0 0.706129 6223.5 -3284.73 -311506 0.998659 0.0394404 0.0289203 0.0170044 
1576806989.172002 1576806989.375343 -0.000223233 0.361893 0 1 0 0 0.000616768 -301.33 347.573 3727.12 1 -0.000381587 -0.000273371 -0.000417188 -9.38394 6.85577 0 0.707648 0 0 0.706566 6132.13 -3239.3 -307752 0.998688 0.0390667 0.0286373 0.0165875 
1576806989.375343 1576806989.574158 -0.000166042 0.341366 0 1 0 0 0.000349616 -263.413 379.461 3773.61 1 3.7504e-05 -0.000377559 0.000547599 -9.7253 6.85612 0 0.7074 0 0 0.706813 6078.31 -3161.4 -303951 0.998688 0.0390822 0.028281 0.0171502 
1576806989.574158 1576806989.779045 8.19918e-05 0.336658 0 1 -0 0 -0.00019324 -235.631 364.839 3707.35 0.999999 -0.000198069 -0.000232198 0.00147698 -10.062 6.85649 0 0.707537 0 0 0.706676 6045.89 -3092.29 -300219 0.998676 0.0388386 0.0281102 0.0186287 
1576806989.779045 1576806989.980828 -6.10107e-05 0.329315 0 1 0 0 0.000222135 -243.769 324.915 3698.25 1 0.000227358 -0.000672593 -0.000444195 -10.3913 6.85683 0 0.70738 0 0 0.706833 6004.29 -3061.2 -296499 0.998694 0.0390656 0.027417 0.0182176 
1576806989.980828 1576806990.085802 -3.0432e-05 0.174018 0 1 0 0 0.000158411 -163.276 195.655 1850.66 1 0.000257816 -0.00030331 -0.000675808 -10.5653 6.85693 0 0.707268 0 0 0.706945 5938.65 -3015.12 -294632 0.998705 0.0393361 0.027083 0.0175616 
1576806990.085802 1576806990.294581 -0.000157741 0.336083 0 1 0 0 0.000446143 -309.089 322.751 3657.02 1 -9.66932e-05 -0.000618272 -0.000320196 -10.9014 6.85692 0 0.706953 0 0 0.707261 5822.45 -2988.92 -290950 0.99873 0.0392373 0.0264546 0.0172635 
1576806990.294581 1576806990.594566 -0.000454279 0.460829 0 0.999999 0 0 0.00108229 -419.824 463.629 5080.13 0.999999 -3.48791e-06 -0.000898389 -0.000851129 -11.3622 6.85627 0 0.706187 0 0 0.708026 5663.77 -2935.86 -285834 0.998768 0.0392408 0.025524 0.0164486 
1576806990.594566 1576806990.797182 -0.000315175 0.299185 0 1 0 0 0.000934914 -259.843 307.943 3268.52 1 -4.10224e-05 -0.000663691 0.000420215 -11.6614 6.85518 0 0.705524 0 0 0.708686 5565.77 -2891.54 -282543 0.99878 0.0391782 0.0248783 0.0168933 
1576806990.797182 1576806990.995019 -0.000194974 0.289737 0 1 0 0 0.000611568 -300.874 292.271 3251.82 1 0.00058678 -0.000377774 6.7188e-05 -11.9511 6.85369 0 0.705091 0 0 0.709117 5422.05 -2862.83 -279267 0.998765 0.0397562 0.0244937 0.0169898 
1576806990.995019 1576806991.198586 -0.000223389 0.281416 0 1 0 0 0.000720904 -200.133 266.436 3066.32 1 0.000818543 -0.000494979 8.05926e-05 -12.2325 6.85186 0 0.70458 0 0 0.709625 5367.92 -2845.53 -276184 0.998742 0.0405633 0.0239886 0.01711 
1576806991.198586 1576806991.498273 -0.000471151 0.413465 0 0.999999 0 0 0.00109155 -349.042 438.732 4606.97 0.999998 0.000912971 -0.000842959 0.00137707 -12.646 6.84844 0 0.703805 0 0 0.710394 5232.49 -2790.61 -271545 0.9987 0.0414276 0.0231869 0.0185414 
1576806991.498273 1576806991.698809 -0.000174707 0.275169 0 1 0 0 0.000672155 -200.888 256.015 3020.95 1 0.000504572 -0.000543526 0.000593049 -12.9211 6.8457 0 0.703327 0 0 0.710867 5167.52 -2790.85 -268507 0.998681 0.0419077 0.0226593 0.0191679 
1576806991.698809 1576806991.902621 -7.65658e-05 0.276328 0 1 0 0 0.000236014 -198.036 319.445 3003.88 1 0.000421394 -0.000627113 -5.7793e-05 -13.1974 6.84268 0 0.703159 0 0 0.711033 5098.98 -2729.55 -265481 0.998678 0.0423178 0.0220225 0.019146 
1576806991.902621 1576806992.201706 -0.000349005 0.415377 0 1 0 0 0.000832786 -346.252 416.748 4582.13 1 3.05281e-05 -0.000736524 -0.000228236 -13.6128 6.8377 0 0.702567 0 0 0.711618 4947.14 -2711.92 -260870 0.998697 0.0423392 0.0212767 0.0189499 
1576806992.201706 1576806992.405045 -2.54978e-06 0.278509 0 1 0 0 1.4968e-05 -235.227 297.927 3070.03 1 0.000133393 -0.000159106 -0.000658228 -13.8913 6.83414 0 0.702556 0 0 0.711628 4836.95 -2681.75 -257779 0.998707 0.0424834 0.0210874 0.0183021 
1576806992.405045 1576806992.704429 -0.000166257 0.432351 0 1 0 0 0.000108188 -347.504 471.871 4642.51 1 -0.000193675 -6.31712e-05 -0.000530781 -14.3236 6.82842 0 0.702479 0 0 0.711704 4676.35 -2615.59 -253102 0.998726 0.0423 0.0210053 0.0177706 
1576806992.704429 1576806992.906011 4.37789e-05 0.284343 0 1 -0 0 -0.000210609 -216.786 337.179 3142.09 1 -0.000204817 0.000166134 0.000660679 -14.6079 6.82476 0 0.702629 0 0 0.711556 4585.08 -2551.05 -249937 0.998719 0.0420845 0.0212028 0.0184191 
1576806992.906011 1576806993.106563 0.000181593 0.285478 0 1 -0 0 -0.000613567 -199.262 307.428 3143.59 1 -0.000443533 8.60207e-05 0.000237819 -14.8934 6.82133 0 0.703065 0 0 0.711125 4513.37 -2514.4 -246773 0.998732 0.0416381 0.0213069 0.0186436 
1576806993.106563 1576806993.408700 0.000147028 0.430059 0 1 0 0 -0.000238087 -303.697 445.41 4767.18 1 -0.000535987 0.000213608 0.000448591 -15.3234 6.81658 0 0.703235 0 0 0.710958 4404.66 -2475.4 -241977 0.998741 0.0410972 0.0215489 0.0190713 
1576806993.408700 1576806993.611435 0 0.286938 0 1 0 0 0 -200.845 290.2 3175.35 1 -0.000300208 0.000165468 -0.000478516 -15.6103 6.81344 0 0.703235 0 0 0.710958 4335.26 -2452.45 -238783 0.998758 0.0408108 0.0217002 0.0185801 
1576806993.611435 1576806993.811052 2.95813e-06 0.286673 0 1 0 0 2.46372e-06 -226.901 281.859 3183.55 1 0.00011681 0.00038616 -0.000125646 -15.897 6.81032 0 0.703233 0 0 0.71096 4241.59 -2437.51 -235580 0.998748 0.0409374 0.0220786 0.0184414 
1576806993.811052 1576806994.013595 0 0.303671 0 1 0 0 0 -306.676 361.397 3140.16 1 0.000414734 0.000658843 -0.000619244 -16.2006 6.807 0 0.703233 0 0 0.71096 4065.99 -2343.64 -232411 0.998727 0.0413774 0.0227036 0.0178051 
1576806994.013595 1576806994.313439 8.11097e-05 0.430369 0 1 -0 0 -0.000504964 -181.681 389.972 4730.1 1 -1.10267e-05 0.000281352 7.97872e-05 -16.631 6.80238 0 0.703592 0 0 0.710604 4092.95 -2349.17 -227661 0.99872 0.0413696 0.0229881 0.0178729 
1576806994.313439 1576806994.514679 0.000322137 0.287857 0 0.999999 -0 0 -0.00101533 -201.498 254.722 3129.48 1 5.36632e-05 0.000651985 6.5353e-07 -16.9188 6.79984 0 0.704313 0 0 0.70989 4031.51 -2359.08 -224515 0.998702 0.0414348 0.0236383 0.0178478 
1576806994.514679 1576806994.715535 9.85811e-06 0.289353 0 1 0 0 -1.73913e-05 -296.259 318.659 3212.39 0.999999 0.000947056 0.00076629 -0.000411953 -17.2082 6.79757 0 0.704325 0 0 0.709877 3881.46 -2316.02 -221277 0.998651 0.042404 0.0243696 0.017427 
1576806994.715535 1576806995.017139 0.000387268 0.435883 0 1 -0 0 -0.000786308 -288.35 483.407 4779.9 0.999999 0.000800828 0.00100959 0.000328751 -17.644 6.79454 0 0.704883 0 0 0.709323 3817.52 -2246.04 -216465 0.998586 0.0432133 0.0253778 0.017732 
1576806995.017139 1576806995.218388 0.000139304 0.285834 0 1 -0 0 -0.00052246 -174.235 284.896 3129.82 0.999999 0.00130092 0.00077406 -0.00017509 -17.9299 6.79288 0 0.705254 0 0 0.708955 3797.59 -2236.24 -213318 0.998512 0.0445305 0.0261201 0.0175567 
1576806995.218388 1576806995.421046 5.20544e-05 0.26733 0 1 -0 0 -0.00040565 -200.744 -20.5756 2750.67 0.99998 0.00634447 0.000677393 0.000429642 -18.1972 6.79153 0 0.705541 0 0 0.708669 3745.7 -2506.32 -210574 0.998184 0.0508653 0.0267037 0.0181209 
1576806995.421046 1576806995.621081 0.000352264 0.282633 0 0.999999 -0 0 -0.00103428 -95.8193 603.138 3211.15 0.999979 -0.00644944 0.0003285 0.000422274 -18.4798 6.79064 0 0.706274 0 0 0.707939 3807 -2233.39 -207317 0.998475 0.0444212 0.0271694 0.0183531 
1576806995.621081 1576806995.925962 0.000541212 0.481629 0 0.999999 0 0 -0.00116979 -347.897 557.907 5136.23 0.999996 -0.00152467 0.00077478 -0.00235356 -18.9615 6.79004 0 0.707102 0 0 0.707112 3727.8 -2142.15 -202140 0.99856 0.0429768 0.0278663 0.0159272 
1576806995.925962 1576806996.125665 0.000217038 0.333437 0 1 -0 0 -0.000717482 -278.225 452.862 3690.24 1 0.000183242 0.000489965 0.0002477 -19.2949 6.79026 0 0.707609 0 0 0.706605 3647.25 -2014.17 -198415 0.998535 0.0431607 0.0283633 0.0161586 
1576806996.125665 1576806996.326656 0.000158101 0.344809 0 1 0 0 -0.00044522 -225.03 362.848 3778.12 1 -0.000629795 0.000464941 0.000402628 -19.6397 6.7909 0 0.707923 0 0 0.706289 3631.15 -1982.86 -194613 0.998542 0.0425279 0.0288551 0.0165227 
1576806996.326656 1576806996.427076 5.85313e-05 0.175284 0 1 -0 0 -0.000296008 -65.1959 183.684 1921.89 1 -0.000416479 7.18405e-05 -3.08698e-05 -19.815 6.79137 0 0.708132 0 0 0.70608 3673.94 -1963.65 -192682 0.998558 0.0421141 0.0289324 0.0164768 
1576806996.427076 1576806996.632347 0.000146355 0.355229 0 1 0 0 -0.000338375 -272.174 432.199 3926.99 0.999998 -0.00156409 0.000416677 -0.000906978 -20.1702 6.79254 0 0.708371 0 0 0.70584 3621.56 -1869.38 -188723 0.998625 0.0405853 0.029336 0.0155083 
1576806996.632347 1576806996.833780 0.000148302 0.38317 0 1 -0 0 -0.000321547 -298.869 342.382 4051.89 0.999998 -0.0015547 0.000425746 -0.00128364 -20.5534 6.79406 0 0.708598 0 0 0.705612 3556.07 -1863.02 -184646 0.998693 0.0390769 0.0297331 0.0141635 
1576806996.833780 1576806997.034949 0.000197169 0.343009 0 1 -0 0 -0.000764049 -247.758 301.464 3918.07 0.99999 -0.00425122 0.000117216 -0.00126393 -20.8964 6.79571 0 0.709137 0 0 0.705071 3538.04 -1872.69 -180709 0.998864 0.0348701 0.0298607 0.0127701 
1576806997.034949 1576806997.235858 0.000204832 0.363946 0 1 -0 0 -0.00082788 -274.047 244.132 3878.22 0.999999 -0.00121701 0.000392911 0.00116289 -21.2603 6.79801 0 0.70972 0 0 0.704483 3493.66 -1904 -176814 0.998878 0.0336247 0.0303092 0.0138816 
1576806997.235858 1576806997.438290 0.000368901 0.350381 0 1 -0 0 -0.000932956 -181.772 479.491 3702.08 0.999975 0.00701632 0.000606472 0.000750712 -21.6107 6.80097 0 0.710377 0 0 0.703821 3527.59 -1676.76 -173083 0.998589 0.040618 0.0308421 0.0148234 
1576806997.438290 1576806997.638046 -0.000116505 0.355205 0 1 0 0 0.000132295 -266.591 334.936 3919.34 0.999998 -0.00182471 8.19385e-05 -0.000564061 -21.9659 6.80415 0 0.710284 0 0 0.703915 3498.68 -1665.99 -169141 0.998667 0.0388144 0.030928 0.0142005 
1576806997.638046 1576806997.738521 -4.82286e-06 0.177765 0 1 0 0 2.57083e-05 -89.8751 147.701 1939.73 1 -0.000475028 3.2101e-05 0.000147039 -22.1436 6.80574 0 0.710266 0 0 0.703933 3527.15 -1670.23 -167194 0.998682 0.0383359 0.0309725 0.0143314 
1576806997.738521 1576806997.941733 5.77951e-05 0.354194 0 1 0 0 -0.000185223 -277.213 362.837 3879.22 1 9.53298e-05 0.000287976 0.000520873 -22.4978 6.80897 0 0.710397 0 0 0.703802 3485.3 -1610.8 -163288 0.998662 0.0384191 0.0312787 0.0148435 
1576806997.941733 1576806998.140453 0.000199621 0.357139 0 1 0 0 -0.000381519 -236.609 376.461 3884.08 1 0.000523336 9.24448e-05 0.000201652 -22.8549 6.81251 0 0.710665 0 0 0.703531 3486.08 -1537.64 -159380 0.998636 0.0389368 0.031371 0.0150577 
1576806998.140453 1576806998.341249 0.000255188 0.356544 0 1 -0 0 -0.000718828 -269.556 397.049 3894.65 0.999999 0.000507666 0.000260972 -0.000902786 -23.2115 6.81636 0 0.711171 0 0 0.70302 3454.8 -1449.93 -155457 0.998621 0.039476 0.0315888 0.0141619 
1576806998.341249 1576806998.547565 -1.36579e-05 0.372839 0 1 0 0 0.000127837 -335.423 341.229 3905.8 0.999999 0.000493656 -1.87722e-05 -0.00131242 -23.5843 6.82064 0 0.711081 0 0 0.70311 3362.17 -1424.68 -151523 0.998619 0.0400101 0.0315112 0.0128676 
1576806998.547565 1576806998.743385 -0.00016518 0.357676 0 1 0 0 0.000383512 -267.125 377.726 3896.74 1 0.000132265 2.76545e-05 0.000299552 -23.9419 6.82451 0 0.710811 0 0 0.703383 3336.16 -1364.05 -147599 0.998609 0.0401331 0.0315491 0.0131698 
1576806998.743385 1576806998.844022 -1.02743e-05 0.177893 0 1 0 0 8.46342e-05 -120.653 170.176 1934.68 1 -0.000117139 -3.77177e-05 0.000805606 -24.1198 6.82637 0 0.710751 0 0 0.703443 3335.69 -1351.43 -145653 0.998604 0.0399902 0.0315453 0.0139721 
1576806998.844022 1576806999.047285 -2.58406e-05 0.356286 0 1 0 0 0.00014215 -210.819 381.686 3914.36 1 -0.000312679 -0.000396568 0.000653715 -24.4761 6.83002 0 0.710651 0 0 0.703544 3366.68 -1286.71 -141715 0.99862 0.0396518 0.0311798 0.0146309 
1576806999.047285 1576806999.246517 -9.71924e-05 0.35494 0 1 0 0 0.000145168 -317.437 353.686 3831.71 1 0.000326953 1.17469e-05 0.000316609 -24.831 6.83349 0 0.710549 0 0 0.703647 3283.59 -1244.3 -137856 0.998602 0.0399686 0.0311993 0.0149568 
1576806999.246517 1576806999.447915 2.25674e-07 0.35367 0 1 0 0 -1.64473e-05 -222.318 342.741 3870.4 1 0.000199637 -0.000353896 0.000545804 -25.1847 6.83695 0 0.710561 0 0 0.703636 3298.22 -1215.35 -133964 0.998596 0.0401456 0.0308647 0.0155222 
1576806999.447915 1576806999.649411 -0.000122302 0.352287 0 1 0 0 0.000412808 -306.534 376.066 3868.97 1 3.15845e-05 -0.000173985 0.000710739 -25.5369 6.84027 0 0.71027 0 0 0.703929 3225.01 -1157.44 -130066 0.998589 0.0401525 0.030719 0.0162399 
1576806999.649411 1576806999.862280 7.33131e-05 0.377064 0 1 0 0 -0.000119765 -245.051 387.274 3866.06 1 0.000490006 -0.000398157 -0.000484016 -25.914 6.84373 0 0.710355 0 0 0.703844 3211.18 -1086.34 -126173 0.998589 0.0406502 0.030294 0.0157876 
1576806999.862280 1576806999.962765 -3.89273e-05 0.179841 0 1 0 0 0.000277068 -179.059 201.397 2203.73 1 5.05084e-05 -0.000217709 -0.000405954 -26.0938 6.84535 0 0.71016 0 0 0.704041 3162.84 -1068.6 -123954 0.9986 0.0407095 0.0300593 0.0153926 
1576806999.962765 1576807000.164213 -0.000187325 0.378474 0 1 0 0 0.000539667 -320.22 345.178 3989.45 0.999999 -0.000334179 -0.000186468 -0.00125089 -26.4723 6.84843 0 0.70978 0 0 0.704424 3078.09 -1056.03 -119937 0.998638 0.0404105 0.0298273 0.014141 
1576807000.164213 1576807000.367870 -0.000269047 0.369719 0 1 0 0 0.000658841 -286.565 376.626 4024.3 1 -1.95909e-05 -0.000458956 0.000778705 -26.842 6.85096 0 0.709315 0 0 0.704891 3026.76 -1010.98 -115886 0.998641 0.0403612 0.0294007 0.0149366 
1576807000.367870 1576807000.566231 -0.000204977 0.376477 0 1 0 0 0.000616037 -294.303 407.975 4087.19 1 -7.65388e-05 -0.000615867 0.000331848 -27.2185 6.85311 0 0.708881 0 0 0.705328 2966.83 -939.883 -111769 0.998657 0.0402658 0.0288002 0.0152906 
1576807000.566231 1576807000.667833 -8.25267e-05 0.190873 0 1 0 0 0.000380977 -145.387 203.218 2054.78 1 0.000102393 -0.00046293 -0.000370073 -27.4093 6.85399 0 0.708612 0 0 0.705598 2936.74 -905.639 -109699 0.998671 0.0403716 0.0283214 0.0149426 
1576807000.667833 1576807000.870883 -0.000279018 0.385322 0 1 0 0 0.000722942 -352.711 370.265 4190.79 1 0.000326048 -0.000562196 0.00019853 -27.7947 6.85535 0 0.708102 0 0 0.70611 2816.67 -882.461 -105479 0.998671 0.0406832 0.0277631 0.0151728 
1576807000.870883 1576807001.069654 -0.000270685 0.388307 0 1 0 0 0.000923047 -328.884 419.328 4246.9 0.999999 -0.000229692 -0.000898774 0.000632063 -28.183 6.85618 0 0.70745 0 0 0.706764 2717.43 -816.942 -101201 0.998695 0.0404226 0.0268947 0.0158342 
1576807001.069654 1576807001.170273 -0.000142352 0.195704 0 1 0 0 0.000627298 -191.504 191.782 2139.88 1 -9.17589e-06 -0.000414138 0.000411944 -28.3787 6.85622 0 0.707006 0 0 0.707207 2638.34 -803.307 -99045.4 0.9987 0.0403958 0.0264979 0.0162621 
1576807001.170273 1576807001.372979 -0.000486108 0.391318 0 0.999999 0 0 0.00134171 -319.421 398.613 4274 0.999999 0.00050178 -0.00100366 -0.000313641 -28.77 6.85563 0 0.706057 0 0 0.708155 2539.27 -758.436 -94742.3 0.998711 0.0408889 0.0254747 0.0160027 
1576807001.372979 1576807001.574125 -0.000520334 0.414633 0 0.999999 0 0 0.00113502 -383.409 394.492 4232.07 0.999999 0.000221306 -0.000962219 -0.00026321 -29.1846 6.85388 0 0.705253 0 0 0.708956 2365.64 -720.712 -90478.4 0.99873 0.0411012 0.0244994 0.0157848 
1576807001.574125 1576807001.773191 -0.000454931 0.390832 0 0.999999 0 0 0.0010705 -335.998 406.71 4272.25 0.999999 0.000121592 -0.0013581 -0.000495711 -29.5754 6.85137 0 0.704493 0 0 0.709711 2232.83 -674.288 -86176 0.998765 0.0412133 0.0231207 0.0153485 
1576807001.773191 1576807001.873723 -4.09295e-05 0.194579 0 1 0 0 0.00028366 -184.558 206.583 2113.47 1 0.000114425 -0.000399857 -7.97273e-05 -29.77 6.8499 0 0.704292 0 0 0.709911 2142.9 -647.005 -84046.5 0.998771 0.0413233 0.0227163 0.015288 
1576807001.873723 1576807002.079399 -0.000414082 0.389332 0 0.999999 0 0 0.00109932 -387.878 404.423 4358.38 0.999999 0.000169381 -0.00103299 3.7125e-05 -30.1593 6.84639 0 0.703511 0 0 0.710684 1947.28 -613.461 -79656.7 0.998786 0.0414758 0.0216835 0.0153716 
1576807002.079399 1576807002.280062 -0.000295343 0.386306 0 1 0 0 0.000871043 -308.21 377.168 4205.23 0.999999 0.000708575 -0.000856202 8.8544e-05 -30.5456 6.84218 0 0.702892 0 0 0.711297 1816.11 -593.39 -75425.4 0.998773 0.0421684 0.0208211 0.0155109 
1576807002.280062 1576807002.382526 -0.000116526 0.190046 0 1 0 0 0.000627054 -180.601 192.06 2074.55 1 0.000127084 -0.000493092 -5.74602e-06 -30.7356 6.8398 0 0.702446 0 0 0.711737 1719.14 -581.424 -73336.5 0.998778 0.0422878 0.0203264 0.0155286 
1576807002.382526 1576807002.587952 -0.000323847 0.392994 0 1 0 0 0.000793464 -314.468 400.881 4119.49 1 0.000546183 -0.000708384 1.46885e-07 -31.1286 6.83431 0 0.701881 0 0 0.712295 1566.01 -537.847 -69188.7 0.998769 0.0428223 0.0196104 0.0155698 
1576807002.587952 1576807002.783516 -0.000152373 0.375822 0 1 0 0 0.00039563 -337.509 369.15 4118.91 1 -0.000228158 -0.000441573 -0.000208081 -31.5044 6.82863 0 0.701599 0 0 0.712572 1384.91 -531.107 -65043.5 0.99879 0.0425916 0.019164 0.0153764 
1576807002.783516 1576807002.884308 2.7236e-05 0.188582 0 1 -0 0 -0.000292044 -129.958 206.798 2072.97 1 -0.000118284 -0.000243015 0.000314595 -31.6929 6.82573 0 0.701807 0 0 0.712367 1331.16 -504.508 -62957 0.998795 0.0424637 0.0189365 0.0156987 
1576807002.884308 1576807003.084707 0.000167028 0.380567 0 1 -0 0 -0.000514113 -252.509 429.364 4135.86 1 0.000425028 -0.000295407 0.000652999 -32.0735 6.82021 0 0.702173 0 0 0.712006 1228.15 -433.595 -58793.1 0.998772 0.0428712 0.0186625 0.0163715 
1576807003.084707 1576807003.286136 8.56775e-06 0.385576 0 1 0 0 0.000116082 -295.219 422.91 4209.57 1 -0.000103363 -3.3843e-05 -0.000139588 -32.459 6.81486 0 0.70209 0 0 0.712088 1082.98 -380.516 -54554.9 0.998779 0.04277 0.0186244 0.0162316 
1576807003.286136 1576807003.486921 -0.00014995 0.391632 0 1 0 0 0.000320801 -322.211 375.075 4234.41 1 -0.000194838 -1.04763e-05 -0.000378887 -32.8506 6.80917 0 0.701862 0 0 0.712313 913.009 -377.182 -50295.1 0.998794 0.0425823 0.0186009 0.01585 
1576807003.486921 1576807003.587626 -5.08636e-05 0.196804 0 1 0 0 0.000236451 -187.784 252.225 2139.49 1 0.000468731 0.000154943 -0.000380977 -33.0474 6.80621 0 0.701693 0 0 0.712479 800.248 -312.969 -48136.5 0.998777 0.04306 0.018732 0.0154716 
1576807003.587626 1576807003.788624 0.00027951 0.396499 0 1 -0 0 -0.000800185 -222.177 341.413 4352.01 1 -0.000796363 -5.78887e-05 0.000336739 -33.4438 6.80044 0 0.702263 0 0 0.711917 736.975 -352.025 -43766.1 0.998807 0.0422574 0.018701 0.0157955 
1576807003.788624 1576807003.990248 0.000281153 0.397927 0 1 0 0 -0.000657784 -301.596 382.188 4327.77 0.999999 -2.91921e-06 0.000728757 -0.000927939 -33.8417 6.79529 0 0.702731 0 0 0.711455 591.737 -344.153 -39413.5 0.998807 0.0422833 0.0193897 0.0148378 
1576807003.990248 1576807004.091957 7.67583e-05 0.200692 0 1 0 0 -0.000369403 -184.418 158.979 2126.75 1 -1.99815e-05 0.000481398 -0.000589257 -34.0424 6.79289 0 0.702994 0 0 0.711196 488.132 -369.995 -37275.5 0.998807 0.0422819 0.0198459 0.0142285 
1576807004.091957 1576807004.293936 0.00022659 0.425758 0 1 0 0 -0.000484821 -282.699 413.296 4378.7 1 0.000495244 0.000787425 -0.000350747 -34.4681 6.78818 0 0.703339 0 0 0.710855 373.576 -334.219 -32869.9 0.998775 0.0427947 0.0206105 0.0138547 
1576807004.293936 1576807004.392752 2.81526e-05 0.179477 0 1 -0 0 -0.00018451 -101.428 195.424 2185.2 1 7.45437e-05 0.000134863 0.000505555 -34.6476 6.7863 0 0.70347 0 0 0.710725 359.766 -328.124 -30673.7 0.998762 0.0428606 0.0207658 0.0143554 
1576807004.392752 1576807004.595217 0.000331119 0.425946 0 1 -0 0 -0.000757833 -286.417 458.711 4334.26 1 0.000289413 0.000857925 0.000410883 -35.0735 6.78226 0 0.704008 0 0 0.710192 246.496 -248.504 -26308 0.998725 0.0431534 0.0216361 0.014735 
1576807004.595217 1576807004.794756 0.000324893 0.40275 0 0.999999 -0 0 -0.00108005 -244.381 435.18 4422.4 1 -0.000181863 0.000576129 0.000327107 -35.4763 6.77906 0 0.704775 0 0 0.709431 187.202 -201.16 -21858.2 0.998716 0.0429732 0.0222283 0.0150329 
1576807004.794756 1576807004.896994 0.000151333 0.201753 0 1 -0 0 -0.000677538 -110.024 200.964 2191.04 1 -0.000299434 0.000405033 -5.34972e-05 -35.678 6.77789 0 0.705256 0 0 0.708953 171.798 -191.149 -19655.3 0.99872 0.0426814 0.022635 0.0149554 
1576807004.896994 1576807005.096490 0.000426853 0.400847 0 1 -0 0 -0.000949993 -320.604 423.593 4362.52 1 -0.000483601 0.000765545 0.000271973 -36.0789 6.77622 0 0.705929 0 0 0.708283 42.6376 -148.452 -15262.7 0.998719 0.0422037 0.0234184 0.0151834 
1576807005.096490 1576807005.297658 0.000311388 0.399267 0 1 0 0 -0.000694262 -228.893 461.33 4357.05 1 -0.000817673 0.000301169 -4.96013e-05 -36.4781 6.7752 0 0.70642 0 0 0.707793 10.4145 -60.5703 -10876.3 0.998747 0.0413928 0.0237295 0.015102 
1576807005.297658 1576807005.398188 5.49642e-05 0.198972 0 1 0 0 -0.000232652 -152.534 208.21 2177.21 1 -0.000687453 5.72098e-05 9.89141e-05 -36.6771 6.77487 0 0.706585 0 0 0.707628 -41.8296 -36.5244 -8684.59 0.998772 0.0407047 0.0238011 0.0151821 
1576807005.398188 1576807005.599425 0.000120963 0.396799 0 1 0 0 -0.00034213 -305.905 412.863 4337.28 1 -0.000797316 0.000513906 -0.000299376 -37.0739 6.7744 0 0.706827 0 0 0.707386 -147.397 15.3832 -4318.56 0.998797 0.0399233 0.0243143 0.0148432 
1576807005.599425 1576807005.801217 5.59341e-05 0.390993 0 1 -0 0 -0.000320376 -250.666 378.349 4276.38 1 0.0002557 7.98744e-05 -0.000297482 -37.4649 6.77415 0 0.707054 0 0 0.70716 -195.367 46.4837 -18.5451 0.998789 0.0401871 0.0243784 0.0145491 
1576807005.801217 1576807005.901191 5.08142e-05 0.194608 0 1 -0 0 -0.000298034 -152.638 187.907 2119.76 1 0.000110506 0.000328373 -0.000195529 -37.6595 6.77417 0 0.707264 0 0 0.706949 -247.146 60.305 2114.32 0.998779 0.040307 0.0246969 0.0143433 
1576807005.901191 1576807006.102365 8.2877e-05 0.38504 0 1 -0 0 -0.000379503 -276.526 362.831 4186.26 0.999999 0.000529099 0.000329508 -0.000794356 -38.0445 6.77443 0 0.707533 0 0 0.706681 -321.531 79.2411 6324.66 0.998761 0.0408598 0.0249864 0.0135497 
1576807006.102365 1576807006.303348 0.000353824 0.399159 0 1 -0 0 -0.00088314 -292.78 382.623 4149.16 0.999999 0.000560086 0.00086461 0.000902669 -38.4437 6.77526 0 0.708156 0 0 0.706056 -411.731 116.086 10500.6 0.998703 0.0414083 0.0258792 0.0144299 
1576807006.303348 1576807006.403760 5.02191e-05 0.190731 0 1 -0 0 -0.000209289 -92.3608 220.309 2080.97 1 0.000204337 0.000123167 0.000372895 -38.6344 6.77588 0 0.708304 0 0 0.705907 -399.752 162.127 12594.7 0.998686 0.0416045 0.0260147 0.0148025 
1576807006.403760 1576807006.605002 8.27628e-05 0.384321 0 1 0 0 -0.000148543 -295.848 388.084 4149.95 1 0.000359246 0.000399706 0.000186542 -39.0187 6.77726 0 0.708409 0 0 0.705802 -484.957 197.646 16772.2 0.998657 0.0419643 0.0264163 0.0149815 
1576807006.605002 1576807006.808242 -8.43685e-05 0.390119 0 1 0 0 0.000193844 -341.19 410.886 4201.37 0.999999 0.00107272 0.00044274 4.86158e-05 -39.4089 6.77862 0 0.708272 0 0 0.705939 -609.947 247.118 21005.2 0.998599 0.0430409 0.0268444 0.0150398 
1576807006.808242 1576807006.907829 4.669e-06 0.197124 0 1 -0 0 -8.39616e-05 -91.9893 173.802 2121.1 1 0.000518222 2.0883e-05 0.000324045 -39.606 6.77927 0 0.708331 0 0 0.70588 -590.115 236.603 23135.3 0.998571 0.04355 0.0268714 0.0153764 
1576807006.907829 1576807007.111022 0.000219009 0.398134 0 1 -0 0 -0.00056401 -339.867 462.517 4343.01 1 0.000291283 0.000402738 0.000549197 -40.0041 6.78087 0 0.708729 0 0 0.70548 -703.563 311.767 27514 0.998539 0.0438323 0.027293 0.0159151 
1576807007.111022 1576807007.311017 0.000205089 0.404157 0 1 -0 0 -0.000528519 -290.788 396.626 4374.4 1 -0.000415501 2.04932e-05 -0.000558685 -40.4083 6.78293 0 0.709102 0 0 0.705106 -760.893 317.611 31915.5 0.998566 0.043433 0.0272956 0.015345 
1576807007.311017 1576807007.411744 4.7701e-05 0.203662 0 1 0 0 -0.000168912 -170.274 241.32 2223.45 1 -0.000226347 0.000229159 -0.000121837 -40.6119 6.78413 0 0.709221 0 0 0.704986 -813.486 361.283 34157.5 0.998571 0.0432138 0.0275226 0.0152072 
1576807007.411744 1576807007.610865 -4.00428e-05 0.411101 0 1 0 0 0.000293405 -324.546 426.785 4483.7 1 -0.000855405 0.000161226 -0.000263558 -41.023 6.78656 0 0.709014 0 0 0.705194 -896.991 392.439 38672.2 0.998607 0.0423693 0.0276852 0.0149135 
1576807007.610865 1576807007.812350 -5.42428e-05 0.412774 0 1 0 0 0.000168878 -298 440.584 4495.53 1 -0.00051734 0.000166533 -0.000207805 -41.4358 6.78873 0 0.708895 0 0 0.705314 -952.237 444.968 43198.5 0.998627 0.0418609 0.0278504 0.0146846 
1576807007.812350 1576807007.912795 2.82281e-05 0.206913 0 1 0 0 -0.000128682 -179.751 200.885 2253.14 1 0.000203769 0.000193997 0.000170774 -41.6427 6.78981 0 0.708986 0 0 0.705222 -1008.96 452.837 45467 0.998611 0.0420625 0.0280483 0.0148527 
1576807007.912795 1576807008.113993 0.000308845 0.435207 0 1 -0 0 -0.000871688 -254.454 374.103 4455.66 0.999999 0.000524856 0.000126786 0.00105098 -42.0779 6.79243 0 0.709601 0 0 0.704604 -1017.95 446.703 49945.5 0.998569 0.042559 0.0282113 0.0159116 
1576807008.113993 1576807008.214389 5.8744e-05 0.204238 0 1 -0 0 -0.000283656 -144.025 182.738 2210.5 1 0.000124671 0.000136432 -9.03355e-05 -42.2821 6.79393 0 0.7098 0 0 0.704403 -1039.5 437.864 52168.1 0.998561 0.0426882 0.0283417 0.0158191 
1576807008.214389 1576807008.415721 0.000165154 0.405908 0 1 0 0 -0.000301727 -339.63 418.655 4429.03 1 0.000232553 0.000406702 -0.000178681 -42.688 6.7972 0 0.710013 0 0 0.704189 -1133.95 469.613 56628.7 0.998542 0.0429319 0.0287365 0.0156299 
1576807008.415721 1576807008.619013 0.000125873 0.401924 0 1 -0 0 -0.000215269 -344.596 383.107 4339.35 1 0.000198657 0.00062146 -0.000150248 -43.0899 6.80063 0 0.710164 0 0 0.704036 -1233.97 471.362 60997.4 0.998518 0.0431443 0.0293475 0.0154589 
1576807008.619013 1576807008.717147 5.36942e-06 0.199505 0 1 -0 0 -8.50151e-05 -140.965 241.311 2143.9 1 -3.7058e-05 2.43527e-05 -1.81862e-05 -43.2894 6.80237 0 0.710224 0 0 0.703975 -1252.95 524.175 63158.7 0.998519 0.0431082 0.0293716 0.0154386 
1576807008.717147 1576807008.918949 0.000214021 0.397638 0 1 -0 0 -0.000447517 -312.99 406.221 4391.77 1 -9.55526e-05 0.000483469 -0.000281164 -43.6871 6.8061 0 0.710539 0 0 0.703658 -1313.3 544.152 67579.9 0.998513 0.0430285 0.0298437 0.0151342 
1576807008.918949 1576807009.120100 0.000186359 0.395166 0 1 -0 0 -0.00059571 -288.047 372.16 4276.35 1 9.66693e-05 0.000196439 -0.000522611 -44.0822 6.81013 0 0.710958 0 0 0.703234 -1350.56 541.717 71881.9 0.998511 0.0431436 0.0300159 0.0146068 
1576807009.120100 1576807009.220768 3.50042e-05 0.196083 0 1 0 0 -0.000101763 -144.441 263.498 2095.89 1 0.000205776 0.00010717 -0.000201856 -44.2783 6.81231 0 0.71103 0 0 0.703162 -1373.41 620.793 73997.6 0.998502 0.0433567 0.0301112 0.0144068 
1576807009.220768 1576807009.423926 -2.25766e-05 0.406231 0 1 0 0 -2.63224e-06 -284.938 374.029 4303.51 0.999999 -0.00114481 -0.000181718 0.000758546 -44.6845 6.8168 0 0.711032 0 0 0.70316 -1403.34 615.44 78326.6 0.998545 0.0421881 0.0299791 0.0151376 
1576807009.423926 1576807009.623266 -0.000102543 0.386851 0 1 0 0 0.000400171 -272.073 433.601 4224.8 0.999999 -0.00125636 -0.000195842 0.000466093 -45.0713 6.82101 0 0.71075 0 0 0.703444 -1428.47 686.266 82581.6 0.998596 0.0409166 0.0298222 0.0155736 
1576807009.623266 1576807009.723543 -7.59061e-05 0.192138 0 1 0 0 0.000361953 -165.626 223.806 2075.54 1 -0.000432405 -0.000132634 -0.000583239 -45.2634 6.82292 0 0.710496 0 0 0.703702 -1473.87 735.976 84674.7 0.998626 0.0405001 0.0296726 0.0149837 
1576807009.723543 1576807009.926292 -0.000104431 0.38183 0 1 0 0 0.000212026 -330.693 387.471 4201.24 1 -0.000490102 -0.000141649 -9.88369e-05 -45.6452 6.82648 0 0.710346 0 0 0.703852 -1560.42 775.213 88905.6 0.998652 0.0400115 0.0295345 0.0148762 
1576807009.926292 1576807010.143857 8.52319e-05 0.417376 0 1 0 0 -0.000253356 -305.479 411.256 4492.08 1 -0.000128952 -0.00030915 0.000227744 -46.0626 6.8304 0 0.710525 0 0 0.703672 -1606.14 820.134 93426.4 0.998663 0.0398714 0.0292368 0.0151122 
1576807010.143857 1576807010.244499 7.21203e-06 0.188052 0 1 0 0 1.54897e-06 -139.265 193.25 1999.63 1 0.00032304 -0.000177338 -6.79012e-05 -46.2506 6.83223 0 0.710524 0 0 0.703673 -1631.31 850.678 95439.8 0.998656 0.0401933 0.0290521 0.0150609 
1576807010.244499 1576807010.445629 0.000252983 0.375029 0 1 0 0 -0.000436511 -299.997 374.527 4072.67 1 0.000143 -1.86091e-05 0.000227609 -46.6257 6.83612 0 0.710831 0 0 0.703363 -1699.81 890.716 99539.8 0.998647 0.0403292 0.0290405 0.0152931 
1576807010.445629 1576807010.647479 6.44253e-05 0.372069 0 1 0 0 0.000251502 -290.95 375.675 4066.27 1 0.000483057 -0.000135625 -0.00010584 -46.9977 6.84011 0 0.710654 0 0 0.703542 -1759.85 931.501 103633 0.998633 0.0408126 0.0288934 0.0152069 
1576807010.647479 1576807010.848721 -0.000282083 0.369761 0 1 0 0 0.000692396 -300.546 376.042 3992.77 1 0.000459556 -0.000124456 -0.000652553 -47.3674 6.84355 0 0.710167 0 0 0.704034 -1834.92 974.323 107654 0.998628 0.0412885 0.0287355 0.0145736 
1576807010.848721 1576807010.949220 -7.80471e-05 0.184325 0 1 0 0 0.00042342 -158.942 181.214 2004.21 1 0.000208818 -0.000360214 -1.23769e-05 -47.5518 6.84507 0 0.709868 0 0 0.704334 -1880.94 986.243 109672 0.998629 0.0414921 0.0283722 0.0145821 
1576807010.949220 1576807011.150754 -0.000137251 0.367139 0 1 0 0 2.51644e-05 -301.659 381.054 3972.11 0.999999 0.00122228 -0.000317047 -0.000791507 -47.9189 6.8478 0 0.709851 0 0 0.704352 -1962.3 1030.44 113673 0.998598 0.0427305 0.0280049 0.0138395 
1576807011.150754 1576807011.351437 0.000575383 0.363833 0 0.999998 -0 0 -0.00204215 -237.864 361.204 3923.73 0.999998 0.000756666 0.00147612 -0.000883131 -48.2827 6.85121 0 0.711288 0 0 0.702901 -1984.71 1051.23 117620 0.998535 0.0435312 0.0294307 0.0129157 
1576807011.351437 1576807011.553278 0.00145888 0.381833 0 0.999991 -0 0 -0.00418233 -208.583 367.311 3894.17 0.999992 0.000109307 0.00389583 2.54041e-05 -48.6645 6.85719 0 0.714221 0 0 0.69992 -1968.14 1075.53 121537 0.998408 0.0436896 0.0333203 0.0127746 
1576807011.553278 1576807011.754398 0.00172533 0.357347 0 0.99999 -0 0 -0.00448999 -45.7183 395.203 3868.89 0.999989 6.36107e-05 0.00445128 0.00133852 -49.0217 6.86615 0 0.717357 0 0 0.696706 -1760.94 1133.57 125420 0.998229 0.0437649 0.0378218 0.0139185 
1576807011.754398 1576807011.854343 0.000336835 0.177797 0 0.999998 -0 0 -0.00193142 -118.708 211.313 1897.45 0.999997 8.10605e-05 0.00239265 9.94742e-05 -49.1995 6.87168 0 0.718701 0 0 0.695319 -1738.85 1176.51 127333 0.99813 0.0438752 0.0402133 0.0139161 
1576807011.854343 1576807012.055910 0.00181911 0.352654 0 0.999984 -0 0 -0.00557975 10.4807 363.066 3843.31 0.999985 -0.000153765 0.00536083 -0.000649024 -49.5519 6.88515 0 0.722569 0 0 0.691298 -1423.99 1206.05 131180 0.997916 0.0438218 0.0455372 0.0130267 
1576807012.055910 1576807012.256495 0.00180042 0.349361 0 0.999989 -0 0 -0.00466334 21.763 333.142 3796.54 0.999988 -0.000249774 0.00474525 0.000746019 -49.9008 6.9024 0 0.725785 0 0 0.687921 -1060.27 1210.9 134974 0.99769 0.0435999 0.050308 0.0135517 
1576807012.256495 1576807012.457924 0.00100589 0.34698 0 0.999996 -0 0 -0.00283526 -261.212 423.185 3756.59 0.999989 0.000564034 0.00352858 -0.00309833 -50.2472 6.92198 0 0.727733 0 0 0.685861 -948.117 1302.42 138760 0.997518 0.0443658 0.0536851 0.0103349 
1576807012.457924 1576807012.661407 0.00190755 0.358532 0 0.99998 -0 0 -0.00635433 -158.897 255.009 3676.61 0.999982 -0.00127971 0.00554582 -0.00177497 -50.605 6.9451 0 0.732076 0 0 0.681223 -712.958 1231 142441 0.997278 0.0432411 0.0591507 0.00824941 
1576807012.661407 1576807012.860354 0.00339217 0.331782 0 0.999941 -0 0 -0.0108904 210.105 383.393 3725.77 0.999949 -0.000818898 0.0100978 9.64856e-05 -50.9357 6.97233 0 0.739452 0 0 0.67321 -66.4771 1299.74 146136 0.996664 0.0424998 0.0692289 0.00786013 
1576807012.860354 1576807013.061510 0.00490944 0.346352 0 0.999894 -0 0 -0.0145509 311.043 323.063 3733.33 0.999889 -0.00107451 0.0148231 -0.000440548 -51.2801 7.00963 0 0.749169 0 0 0.662379 756.064 1316.09 149805 0.995577 0.0415712 0.0839846 0.00671582 
1576807013.061510 1576807013.262158 0.00569663 0.353117 0 0.999864 -0 0 -0.0164632 533.556 369.593 3767.58 0.999864 -0.000718212 0.0164779 0.000408182 -51.6298 7.05854 0 0.759972 0 0 0.649955 1911.82 1387.62 153448 0.994085 0.0409269 0.1004 0.00637596 
1576807013.262158 1576807013.362694 0.00164026 0.179431 0 0.999957 -0 0 -0.0093101 253.613 199.885 1898.12 0.999955 -0.000104771 0.00943878 -0.00017343 -51.8068 7.088 0 0.765991 0 0 0.642852 2539.29 1440.1 155268 0.993098 0.0408985 0.109772 0.00580645 
1576807013.362694 1576807013.563651 0.00829374 0.377754 0 0.999736 -0 0 -0.0229689 607.794 313.203 3841.36 0.99975 -0.00104658 0.0222702 -0.00195936 -52.1774 7.1617 0 0.780554 0 0 0.625088 3970.95 1457.55 158897 0.990459 0.0401933 0.131787 0.00283346 
1576807013.563651 1576807013.765131 0.0100552 0.364712 0 0.999595 -0 0 -0.0284709 897.534 207.728 3885.12 0.999621 -0.00226004 0.0274049 -0.00101793 -52.5311 7.25121 0 0.798035 0 0 0.602612 5853.46 1372.72 162417 0.986566 0.0381514 0.158846 0.000424835 
1576807013.765131 1576807013.965894 0.011793 0.366605 0 0.999471 -0 0 -0.0325205 1097.98 388.264 3897.37 0.999493 -0.000408055 0.0318418 0.000193258 -52.8805 7.3629 0 0.81721 0 0 0.576341 8122.06 1481.23 165792 0.981023 0.0377123 0.190187 -0.000664346 
1576807013.965894 1576807014.167757 0.012901 0.370768 0 0.999398 -0 0 -0.0347029 1186.17 317.477 3852.66 0.999403 -0.00168262 0.0345153 -0.000575394 -53.2254 7.4995 0 0.836718 0 0 0.547634 10664.8 1527.23 168936 0.973936 0.0361256 0.223911 -0.00285009 
1576807014.167757 1576807014.268292 0.00322899 0.189993 0 0.999856 -0 0 -0.0169591 569.169 267.098 1982.45 0.999848 5.84288e-05 0.0174132 -0.000812082 -53.3982 7.5785 0 0.845885 0 0 0.533365 12047 1657.64 170484 0.969884 0.0363092 0.240807 -0.00425655 
1576807014.268292 1576807014.473380 0.0133725 0.383613 0 0.999387 -0 0 -0.0350196 1200.32 356.139 4050.57 0.999351 -0.00149943 0.0359202 -0.00217033 -53.7386 7.75592 0 0.864045 0 0 0.503415 15008 1730.31 173518 0.96065 0.0352011 0.275404 -0.00802406 
1576807014.473380 1576807014.678970 0.0164049 0.406022 0 0.999136 -0 0 -0.0415702 1405.12 376.955 4040.13 0.999199 -0.00136305 0.0399663 -0.00167722 -54.0838 7.97042 0 0.884225 0 0 0.467062 18348.4 1820.77 176214 0.948908 0.0340047 0.313507 -0.0114111 
1576807014.678970 1576807014.873835 0.0162245 0.383363 0 0.999097 -0 0 -0.0424936 1602.22 397.824 3959.63 0.999092 -0.000629859 0.0426102 0.00011323 -54.3913 8.19992 0 0.903273 0 0 0.429066 22005.2 1933.17 178455 0.93471 0.0328544 0.353652 -0.0129397 
1576807014.873835 1576807014.976767 0.00412323 0.192925 0 0.99977 -0 0 -0.0214296 727.97 254.395 2055.26 0.999762 1.3909e-05 0.0218154 -0.000304554 -54.5382 8.32501 0 0.912261 0 0 0.409611 23919.9 2041.2 179523 0.926768 0.032685 0.373949 -0.0139331 
1576807014.976767 1576807015.175717 0.014989 0.366655 0 0.999171 -0 0 -0.0407068 1637.06 430.324 4042.1 0.999033 -0.00183874 0.0439303 -0.000304518 -54.8022 8.57983 0 0.928178 0 0 0.372136 27918.1 2181.17 181311 0.9095 0.0304511 0.414265 -0.0163253 
1576807015.175717 1576807015.379033 0.0199807 0.421946 0 0.998888 -0 0 -0.0471439 1620.44 418.623 4143.43 0.998997 -0.000651378 0.04478 0.000544557 -55.0793 8.89872 0 0.94469 0 0 0.327964 32122.7 2306.01 182820 0.890065 0.0288715 0.454583 -0.0174471 
1576807015.379033 1576807015.477824 0.00447394 0.202644 0 0.999761 -0 0 -0.0218748 781.812 227.922 2091.46 0.999756 -5.47048e-05 0.0220821 -0.000324086 -55.2013 9.06054 0 0.951638 0 0 0.307221 34284.3 2388.98 183418 0.879806 0.0285778 0.474116 -0.0183937 
1576807015.477824 1576807015.680168 0.017541 0.410103 0 0.999103 -0 0 -0.0423371 1590.47 467.124 4189.46 0.999066 -0.00135151 0.0431683 -0.00126125 -55.4269 9.40348 0 0.963792 0 0 0.266656 38677.1 2562.91 184404 0.858533 0.027166 0.511592 -0.0213606 
1576807015.680168 1576807015.779824 0.00422486 0.209539 0 0.999802 -0 0 -0.0199141 658.55 237.811 2178.35 0.999782 -0.000124979 0.0208606 -1.70212e-05 -55.531 9.5854 0 0.968911 0 0 0.24741 40916.7 2645.08 184865 0.847677 0.0266159 0.529387 -0.0220012 
1576807015.779824 1576807015.980733 0.0155162 0.426659 0 0.999371 -0 0 -0.0354671 1325.02 484.308 4460.25 0.999318 -0.00033356 0.0369357 0.000263245 -55.7219 9.96726 0 0.977076 0 0 0.21289 45527.3 2810.99 185639 0.82756 0.025363 0.560335 -0.0229227 
1576807015.980733 1576807016.083277 0.00375274 0.215671 0 0.999846 -0 0 -0.0175291 560.916 207.276 2307.51 0.999838 -0.000930385 0.0179498 -0.000261995 -55.8082 10.1649 0 0.980658 0 0 0.19573 47886.5 2856.3 185977 0.817386 0.0243243 0.575071 -0.0241124 
1576807016.083277 1576807016.283133 0.0151482 0.428303 0 0.999391 -0 0 -0.0349067 1325.46 444.123 4484.91 0.999377 -0.000158717 0.0352929 -0.000925617 -55.9587 10.5662 0 0.986893 0 0 0.161379 52574.8 2981.5 186248 0.796562 0.0238607 0.603534 -0.0258037 
1576807016.283133 1576807016.386473 0.00402935 0.23274 0 0.999854 -0 0 -0.0170976 523.168 248.27 2289.92 0.999872 0.000363923 0.0160126 -0.000498997 -56.029 10.7881 0 0.989507 0 0 0.144482 54932.4 3064.34 186365 0.786774 0.0240355 0.616209 -0.0263603 
1576807016.386473 1576807016.587874 0.0125135 0.430627 0 0.999582 -0 0 -0.0289239 998.881 468.61 4530.13 0.999551 -0.00266965 0.0298136 -0.00126986 -56.1401 11.2044 0 0.993272 0 0 0.115801 59591.5 3201.41 186483 0.76808 0.0219209 0.639288 -0.0297092 
1576807016.587874 1576807016.688670 0.0031047 0.213565 0 0.999895 -0 0 -0.0145253 402.241 229.39 2278.88 0.999884 -0.000591607 0.0151974 -0.000167264 -56.1862 11.4129 0 0.99485 0 0 0.101361 61916.1 3259.79 186500 0.758284 0.0211194 0.650866 -0.0305456 
1576807016.688670 1576807016.888359 0.0115716 0.426704 0 0.999662 -0 0 -0.0259907 979.194 487.108 4543.6 0.999652 0.00189754 0.0263073 -0.000288902 -56.261 11.8332 0 0.997148 0 0 0.0754699 66578.9 3400.92 186218 0.740849 0.0219354 0.67064 -0.0300746 
1576807016.888359 1576807017.091534 0.00973799 0.430627 0 0.999748 -0 0 -0.0224535 716.155 421.687 4593.53 0.999732 -0.00185072 0.0230636 -0.000548011 -56.3161 12.2604 0 0.998591 0 0 0.0530614 71239.2 3476.01 185960 0.725207 0.0202323 0.687479 -0.0322196 
1576807017.091534 1576807017.191877 0.00242819 0.216594 0 0.999937 -0 0 -0.0112341 365.115 220.226 2292.67 0.999934 -0.000678496 0.0114771 -0.000296699 -56.3367 12.476 0 0.999124 0 0 0.0418398 73558 3519.84 185716 0.717273 0.0195731 0.695729 -0.0331313 
1576807017.191877 1576807017.390983 0.00953237 0.438494 0 0.999778 -0 0 -0.0210796 703.451 519.68 4701.25 0.999787 0.00213096 0.0205111 -0.000432279 -56.3638 12.9138 0 0.999784 0 0 0.0207694 78303.7 3674.97 185150 0.702794 0.0207186 0.710355 -0.0323532 
1576807017.390983 1576807017.491464 0.00190803 0.220902 0 0.999965 -0 0 -0.00833604 214.815 233.258 2360.4 0.999966 -2.59815e-05 0.00818998 -0.000341281 -56.3711 13.1346 0 0.999923 0 0 0.0124344 80672.4 3726.86 184907 0.696942 0.0206771 0.716079 -0.0327801 
1576807017.491464 1576807017.693721 0.00525885 0.448265 0 0.999944 -0 0 -0.0106186 187.19 463.839 4862.84 0.999927 -0.00170576 0.0119201 -0.0007634 -56.377 13.5828 0 0.999998 0 0 0.00181593 85549.3 3817.85 184583 0.688366 0.0196427 0.724263 -0.0347777 
1576807017.693721 1576807017.794443 0.000982537 0.255111 0 0.999994 -0 0 -0.00354602 -55.5283 213.997 2455.96 0.999992 0.000376418 0.00403337 0.000121616 -56.3769 13.8379 0 0.999999 -0 0 -0.00173009 88014 3842.11 184511 0.685436 0.0196733 0.727049 -0.0345003 
1576807017.794443 1576807017.895493 0.000374415 0.229223 0 0.999999 -0 0 -0.00147146 -29.1605 231.577 2496.19 0.999997 0.000844994 0.00214551 0.000349528 -56.3758 14.0671 0 0.999995 -0 0 -0.00320155 90517.9 3880.95 184390 0.68387 0.0199243 0.728554 -0.0336885 
1576807017.895493 1576807018.096997 0.000531176 0.463413 0 0.999999 -0 0 -0.00132878 -256.377 517.939 5083.76 0.999997 -0.00103425 0.0019302 0.000773605 -56.3723 14.5305 0 0.99999 -0 0 -0.00453032 95632.2 4013.59 184318 0.682508 0.0185883 0.729852 -0.0339513 
1576807018.096997 1576807018.197011 0.000270182 0.236618 0 0.999999 -0 0 -0.00114246 -158.308 264.767 2560.45 0.999999 -0.000408302 0.0014705 9.04213e-05 -56.3699 14.7672 0 0.999984 -0 0 -0.00567277 98210 4088.74 184300 0.681445 0.0181937 0.730843 -0.0342149 
1576807018.197011 1576807018.400615 0.00132097 0.481339 0 0.999995 -0 0 -0.00303657 -211.02 531.389 5253.78 0.999997 0.000253757 0.00230825 -0.000245892 -56.3631 15.2484 0 0.999962 -0 0 -0.00870926 103490 4229.74 184135 0.679743 0.0184673 0.732418 -0.0342389 
1576807018.400615 1576807018.501601 0.000442574 0.244575 0 0.999998 -0 0 -0.00179492 -135.996 251.842 2635.4 0.999998 0.000323299 0.00175996 2.1001e-05 -56.3584 15.493 0 0.999945 -0 0 -0.0105041 106140 4285.13 184070 0.678448 0.0186114 0.733625 -0.0340203 
1576807018.501601 1576807018.599258 0.000454217 0.247338 0 0.999998 -0 0 -0.00182013 -115.78 244.037 2670.05 0.999998 0.000619583 0.001694 -3.12429e-05 -56.3527 15.7403 0 0.999924 -0 0 -0.0123241 108821 4329.91 183974 0.677191 0.018997 0.734793 -0.0336184 
1576807018.599258 1576807018.800820 0.00184797 0.501743 0 0.999994 -0 0 -0.00339771 -160.58 546.388 5441.96 0.999994 0.000799743 0.00325226 -7.16491e-06 -56.3385 16.2418 0 0.999876 -0 0 -0.0157215 114284 4468.62 183683 0.674782 0.0194344 0.737018 -0.0330972 
1576807018.800820 1576807018.901530 0.000306128 0.256236 0 0.999999 -0 0 -0.00125839 -107.997 237.966 2831.86 0.999999 -0.000302021 0.00129265 0.000588317 -56.3302 16.4979 0 0.999856 -0 0 -0.0169797 117124 4495.18 183538 0.673854 0.0187542 0.737891 -0.0329479 
1576807018.901530 1576807019.001381 0.000300822 0.25754 0 0.999999 -0 0 -0.00126737 -187.534 288.579 2804.51 0.999999 -0.000331574 0.00151607 6.76979e-06 -56.3211 16.7553 0 0.999834 -0 0 -0.0182469 119947 4578.82 183467 0.672741 0.0184758 0.738901 -0.0332164 
1576807019.001381 1576807019.103951 0.000396402 0.282361 0 0.999999 -0 0 -0.00135449 -154.915 275.743 2794.73 0.999999 -0.000342672 0.00120066 7.58834e-05 -56.3104 17.0374 0 0.999808 -0 0 -0.0196011 122757 4649.8 183355 0.671862 0.0181493 0.739698 -0.0334407 
1576807019.103951 1576807019.303338 0.00101163 0.51051 0 0.999998 -0 0 -0.00198509 -328.691 564.723 5811.52 0.999998 -0.000240755 0.00187731 -0.000233957 -56.2894 17.5475 0 0.999767 -0 0 -0.0215858 128598 4789.59 183116 0.670469 0.0180978 0.740946 -0.03381 
1576807019.303338 1576807019.404043 0.000297083 0.292149 0 1 0 0 -0.000839612 -144.342 236.45 2942.89 1 -0.000223178 0.000740341 8.3443e-05 -56.2765 17.8394 0 0.999749 0 0 -0.0224252 131550 4809.16 182963 0.669927 0.0178613 0.741436 -0.0339328 
1576807019.404043 1576807019.504423 2.48349e-05 0.274057 0 1 0 0 -5.93628e-05 -218.567 324.789 2962.88 1 0.000225706 0.000658053 8.91175e-05 -56.2642 18.1132 0 0.999747 0 0 -0.0224846 134535 4917.15 182876 0.669438 0.0179241 0.741886 -0.0337175 
1576807019.504423 1576807019.606618 -5.81557e-05 0.275874 0 1 0 0 0.000126859 -163.53 279.182 2994.38 1 0.000524986 0.000486955 0.000147487 -56.2518 18.3888 0 0.99975 -0 0 -0.0223577 137543 4976.88 182727 0.669072 0.0181497 0.742232 -0.033238 
1576807019.606618 1576807019.705115 7.31462e-05 0.278653 0 1 -0 0 -0.00039322 -168.452 282.632 3046.26 0.999999 0.00090628 0.000440078 4.14046e-05 -56.2393 18.6671 0 0.999741 -0 0 -0.0227508 140603 5037.37 182576 0.66873 0.0187107 0.742557 -0.0325456 
1576807019.705115 1576807019.911889 0.000681409 0.568884 0 0.999999 -0 0 -0.0011836 -416.863 566.568 6258.72 0.999999 0.000830366 0.000865922 -0.00017724 -56.2127 19.2354 0 0.999714 -0 0 -0.0239341 146895 5149.77 182329 0.668065 0.0193694 0.743159 -0.0320637 
1576807019.911889 1576807020.010756 2.25385e-05 0.288456 0 1 -0 0 -0.000134675 -196.649 251.38 3131.69 1 -0.000357448 1.39105e-05 1.79653e-05 -56.1989 19.5235 0 0.99971 -0 0 -0.0240688 150040 5172.91 182189 0.668062 0.0191168 0.743157 -0.0323176 
1576807020.010756 1576807020.112990 -2.51723e-05 0.292524 0 1 0 0 0.000100701 -305.806 292.05 3166.44 1 -0.000767331 0.000271144 -0.000136151 -56.1849 19.8157 0 0.999713 0 0 -0.0239681 153233 5235.68 182153 0.667871 0.0186966 0.743311 -0.032984 
1576807020.112990 1576807020.211569 -8.3134e-05 0.295138 0 1 0 0 0.000323099 -162.151 326.515 3203.54 1 0.000123032 -0.000224772 -0.000410357 -56.1708 20.1105 0 0.99972 0 0 -0.0236451 156451 5326.8 181968 0.668022 0.0190912 0.743157 -0.0331624 
1576807020.211569 1576807020.312513 -9.36023e-05 0.297899 0 1 0 0 0.0004375 -309.78 269.221 3188.19 1 -0.000271204 0.00035268 -0.000177583 -56.1568 20.4081 0 0.999731 0 0 -0.0232077 159665 5361.7 181934 0.667759 0.0190303 0.74338 -0.0334893 
1576807020.312513 1576807020.413244 -4.93114e-05 0.301476 0 1 0 0 0.00015523 -192.157 264.829 3282.07 1 0.000234687 -0.000156581 -0.000388818 -56.1429 20.7092 0 0.999734 0 0 -0.0230525 162959 5382.07 181771 0.667858 0.0194813 0.743276 -0.0335715 
1576807020.413244 1576807020.513161 -1.265e-05 0.304612 0 1 0 0 4.16092e-05 -202.904 340.985 3272.63 1 0.000493004 -0.000248433 -0.00081561 -56.1288 21.0135 0 0.999735 0 0 -0.0230109 166251 5476.77 181618 0.668005 0.0204251 0.74311 -0.0337449 
1576807020.513161 1576807020.616293 2.84515e-05 0.343788 0 1 0 0 -1.80326e-06 -200.688 325.46 3297.55 1 0.000127671 -0.000195659 -0.000386759 -56.113 21.3569 0 0.999735 0 0 -0.0230127 169566 5548.81 181463 0.668135 0.0208044 0.742976 -0.0339044 
1576807020.616293 1576807020.714763 -0.000108315 0.310368 0 1 0 0 0.00030681 -290.404 338.081 3350.63 1 -0.000376417 8.36235e-05 3.28048e-05 -56.0988 21.667 0 0.999742 0 0 -0.022706 172945 5628.05 181393 0.668082 0.0205257 0.74302 -0.0341639 
1576807020.714763 1576807020.818070 -8.94957e-05 0.31382 0 1 0 0 0.000235772 -265.479 310.615 3427.75 1 -0.000403551 -0.000407773 0.000327733 -56.0847 21.9805 0 0.999748 0 0 -0.0224703 176395 5673.66 181290 0.668404 0.0200265 0.74274 -0.0342364 
1576807020.818070 1576807021.017710 -0.000457429 0.638558 0 1 0 0 0.000676456 -535.826 675.41 6906.46 1 -0.000720895 -0.000318938 0.000339246 -56.0564 22.6184 0 0.999762 0 0 -0.021794 183350 5819.39 181087 0.668667 0.0193036 0.742509 -0.0345387 
1576807021.017710 1576807021.118029 -6.47003e-05 0.324423 0 1 0 0 0.000186864 -305.53 357.912 3514.8 1 6.12401e-07 -6.00445e-05 0.000280368 -56.0424 22.9425 0 0.999767 0 0 -0.0216072 186895 5910.52 181019 0.668721 0.0190979 0.742474 -0.0343496 
1576807021.118029 1576807021.317871 -2.56133e-05 0.658512 0 1 0 0 -1.75326e-05 -556.222 680.169 7113.46 1 0.000266661 -0.000476706 0.000494698 -56.0139 23.6004 0 0.999766 0 0 -0.0216247 194058 6053.84 180820 0.669087 0.0189253 0.742174 -0.0338117 
1576807021.317871 1576807021.418328 -0.000144448 0.33456 0 1 0 0 0.000380321 -315.706 340.092 3650.26 1 0.000139128 -0.000107218 0.000132855 -55.9996 23.9347 0 0.999774 0 0 -0.0212445 197736 6122.68 180752 0.669168 0.0189234 0.742109 -0.0336175 
1576807021.418328 1576807021.519378 -0.000114827 0.338572 0 1 0 0 0.000279069 -270.729 357.497 3685.27 1 -0.000338492 -0.000501199 0.000467908 -55.9853 24.273 0 0.99978 0 0 -0.0209655 201446 6206.48 180635 0.669562 0.0183665 0.741771 -0.0335461 
1576807021.519378 1576807021.620095 -0.00025765 0.341495 0 1 0 0 0.000806442 -339.471 384.976 3706.05 1 -0.000522125 -0.000138496 0.000355964 -55.9713 24.6142 0 0.999797 0 0 -0.0201592 205186 6320.74 180589 0.669686 0.0177575 0.741667 -0.0336925 
1576807021.620095 1576807021.720604 -0.000107781 0.346034 0 1 0 0 0.000264051 -270.953 352.397 3729.46 1 -0.000744519 -0.000320129 -9.72988e-06 -55.9574 24.9599 0 0.999802 0 0 -0.0198952 208939 6402.11 180473 0.669936 0.0172769 0.741427 -0.0342455 
1576807021.720604 1576807021.822410 1.97995e-05 0.348523 0 1 0 0 -7.58964e-05 -308.932 390.917 3810.58 1 7.94233e-05 -0.000153862 -0.000830465 -55.9436 25.3082 0 0.999801 0 0 -0.0199711 212779 6516.43 180388 0.67002 0.0179511 0.741312 -0.0347403 
1576807021.822410 1576807021.922366 -2.23331e-05 0.351914 0 1 0 0 0.000102819 -302.394 337.501 3741.73 1 0.000225006 6.49025e-06 -0.000893241 -55.9295 25.6598 0 0.999803 -0 0 -0.0198683 216547 6576.19 180307 0.66998 0.0187638 0.741308 -0.0351721 
1576807021.922366 1576807022.022204 0.000139926 0.354131 0 1 0 0 -0.00029674 -231.991 322.418 3904.04 1 0.000364166 -0.000283981 -7.05963e-05 -55.9153 26.0136 0 0.999797 0 0 -0.0201649 220467 6600.32 180139 0.670181 0.0190701 0.741129 -0.0349441 
1576807022.022204 1576807022.128496 -1.66187e-05 0.386112 0 1 0 0 6.74977e-05 -237.125 414.265 3885.91 1 0.000811429 -0.000140641 0.000271764 -55.8998 26.3994 0 0.999798 -0 0 -0.0200975 224377 6717.08 179978 0.670279 0.0194174 0.741068 -0.0341579 
1576807022.128496 1576807022.231448 0.000103451 0.361287 0 1 -0 0 -0.00021155 -335.909 420.218 4287.55 1 0.000594253 0.000207801 0.000549087 -55.8851 26.7604 0 0.999794 -0 0 -0.020309 228696 6813.04 179877 0.670132 0.0194017 0.741238 -0.0333535 
1576807022.231448 1576807022.331994 -8.71288e-05 0.363969 0 1 0 0 0.000262167 -271.954 419.981 3902.17 1 -0.000190114 -0.000193301 -0.000488433 -55.8705 27.1241 0 0.999799 0 0 -0.0200469 232626 6941.69 179749 0.670263 0.0196428 0.741093 -0.033818 
1576807022.331994 1576807022.432824 -0.000242741 0.366435 0 1 0 0 0.000559751 -369.397 371.953 3975.39 1 -0.000800242 0.000191334 -0.000480591 -55.856 27.4903 0 0.99981 0 0 -0.0194872 236635 7014.55 179713 0.67012 0.0194561 0.741184 -0.0347369 
1576807022.432824 1576807022.535394 -0.000183636 0.414902 0 1 0 0 0.000408254 -343.558 377.872 4016.54 0.999999 -0.00128718 -0.000298951 -0.000438878 -55.84 27.9049 0 0.999818 0 0 -0.019079 240683 7085.76 179646 0.670351 0.0189292 0.74093 -0.0359792 
1576807022.535394 1576807022.636290 -0.000108724 0.3704 0 1 0 0 0.000337961 -404.003 392.704 4037.85 1 -0.000555462 0.00017244 0.000401301 -55.826 28.275 0 0.999824 0 0 -0.0187411 244759 7167.56 179639 0.670248 0.0182533 0.741033 -0.036125 
1576807022.636290 1576807022.736698 -0.0002087 0.373269 0 1 0 0 0.000600233 -309.122 360.813 4092.57 1 0.000445453 -0.00027603 0.000820387 -55.8122 28.648 0 0.999835 0 0 -0.018141 248877 7214.54 179531 0.670474 0.0179539 0.740879 -0.03524 
1576807022.736698 1576807022.835447 -0.000203657 0.373838 0 1 0 0 0.000386821 -271.963 367.309 4099.98 0.999999 0.00115607 -0.000190279 0.000164251 -55.7989 29.0216 0 0.999842 0 0 -0.0177542 253000 7273.52 179387 0.670599 0.018614 0.740794 -0.0342699 
1576807022.835447 1576807022.937670 -5.16942e-05 0.377541 0 1 0 0 4.21748e-05 -296.699 423.681 4109.57 1 0.000646649 -0.000312733 -0.000333084 -55.7855 29.3989 0 0.999843 -0 0 -0.0177121 257139 7390.12 179268 0.670807 0.0193051 0.7406 -0.0340084 
1576807022.937670 1576807023.038313 0.000132652 0.379437 0 1 0 0 -0.000328512 -288.915 448.605 4167.43 1 0.000266551 -0.000230982 8.34006e-05 -55.7719 29.7781 0 0.999837 0 0 -0.0180405 261336 7524.41 179137 0.670976 0.01943 0.740456 -0.0337506 
1576807023.038313 1576807023.137164 0.000118633 0.381699 0 1 0 0 -0.000153711 -305.134 405.251 4169.89 1 -0.000305403 -0.000244719 0.000301749 -55.7581 30.1595 0 0.999834 0 0 -0.0181942 265534 7616.32 179025 0.671173 0.0190099 0.740287 -0.0337695 
1576807023.137164 1576807023.237664 1.77953e-05 0.383754 0 1 0 0 2.64334e-05 -317.598 375.883 4194.91 1 -0.000608812 -0.000187187 0.000382961 -55.7441 30.543 0 0.999835 0 0 -0.0181678 269756 7679.75 178926 0.671336 0.0183241 0.740148 -0.0339596 
1576807023.237664 1576807023.338350 -0.000172275 0.38597 0 1 0 0 0.000519702 -341.101 381.894 4193.5 1 -0.000762901 -4.44428e-05 0.000215148 -55.7302 30.9288 0 0.999844 0 0 -0.0176482 273979 7752.83 178852 0.67139 0.0176542 0.740096 -0.034379 
1576807023.338350 1576807023.438911 -0.000175101 0.387488 0 1 0 0 0.000491052 -344.804 350.329 4242.97 1 -0.000448537 -0.000289983 -9.91456e-05 -55.7167 31.316 0 0.999853 0 0 -0.0171572 278250 7792.52 178778 0.671609 0.0174364 0.739884 -0.0347724 
1576807023.438911 1576807023.538912 -7.14953e-05 0.388937 0 1 0 0 6.00788e-05 -373.393 387.997 4252.56 1 0.000153576 -9.8296e-05 -0.00056367 -55.7034 31.7047 0 0.999854 0 0 -0.0170971 282535 7868.73 178732 0.671659 0.01796 0.739813 -0.0350356 
1576807023.538912 1576807023.639871 9.87671e-05 0.390496 0 1 -0 0 -0.000322513 -279.737 398.041 4223.96 0.999999 0.00114741 -0.000334871 -0.000110172 -55.69 32.095 0 0.999848 -0 0 -0.0174196 286784 7950.4 178597 0.671882 0.0188239 0.739626 -0.0342547 
1576807023.639871 1576807023.740248 3.7895e-06 0.391901 0 1 0 0 9.23952e-05 -292.414 457.566 4329.44 0.999999 0.00140769 -0.000109289 -0.000168558 -55.6763 32.4867 0 0.99985 0 0 -0.0173272 291144 8082.99 178466 0.67193 0.0198981 0.739597 -0.0333247 
1576807023.740248 1576807023.841253 -8.11617e-05 0.393698 0 1 0 0 0.000312195 -256.568 410.407 4272.98 1 0.00090025 -0.000308461 -0.000185529 -55.6628 32.8801 0 0.999855 0 0 -0.0170151 295440 8171.21 178307 0.672134 0.0206505 0.739416 -0.0327774 
1576807023.841253 1576807023.941787 -0.000106917 0.394622 0 1 0 0 0.00025406 -292.115 407.618 4285.14 1 3.53523e-05 -0.000178526 -0.000424387 -55.6495 33.2745 0 0.99986 0 0 -0.016761 299752 8254.89 178185 0.672251 0.0209939 0.739288 -0.0330328 
1576807023.941787 1576807024.041814 -8.17889e-05 0.394802 0 1 0 0 0.000107253 -342.598 434.033 4310.45 0.999999 -0.00122165 -0.000195969 -5.68153e-05 -55.6363 33.6691 0 0.999861 -0 0 -0.0166538 304096 8359.97 178112 0.672419 0.0202211 0.739114 -0.03397 
1576807024.041814 1576807024.142959 -3.05571e-05 0.393882 0 1 0 0 9.2486e-05 -341.916 434.621 4290.2 1 -0.00056971 -0.000110914 0.000333492 -55.6232 34.0628 0 0.999863 0 0 -0.0165613 308420 8466.53 178042 0.672524 0.0195953 0.739027 -0.0341646 
1576807024.142959 1576807024.245825 -2.54925e-05 0.425879 0 1 0 0 0.000260917 -373.131 347.21 4319.52 0.999999 -0.000500072 -8.94188e-05 0.0013572 -55.6091 34.4884 0 0.999867 0 0 -0.0163004 312769 8487.04 178003 0.672645 0.018259 0.738975 -0.0336196 
1576807024.245825 1576807024.343783 -0.000442933 0.39447 0 0.999999 0 0 0.00124411 -269.093 469.147 4308.94 1 -0.000161975 -0.0004132 0.000672205 -55.5967 34.8827 0 0.999887 0 0 -0.0150565 317107 8639.77 177859 0.672976 0.0176672 0.738704 -0.0332796 
1576807024.343783 1576807024.444769 -0.000367583 0.393807 0 1 0 0 0.000745803 -321.417 407.94 4334.97 1 0.000779859 -0.00037626 -0.000155477 -55.5852 35.2763 0 0.999898 0 0 -0.0143108 321471 8736.34 177769 0.673235 0.0183194 0.738474 -0.0328015 
1576807024.444769 1576807024.549359 -8.82078e-05 0.391713 0 1 0 0 6.7594e-05 -249.308 372.22 4257.26 0.999999 0.000997754 -0.000446263 -0.000484985 -55.5741 35.6679 0 0.999899 -0 0 -0.0142432 325748 8800.52 177620 0.67353 0.0193639 0.738197 -0.032383 
1576807024.549359 1576807024.645669 0.000164086 0.390379 0 1 0 0 -0.000473838 -249.884 354.41 4312.41 1 0.000748577 -0.000249632 -5.84579e-05 -55.5628 36.0581 0 0.999892 0 0 -0.014717 330080 8839.01 177470 0.673697 0.0199193 0.738051 -0.0318649 
1576807024.645669 1576807024.746339 -6.50019e-05 0.389238 0 1 0 0 0.000185926 -345.431 412.283 4207.73 1 -0.000576803 -0.000119204 -0.000343984 -55.5514 36.4472 0 0.999894 0 0 -0.0145311 334320 8943.96 177426 0.673786 0.0197884 0.737946 -0.03252 
1576807024.746339 1576807024.849020 -0.000105986 0.388153 0 1 0 0 0.00029658 -308.509 354.249 4203.13 1 -0.000270104 -0.000206095 -0.000639354 -55.5403 36.8352 0 0.999899 0 0 -0.0142345 338549 8987.87 177348 0.673922 0.0200849 0.737785 -0.033146 
1576807024.849020 1576807024.951148 3.15576e-05 0.386248 0 1 -0 0 -0.000245232 -296.938 253.93 4191.02 0.999999 0.000555573 -0.000121219 -0.000963531 -55.5292 37.2213 0 0.999895 -0 0 -0.0144797 342757 8927.07 177263 0.673968 0.0211742 0.737702 -0.033383 
1576807024.951148 1576807025.048263 2.69722e-05 0.383162 0 1 -0 0 -0.00015045 -340.925 329.902 4115.69 0.999999 -0.000738609 0.000142284 -0.00143442 -55.5181 37.6043 0 0.999893 -0 0 -0.0146301 346899 8940.45 177228 0.67383 0.0217298 0.737742 -0.0348976 
1576807025.048263 1576807025.148842 -0.000101935 0.380495 0 1 0 0 0.000254952 -306.978 420.407 4131.28 1 -0.000371853 -0.000119206 0.000124545 -55.5071 37.9846 0 0.999897 0 0 -0.0143752 351062 9030.33 177155 0.67393 0.0213915 0.737651 -0.0350854 
1576807025.148842 1576807025.249431 -0.00010152 0.378504 0 1 0 0 0.000111996 -305.625 449.555 4161.35 1 -0.000390214 -0.000220433 0.000570132 -55.4963 38.3629 0 0.999898 -0 0 -0.0142632 355256 9147.79 177078 0.674121 0.0207157 0.737501 -0.0349843 
1576807025.249431 1576807025.349358 -5.99075e-05 0.37944 0 1 0 0 0.000164229 -272.096 465.062 4121.29 1 -5.12167e-05 -0.000377564 0.000434293 -55.4855 38.7422 0 0.999901 0 0 -0.014099 359409 9288.06 176972 0.674416 0.0203741 0.737254 -0.0347215 
1576807025.349358 1576807025.450174 -0.000120355 0.371762 0 1 0 0 0.000353655 -324.673 349.446 4093.42 1 0.000700917 -2.09588e-07 0.000647411 -55.4752 39.1138 0 0.999906 0 0 -0.0137454 363529 9319.76 176927 0.674424 0.0203695 0.737291 -0.0337681 
1576807025.450174 1576807025.551218 -0.000201819 0.371788 0 1 0 0 0.000516039 -242.66 403.534 4074.21 1 0.000326096 -0.000311586 0.000207172 -55.4652 39.4855 0 0.999912 0 0 -0.0132294 367628 9411 176801 0.674654 0.0204472 0.737096 -0.0333816 
1576807025.551218 1576807025.651857 -0.000222172 0.368106 0 1 0 0 0.000594354 -302.185 372.451 4050.37 1 -0.00013584 -0.00018974 0.000679802 -55.4557 39.8535 0 0.99992 0 0 -0.0126351 371705 9475.74 176740 0.674819 0.0198608 0.736977 -0.0330192 
1576807025.651857 1576807025.752589 3.85533e-05 0.368749 0 1 0 0 -6.6651e-07 -286.628 343.892 3986.07 0.999999 -0.00035466 -0.000347802 0.0010747 -55.4463 40.2221 0 0.99992 0 0 -0.0126358 375716 9522.15 176671 0.675117 0.0188409 0.736751 -0.0325484 
1576807025.752589 1576807025.854375 -2.52933e-05 0.409894 0 1 0 0 4.20093e-05 -330.17 353.144 4044.09 1 -0.000689777 -3.43804e-05 0.000293508 -55.436 40.6319 0 0.999921 0 0 -0.0125938 379788 9582.8 176643 0.675165 0.0181601 0.736711 -0.0328578 
1576807025.854375 1576807025.954934 -3.46217e-05 0.363164 0 1 0 0 0.000210807 -295.724 350.027 3920.1 1 -0.000376712 -0.000180228 -0.000797236 -55.4269 40.9949 0 0.999923 0 0 -0.012383 383734 9651.14 176591 0.675278 0.018499 0.736562 -0.0336703 
1576807025.954934 1576807026.056054 -2.22068e-05 0.360207 0 1 0 0 0.000211135 -286.683 384.092 3878.25 1 0.000151658 -8.17273e-05 -0.00056146 -55.418 41.355 0 0.999926 0 0 -0.0121719 387640 9750.06 176535 0.675316 0.0190177 0.736501 -0.0339362 
1576807026.056054 1576807026.154555 -1.28476e-05 0.36014 0 1 0 0 4.12091e-05 -237.844 402.592 3916.34 1 0.000711665 1.29009e-05 0.000327845 -55.4092 41.7151 0 0.999926 -0 0 -0.0121307 391581 9859.31 176427 0.675304 0.0192564 0.73654 -0.0331909 
1576807026.154555 1576807026.255092 1.74003e-06 0.354554 0 1 0 0 -8.51488e-05 -250.766 350.098 3886.08 1 0.000407314 -0.000154815 0.000345818 -55.4006 42.0695 0 0.999925 0 0 -0.0122158 395489 9921.43 176336 0.675422 0.0192819 0.736456 -0.0326544 
1576807026.255092 1576807026.356434 0.000195973 0.354684 0 1 -0 0 -0.000642642 -273.073 333.382 3817.99 1 -0.00043109 4.58199e-05 2.09502e-05 -55.3917 42.4241 0 0.999917 -0 0 -0.0128584 399331 9975.07 176274 0.675397 0.0189738 0.736473 -0.0329586 
1576807026.356434 1576807026.455964 0.000103996 0.352293 0 1 0 0 -8.62836e-05 -334.993 340.202 3819.06 1 -0.000597801 0.000379147 -0.000483051 -55.3826 42.7763 0 0.999916 0 0 -0.0129447 403179 10036.6 176273 0.675113 0.0189133 0.7367 -0.0337323 
1576807026.455964 1576807026.556185 -8.14854e-05 0.350071 0 1 0 0 0.000170762 -273.901 346.791 3806.09 1 -0.000697865 -0.000153489 -9.70002e-05 -55.3736 43.1262 0 0.999918 0 0 -0.0127739 407010 10100.8 176210 0.675236 0.0185188 0.736571 -0.034309 
1576807026.556185 1576807026.658312 -2.11416e-05 0.347447 0 1 0 0 0.000169157 -294.083 370.889 3776.2 1 -0.000272917 8.63272e-05 0.000406673 -55.3647 43.4735 0 0.999921 0 0 -0.0126048 410814 10190.9 176169 0.675191 0.018032 0.736627 -0.034237 
1576807026.658312 1576807026.757453 -0.000130562 0.345903 0 1 0 0 0.000170808 -279.831 349.979 3781.82 1 1.12953e-05 0.000153812 0.000478619 -55.3562 43.8193 0 0.999923 0 0 -0.012434 414621 10262.4 176114 0.675094 0.0176818 0.73674 -0.0339083 
1576807026.757453 1576807026.858228 -4.15219e-05 0.344617 0 1 0 0 0.000101518 -314.571 306.01 3707.64 1 1.0711e-05 1.66754e-05 0.000190794 -55.3476 44.1639 0 0.999924 0 0 -0.0123325 418355 10300 176100 0.675088 0.0175479 0.736755 -0.0337719 
1576807026.858228 1576807026.960259 -1.67252e-06 0.341486 0 1 0 0 -1.76809e-05 -270.348 389.174 3707.79 1 -6.64109e-05 -2.80926e-05 -0.000436492 -55.3392 44.5052 0 0.999924 0 0 -0.0123501 422090 10421 176039 0.675095 0.0178256 0.736726 -0.034115 
1576807026.960259 1576807027.061196 1.73068e-05 0.3398 0 1 -0 0 -0.000151562 -234.06 375.718 3723.95 1 0.000268871 -0.000294062 0.000600002 -55.3308 44.8449 0 0.999922 -0 0 -0.0125017 425838 10523.5 175941 0.675327 0.0175751 0.736547 -0.0335066 
1576807027.061196 1576807027.159383 1.22107e-05 0.338244 0 1 0 0 6.83075e-05 -246.036 378.865 3700.2 1 -9.25265e-06 3.29391e-05 0.00062976 -55.3223 45.1831 0 0.999923 0 0 -0.0124334 429563 10635.5 175860 0.675324 0.0171039 0.73658 -0.0330887 
1576807027.159383 1576807027.260491 -0.000124832 0.335024 0 1 0 0 0.000297054 -284.845 350.754 3655.46 1 -0.000160125 8.59864e-05 0.000835913 -55.3141 45.518 0 0.999926 0 0 -0.0121364 433245 10728.2 175821 0.675291 0.0163772 0.736647 -0.0326436 
1576807027.260491 1576807027.360808 -8.61055e-05 0.333823 0 1 0 0 0.000230493 -279.561 342.953 3642.18 1 0.000196353 5.8587e-05 0.000511337 -55.3061 45.8517 0 0.999929 0 0 -0.0119059 436912 10820.1 175778 0.675261 0.0161312 0.736701 -0.0321546 
1576807027.360808 1576807027.461323 7.40074e-05 0.332643 0 1 -0 0 -0.000186502 -240.697 331.299 3601.32 1 -1.80638e-05 1.71129e-05 -0.000295035 -55.2981 46.1843 0 0.999927 -0 0 -0.0120924 440535 10906.2 175700 0.675239 0.0163358 0.736707 -0.0323674 
1576807027.461323 1576807027.564289 5.97013e-05 0.352715 0 1 0 0 -0.000184994 -253.597 290.462 3564.6 1 -0.000428468 -7.38953e-05 -0.000199708 -55.2895 46.5369 0 0.999925 0 0 -0.0122774 444119 10952.3 175639 0.675294 0.016196 0.73664 -0.0328167 
1576807027.564289 1576807027.663260 -1.52788e-05 0.298744 0 1 0 0 -0.000109862 -265.299 360.377 3559.99 1 -0.000370557 -2.19924e-05 0.000108726 -55.2822 46.8355 0 0.999923 0 0 -0.0123872 447705 11067.1 175588 0.67532 0.0158664 0.736615 -0.0330159 
1576807027.663260 1576807027.764943 -5.15109e-05 0.348014 0 1 0 0 0.000117069 -295.665 322.419 3520.8 1 -0.000593271 9.18836e-05 0.000565437 -55.2736 47.1834 0 0.999925 0 0 -0.0122701 451252 11148.2 175572 0.67528 0.0150462 0.736666 -0.0330725 
1576807027.764943 1576807027.866724 -0.000242263 0.318552 0 1 0 0 0.000507481 -302.602 332.811 3462.25 1 -0.000279735 0.000129024 -0.000239012 -55.2661 47.5019 0 0.999931 0 0 -0.0117627 454742 11247.9 175567 0.675181 0.0150291 0.73674 -0.0334419 
1576807027.866724 1576807027.965054 -0.000107092 0.315593 0 1 0 0 0.000392116 -323.788 328.706 3425.29 1 -0.000372801 0.000274859 -0.000542388 -55.2587 47.8174 0 0.999935 0 0 -0.0113706 458197 11344.9 175585 0.674966 0.0151678 0.736905 -0.0340869 
