groundtruth: cam2wheel_ryp.roll = -0.957862, cam2wheel_ryp.yaw = -4.04534, cam2wheel_ryp.pitch = -7.22235, cam2wheel_xyz.x = 1.84476, cam2wheel_xyz.y = -0.283707, cam2wheel_xyz.z = 1.29741
from_timestamp to_timestamp delta_pos_wheel delta_q_wheel delta_pos_cam delta_q_cam pos_wheel q_wheel pos_cam q_cam 
1576395472.655232 1576395490.983695 0 0 0 1 0 0 0 -16.4992 7.08905 -15.1612 1 3.65629e-05 4.04604e-05 -2.97055e-05 0 0 0 1 0 0 0 22481 11067.7 -348913 0.989977 0.0813151 0.115252 -0.00716188 
1576395490.983695 1576395491.187437 0 0 0 1 0 0 0 -10.3639 1.55521 -11.9379 1 1.45776e-05 3.10184e-05 2.7535e-05 0 0 0 1 0 0 0 22468.2 11071.2 -348922 0.989972 0.0813261 0.115285 -0.00713546 
1576395491.187437 1576395493.699091 -0.000536996 0.739796 0 0.999996 0 0 0.0029602 -729.383 825.8 7112.65 0.999988 0.00186867 -0.00447142 -0.000864642 -0.000536996 0.739796 0 0.999996 0 0 0.0029602 23400.7 10725.6 -341793 0.990317 0.0833066 0.1108 -0.00741227 
1576395493.699091 1576395494.302421 -0.00310609 0.584989 0 0.999984 0 0 0.00557383 -647.139 641.521 5019.11 0.999984 5.0796e-05 -0.00559813 -0.000417494 -0.00710639 1.32476 0 0.999964 0 0 0.00853396 23886.1 10519.3 -336720 0.990915 0.0834434 0.10522 -0.00735362 
1576395494.302421 1576395494.907558 -0.00662905 0.715052 0 0.999948 0 0 0.0102003 -822.235 763.039 6018.95 0.999949 0.000123614 -0.0100764 0.000216071 -0.0259385 2.03959 0 0.999825 0 0 0.0187334 24354.4 10264.5 -330620 0.991916 0.083613 0.0952487 -0.00628532 
1576395494.907558 1576395495.410599 -0.00775646 0.660997 0 0.999931 0 0 0.011737 -927.126 725.849 5689.74 0.999933 -0.000120688 -0.0115682 -4.74617e-05 -0.0584506 2.69983 0 0.999536 0 0 0.0304671 24533.9 10026.4 -324818 0.992961 0.0835649 0.0837629 -0.00537622 
1576395495.410599 1576395495.913870 -0.00967762 0.724666 0 0.999911 0 0 0.0133432 -1010.42 796.949 6262.74 0.999905 -0.000606543 -0.0137516 -0.000438966 -0.112247 3.42257 0 0.99904 0 0 0.0438013 24593.6 9763.8 -318430 0.994067 0.0830654 0.0700602 -0.00471324 
1576395495.913870 1576395496.314127 -0.0078079 0.620781 0 0.999916 0 0 0.0129823 -953.532 663.619 5357.06 0.999916 0.000391747 -0.0129556 -0.000278595 -0.174354 4.04028 0 0.998387 0 0 0.0567675 24405.4 9527.84 -312956 0.994857 0.0835284 0.0571543 -0.00388618 
1576395496.314127 1576395496.717704 -0.0102509 0.665541 0 0.999885 0 0 0.015144 -1038.06 710.405 5680.66 0.99989 0.000221066 -0.0148214 -0.000637535 -0.25998 4.70037 0 0.997413 0 0 0.0718805 24028.7 9279.79 -307156 0.995574 0.0838332 0.0423505 -0.00326937 
1576395496.717704 1576395497.119759 -0.0106907 0.683771 0 0.999876 0 0 0.0157596 -1089.72 744.309 5859.17 0.999878 0.000869928 -0.0155608 -0.000982868 -0.368605 5.37554 0 0.996157 0 0 0.0875904 23443.9 9033.32 -301183 0.996036 0.0847816 0.0267739 -0.00290614 
1576395497.119759 1576395497.536383 -0.0128663 0.743561 0 0.999854 0 0 0.0170833 -1150.59 777.009 6176.34 0.99986 0.000343001 -0.0164932 -0.00262324 -0.511031 6.10545 0 0.994515 0 0 0.104595 22629.4 8756.49 -294912 0.996301 0.0852295 0.0101209 -0.00411107 
1576395497.536383 1576395497.826441 -0.00622717 0.526656 0 0.999931 0 0 0.011761 -862.573 569.301 4647.64 0.999926 -0.000235579 -0.0121935 -0.000195849 -0.626689 6.61929 0 0.993216 0 0 0.116285 21863.1 8533.39 -290218 0.99637 0.0850406 -0.00204589 -0.00326903 
1576395497.826441 1576395498.230346 -0.0117186 0.723301 0 0.999867 0 0 0.0163348 -1165.05 786.98 6259.35 0.999864 -0.000127288 -0.0164901 -0.000967651 -0.805167 7.32032 0 0.991184 0 0 0.132493 20674 8256.31 -283920 0.996208 0.0849541 -0.0185586 -0.00283013 
1576395498.230346 1576395498.631206 -0.0115767 0.721777 0 0.999874 0 0 0.015861 -1184.58 762.044 6279.36 0.999866 -0.000692588 -0.0163567 -0.000950347 -1.00591 8.01371 0 0.988958 0 0 0.148198 19256.9 7955.55 -277650 0.995827 0.0842814 -0.0349335 -0.00237407 
1576395498.631206 1576395498.932948 -0.00604871 0.541686 0 0.999939 0 0 0.0110897 -848.616 596.69 4644.15 0.999924 0.000550623 -0.0122217 -0.00142515 -1.17047 8.52983 0 0.987253 0 0 0.159156 18084.7 7773.97 -273041 0.995274 0.0848025 -0.0472203 -0.00278227 
1576395498.932948 1576395499.336527 -0.012642 0.736164 0 0.999856 0 0 0.0169445 -1098.85 785.352 6305.02 0.999865 0.000580415 -0.0163751 -0.000753101 -1.41382 9.22473 0 0.984415 0 0 0.175861 16393.2 7500.25 -266825 0.994316 0.0853788 -0.0635739 -0.0021702 
1576395499.336527 1576395499.639252 -0.0059933 0.540381 0 0.999936 0 0 0.0113466 -851.178 534.8 4665.59 0.999929 0.00111618 -0.0118671 5.43451e-05 -1.60654 9.72961 0 0.982356 0 0 0.18702 14953.9 7249.29 -262281 0.993396 0.0865118 -0.075362 -0.00117377 
1576395499.639252 1576395500.042663 -0.0105363 0.710535 0 0.999895 0 0 0.0144729 -987.214 692.051 6125.69 0.99988 0.00181797 -0.0153882 6.01541e-05 -1.87742 10.3866 0 0.979547 0 0 0.201218 13052 6894.35 -256346 0.991959 0.0883299 -0.0906321 8.03814e-05 
1576395500.042663 1576395500.447952 -0.0103794 0.724348 0 0.9999 0 0 0.0141278 -985.394 770.398 6073.03 0.999906 0.00142297 -0.0135166 -0.00154371 -2.1725 11.0482 0 0.976606 0 0 0.215037 10978.5 6604.03 -250509 0.990516 0.0895922 -0.104168 -0.000385969 
1576395500.447952 1576395500.749029 -0.00445842 0.524234 0 0.999966 0 0 0.00819393 -662.238 551.712 4579.17 0.999964 0.000268522 -0.00849723 0.000276413 -2.39673 11.5221 0 0.974811 0 0 0.223032 9375.46 6347.38 -246142 0.989571 0.089887 -0.112556 0.000621151 
1576395500.749029 1576395501.149327 -0.00680705 0.687907 0 0.999956 0 0 0.00942217 -863.227 714.653 5908.58 0.999955 0.00120445 -0.00936231 -0.00134253 -2.70198 12.1386 0 0.972667 0 0 0.232207 7203.21 6014.94 -240544 0.988365 0.0909179 -0.121937 -1.42094e-06 
1576395501.149327 1576395501.550790 -0.00368701 0.668912 0 0.999988 0 0 0.00486067 -577.971 801.682 5825.67 0.999975 -0.00233441 -0.00617528 0.00270928 -3.00743 12.7337 0 0.971526 0 0 0.236932 5220.45 5769.19 -234983 0.987799 0.0889387 -0.127791 0.00352243 
1576395501.550790 1576395501.953443 -0.00192748 0.660637 0 0.999996 0 0 0.00272894 -641.195 669.613 5676.94 0.999978 0.00351516 -0.00164429 -0.00540005 -3.31328 13.3193 0 0.970876 0 0 0.239582 3150.66 5435.72 -229626 0.987273 0.0917131 -0.129905 -0.00211478 
1576395501.953443 1576395502.356868 0.00160781 0.656073 0 0.999997 -0 0 -0.00248356 -335.726 762.863 5588.73 0.999992 -0.00161849 0.000376654 0.00361605 -3.61707 13.9008 0 0.971468 0 0 0.23717 1375.58 5186.14 -224268 0.987471 0.0905835 -0.129204 0.00163097 
1576395502.356868 1576395502.758341 0.000600236 0.631772 0 0.999998 -0 0 -0.00219151 -338.383 658.022 5448.57 0.999997 0.000445309 0.00208241 -0.00152503 -3.90766 14.4617 0 0.971986 0 0 0.23504 -357.725 4863.16 -219059 0.987698 0.0908292 -0.127286 -0.000121131 
1576395502.758341 1576395503.261210 0.00143323 0.781764 0 0.999996 -0 0 -0.00269798 -417.128 844.188 6736.45 0.999991 -0.000707816 0.00427874 -0.000188987 -4.26358 15.1578 0 0.972616 0 0 0.232417 -2474.62 4494.69 -212606 0.988298 0.0901047 -0.123076 -0.000606332 
1576395503.261210 1576395503.663127 0.00510938 0.63324 0 0.999974 -0 0 -0.00715757 -211.833 754.844 5474.84 0.999983 -0.000859055 0.00531542 -0.00200592 -4.54532 15.7249 0 0.974255 0 0 0.22545 -4028.34 4267.98 -207303 0.989012 0.0890041 -0.118002 -0.00296198 
1576395503.663127 1576395504.065480 0.00379092 0.644745 0 0.999973 -0 0 -0.00734881 -86.9215 692.624 5565.68 0.999972 -0.00135761 0.00699445 0.00244973 -4.82514 16.3058 0 0.975885 0 0 0.218284 -5425.36 3975.99 -201878 0.989938 0.0879272 -0.110867 -0.00100142 
1576395504.065480 1576395504.467047 0.00521605 0.671041 0 0.999966 -0 0 -0.00828533 -174.051 725.316 5615.97 0.999965 -0.000627928 0.00837693 3.62241e-05 -5.10632 16.9151 0 0.97766 0 0 0.210191 -6841.54 3717.42 -196399 0.990887 0.0872982 -0.102568 -0.00163247 
1576395504.467047 1576395504.869235 0.00663765 0.656273 0 0.999949 -0 0 -0.0100698 -92.2937 683.78 5647.4 0.999955 -0.000521715 0.00943215 -0.000266332 -5.36999 17.5161 0 0.979727 0 0 0.200335 -8091.47 3417.59 -190856 0.991855 0.0867346 -0.0932413 -0.0026662 
1576395504.869235 1576395505.271550 0.00629273 0.656003 0 0.999953 -0 0 -0.00967909 -58.0814 725.94 5622.94 0.999951 0.000259596 0.00985389 0.00133375 -5.62171 18.1219 0 0.981621 0 0 0.190843 -9199.08 3169.17 -185301 0.992706 0.0870859 -0.0833467 -0.00222206 
1576395505.271550 1576395505.674253 0.00646718 0.65631 0 0.999951 -0 0 -0.00984979 -44.9478 713.557 5660.97 0.999949 -0.000302167 0.0099536 0.00156336 -5.86162 18.7329 0 0.983453 0 0 0.181165 -10189.6 2896.06 -179688 0.993515 0.0868897 -0.073326 -0.00151162 
1576395505.674253 1576395506.076641 0.00656381 0.661539 0 0.99995 -0 0 -0.010007 -24.2037 705.917 5604.62 0.999951 -0.000347311 0.00976535 0.00184512 -6.09121 19.3533 0 0.985216 0 0 0.171315 -11038.5 2625.29 -174110 0.994214 0.0866608 -0.0634605 -0.000501436 
1576395506.076641 1576395506.478646 0.00597946 0.644754 0 0.999957 -0 0 -0.0092398 -74.6532 713.749 5575.87 0.999953 0.000793292 0.00964261 0.000901301 -6.30323 19.9622 0 0.986757 0 0 0.162204 -11823.7 2368.74 -168549 0.994711 0.0874978 -0.0537922 -0.000491305 
1576395506.478646 1576395506.882964 0.00566315 0.641107 0 0.999961 -0 0 -0.00882844 -71.5643 734.77 5535.96 0.999959 -0.000144547 0.00901896 0.00108099 -6.50309 20.5714 0 0.988151 0 0 0.153486 -12494 2129.65 -163010 0.995168 0.0874041 -0.0447242 -0.000197375 
1576395506.882964 1576395507.286489 0.00562819 0.657665 0 0.999961 -0 0 -0.00888123 -104.616 690.449 5534.65 0.999963 0.000263227 0.00864981 0.000301707 -6.69722 21.1998 0 0.989475 0 0 0.144704 -13096.2 1847.67 -157471 0.995495 0.0876746 -0.0360881 -0.00066492 
1576395507.286489 1576395507.686311 0.00483963 0.627307 0 0.99997 -0 0 -0.00773718 -125.42 668.359 5434.64 0.999963 -0.000102716 0.00860304 -0.000186352 -6.87222 21.8022 0 0.990565 0 0 0.137044 -13615.7 1558.31 -152026 0.995778 0.0875567 -0.0275389 -0.00160097 
1576395507.686311 1576395508.357376 0.0143588 1.02332 0 0.999901 -0 0 -0.0140724 -91.5846 828.222 6687.05 0.999946 -0.000533657 0.0102095 0.00174183 -7.13623 22.791 0 0.992395 0 0 0.123091 -14077.2 1209.11 -145313 0.996055 0.0870522 -0.0172194 -0.000745618 
1576395508.357376 1576395508.794302 0.00488293 0.611558 0 0.999961 -0 0 -0.00885302 -86.2487 833.71 7408.95 0.999918 0.00310718 0.0121116 0.00258267 -7.28091 23.3852 0 0.993446 0 0 0.114301 -14419.7 745.916 -137879 0.995913 0.0901754 -0.00492702 0.000719075 
1576395508.794302 1576395509.301100 0.00616757 0.734532 0 0.999957 -0 0 -0.00932206 -188.445 985.622 6345.95 0.999941 -0.00484593 0.00964837 -0.00140256 -7.44172 24.102 0 0.994469 0 0 0.105035 -14671.9 575.54 -131461 0.99634 0.085344 0.00455922 -0.00152397 
1576395509.301100 1576395509.701405 0.00520729 0.617138 0 0.999972 -0 0 -0.00754365 -108.148 746.6 5435.7 0.99996 -0.0025887 0.00855011 -0.000374992 -7.56555 24.7066 0 0.995233 0 0 0.0975297 -14729.2 387.018 -125977 0.996481 0.08275 0.0130419 -0.00263903 
1576395509.701405 1576395510.103833 0.005259 0.6449 0 0.999966 -0 0 -0.00829471 -91.9996 587.124 5548.04 0.99996 0.00216241 0.00856893 0.00113632 -7.68558 25.3402 0 0.996007 0 0 0.0892712 -14675.1 51.0252 -120407 0.996154 0.0848641 0.0216799 -0.00218748 
1576395510.103833 1576395510.607288 0.00885417 0.797158 0 0.999948 0 0 -0.0101688 -144.865 414.601 6614.21 0.999941 0.00178707 0.0107056 -0.000656213 -7.81863 26.1262 0 0.996864 0 0 0.0791384 -14533.2 -659.179 -113818 0.99571 0.0866301 0.0322913 -0.00371082 
1576395510.607288 1576395511.011142 0.00528036 0.588552 0 0.999964 -0 0 -0.00853517 -26.9101 612.296 4871.31 0.99988 0.0132578 0.00767518 0.00225105 -7.90628 26.7083 0 0.997503 0 0 0.0706271 -14242 -897.593 -108923 0.994203 0.0997195 0.0401739 -0.00170577 
1576395511.011142 1576395511.417756 0.00499831 0.595323 0 0.999943 -0 0 -0.0106542 10.8227 663.833 4876.34 0.999942 0.00561719 0.00855252 0.0035021 -7.98521 27.2983 0 0.998199 0 0 0.0599955 -13835.8 -1214.48 -104029 0.993247 0.105143 0.0490333 0.00114894 
1576395511.417756 1576395511.920122 0.00532333 0.679062 0 0.999918 -0 0 -0.0128177 106.744 830.93 5864.09 0.999905 0.00338876 0.0116289 0.00651164 -8.06126 27.9732 0 0.998886 0 0 0.047196 -13150.3 -1624.72 -98159.3 0.992219 0.108193 0.0612598 0.00655996 
1576395511.920122 1576395512.423133 0.0040858 0.640849 0 0.999966 -0 0 -0.00826884 -253.786 961.547 5691.41 0.999864 -0.0105959 0.0109107 -0.00644607 -8.11762 28.6115 0 0.999242 0 0 0.0389348 -12701.9 -1909.82 -92406.2 0.992604 0.0981313 0.0714493 -0.00166641 
1576395512.423133 1576395513.026844 0.00864927 0.734972 0 0.999929 -0 0 -0.0118803 -15.5558 857.864 6318.07 0.999906 -0.0068849 0.011244 0.00370122 -8.16618 29.345 0 0.999634 0 0 0.0270607 -11808.4 -2300.99 -86105.2 0.992389 0.0910049 0.0829551 0.000412283 
1576395513.026844 1576395513.529087 0.00391298 0.581093 0 0.999979 -0 0 -0.00650405 -96.1223 704.703 5109.31 0.999948 -0.00691266 0.00726306 0.00197452 -8.19371 29.9254 0 0.999789 0 0 0.0205585 -11051.5 -2532 -81007.6 0.992363 0.0839793 0.0903411 0.00113734 
1576395513.529087 1576395514.132742 0.00540032 0.736219 0 0.999993 0 0 -0.00385701 -267.193 889.211 6560.34 0.99987 -0.0148931 0.00613209 0.00121547 -8.21858 30.6612 0 0.999861 0 0 0.0167021 -10125.3 -2752.1 -74450.7 0.992929 0.0690862 0.0965336 0.000482952 
1576395514.132742 1576395514.544171 0.00439804 0.569219 0 0.99999 -0 0 -0.00447326 -322.477 785.843 4845.81 0.999987 0.00204909 0.0036002 -0.00311285 -8.2332 31.2303 0 0.999925 0 0 0.0122293 -9502.76 -2642.74 -69571.7 0.992428 0.0714221 0.099891 -0.00265881 
1576395514.544171 1576395515.049702 0.00325385 0.816963 0 0.999996 -0 0 -0.00282963 -375.014 1006.6 6967.11 0.999916 -0.0120516 0.00240766 0.0041443 -8.24992 32.0471 0 0.999956 0 0 0.00939985 -8471.89 -2641.17 -62598.1 0.992976 0.0590354 0.102536 7.85245e-05 
1576395515.049702 1576395515.352499 0.00108937 0.539577 0 0.999998 -0 0 -0.00180372 -296.658 655.115 4728.86 0.999975 -0.00686254 0.0010222 0.00164377 -8.25898 32.5866 0 0.999971 0 0 0.0075962 -7791.49 -2548.6 -57864.4 0.993251 0.0520511 0.103646 0.000946741 
1576395515.352499 1576395515.754041 0.000372583 0.810782 0 1 -0 0 -0.000701368 -567.118 927.458 7065.81 0.999974 -0.00711643 0.000458821 -0.000668608 -8.27092 33.3973 0 0.999976 0 0 0.00689485 -6882.66 -2362.57 -50775.9 0.993549 0.0450511 0.104071 -0.00047885 
1576395515.754041 1576395516.055617 4.45742e-05 0.652966 0 1 0 0 -1.8188e-05 -519.125 681.633 5653.67 0.999987 -0.00468428 8.22813e-05 -0.00184655 -8.27988 34.0502 0 0.999976 0 0 0.00687666 -6214.57 -2194.76 -45099.3 0.993738 0.0405886 0.104066 -0.00280469 
1576395516.055617 1576395516.358826 2.11342e-05 0.698458 0 1 -0 0 -0.000450771 -436.948 819.584 5888.1 0.999993 -0.00347613 7.45482e-05 0.00161353 -8.28947 34.7486 0 0.999979 0 0 0.0064259 -5414.07 -1857.57 -39202 0.993868 0.0369658 0.104195 -0.00156601 
1576395516.358826 1576395516.558359 0.000278464 0.472089 0 1 -0 0 -0.000353952 -297.018 510.956 4065.84 0.999997 -0.00206483 0.000162351 0.000894553 -8.29526 35.2206 0 0.999982 0 0 0.00607196 -4857.5 -1649.45 -35136.7 0.993927 0.0348201 0.104386 -0.000898086 
1576395516.558359 1576395516.861589 0.000154504 0.724621 0 1 -0 0 -0.000379189 -536.968 878.084 6253.97 0.999988 -0.00474771 0.000150192 -0.00142786 -8.3039 35.9452 0 0.999984 0 0 0.00569278 -4077.48 -1210.5 -28862.1 0.994063 0.0302497 0.10448 -0.00281809 
1576395516.861589 1576395517.174632 0.000938098 0.768783 0 0.999999 -0 0 -0.00117214 -438.698 850.58 6603.38 0.999982 -0.00525358 0.000298111 0.00275398 -8.31172 36.7139 0 0.99999 0 0 0.00452065 -3125.92 -762.824 -22273.1 0.994181 0.0247382 0.104843 -0.000638325 
1576395517.174632 1576395517.375224 0.000118815 0.489976 0 1 0 0 0.000153142 -330.394 523.26 4265.18 0.999995 -0.00306184 0.000338433 0.000808267 -8.31603 37.2039 0 0.999989 0 0 0.00467379 -2556.67 -451.868 -18012.3 0.994217 0.0216091 0.105197 -0.000164143 
1576395517.375224 1576395517.672977 -0.000448994 0.73166 0 1 0 0 6.97343e-05 -475.948 799.46 6344.37 0.999995 -0.00292015 0.00027416 0.000808729 -8.32332 37.9355 0 0.999989 0 0 0.00474353 -1691.13 72.0115 -11680.4 0.994246 0.0186206 0.105486 0.000326794 
1576395517.672977 1576395517.976667 0.000104766 0.750467 0 1 0 0 -0.000196846 -476.005 766.033 6310.68 0.999998 -0.00196868 0.000416364 0.000245118 -8.33033 38.6859 0 0.99999 0 0 0.00454668 -830.239 602.104 -5386.31 0.994237 0.0166375 0.105905 0.00035508 
1576395517.976667 1576395518.176310 -0.000369168 0.488831 0 1 0 0 0.000804844 -335.323 522.024 4203.28 1 -0.000546542 -4.27727e-05 -0.000522208 -8.33514 39.1748 0 0.999986 0 0 0.00535152 -271.354 983.679 -1191.73 0.994251 0.0161494 0.105854 -0.000221289 
1576395518.176310 1576395518.479928 0.000191132 0.734216 0 1 -0 0 -0.000437603 -430.744 708.006 6261.19 0.999998 0.000458026 0.000458568 0.00187192 -8.34281 39.9089 0 0.999988 0 0 0.00491392 628.165 1488.67 5039.26 0.994193 0.0164065 0.10634 0.00168095 
1576395518.479928 1576395518.784369 0.000406792 0.734521 0 1 0 0 -9.74109e-05 -537.224 769.22 6386.73 0.999998 -0.000655265 0.000362601 -0.00166902 -8.34962 40.6434 0 0.999988 0 0 0.00481651 1454 2047.74 11417 0.994166 0.0159331 0.106674 -5.40095e-05 
1576395518.784369 1576395518.986911 -0.000261522 0.525456 0 1 0 0 0.000284114 -366.94 523.763 4226.32 0.999999 -0.000710125 9.42176e-05 -0.000979532 -8.35495 41.1689 0 0.999987 0 0 0.00510062 1993.66 2436.09 15639.4 0.994167 0.0153316 0.106752 -0.00110508 
1576395518.986911 1576395519.287261 0.000980888 0.747838 0 0.999999 0 0 -0.00120052 -484.637 815.433 6413.77 0.999999 -0.00121747 0.000443118 0.000647542 -8.36159 41.9167 0 0.999992 0 0 0.00390011 2885.69 3053.58 22031.6 0.994138 0.0140516 0.107201 -0.000598075 
1576395519.287261 1576395519.593725 -0.000356783 0.755845 0 1 0 0 0.000119408 -518.849 835.576 6582.76 0.999994 -0.00345363 8.95109e-05 0.000122907 -8.36785 42.6725 0 0.999992 0 0 0.00401952 3785.25 3703.12 28594.3 0.994171 0.0106049 0.107289 -0.000847375 
1576395519.593725 1576395519.793431 0.000316488 0.50963 0 1 -0 0 -0.000719529 -288.956 508.33 4404.33 0.999999 -0.000870279 7.87433e-05 0.00146759 -8.37163 43.1821 0 0.999995 0 0 0.00329999 4444.44 4117.5 32968.5 0.994172 0.00958216 0.107382 0.000517455 
1576395519.793431 1576395520.096040 0.000510467 0.788338 0 1 0 0 -0.000378901 -581.427 762.769 6586.35 0.999999 -0.000490013 0.00047837 -0.00142062 -8.37632 43.9704 0 0.999996 0 0 0.00292109 5283.54 4753.57 39540.5 0.994124 0.00924778 0.107844 -0.00095209 
1576395520.096040 1576395520.300369 0.000146136 0.51911 0 1 0 0 -0.000141991 -308.891 591.433 4455.8 0.999998 -0.00156749 -2.29441e-05 0.00101684 -8.37921 44.4895 0 0.999996 0 0 0.0027791 5939.47 5262.03 43968.9 0.994141 0.00757985 0.107829 -0.000110059 
1576395520.300369 1576395520.599395 3.58969e-05 0.790167 0 1 -0 0 -0.000143202 -527.363 874.688 6781.94 0.999998 -0.00177499 0.000207949 0.000354768 -8.38356 45.2797 0 0.999997 0 0 0.0026359 6879.99 6033.5 50718.5 0.99413 0.00577697 0.108038 4.96597e-05 
1576395520.599395 1576395520.800643 0.000121566 0.531228 0 1 0 0 7.40568e-05 -344.932 580.156 4593.39 0.999999 -0.0009909 0.000395754 0.000799818 -8.38624 45.8109 0 0.999996 0 0 0.00270996 7530.48 6560.44 55285.2 0.994092 0.00470549 0.108436 0.000735442 
1576395520.800643 1576395521.102215 -3.42116e-05 0.802027 0 1 -0 0 -0.00019682 -500.666 881.594 6972.04 0.99999 -0.00435505 0.000371926 0.00131347 -8.39062 46.6129 0 0.999997 0 0 0.00251314 8544.35 7376.64 62209.2 0.994061 0.000233966 0.108814 0.00156715 
1576395521.102215 1576395521.301474 6.87432e-06 0.53825 0 1 -0 0 -0.000228126 -323.169 588.951 4664 0.999998 -0.00148817 0.000349695 0.00155238 -8.39332 47.1512 0 0.999997 0 0 0.00228501 9236.02 7963.99 66833.2 0.994018 -0.00141374 0.109164 0.00294829 
1576395521.301474 1576395521.603232 0.000495244 0.812455 0 1 0 0 -0.000169846 -544.967 858.955 7005.88 0.999998 -0.00180294 0.000816667 -4.15327e-05 -8.39654 47.9636 0 0.999998 0 0 0.00211517 10219.1 8844.1 73788.5 0.993925 -0.00319895 0.109981 0.00271134 
1576395521.603232 1576395521.806657 0.000423872 0.5711 0 1 0 0 -0.000508549 -331.08 524.602 4677.39 0.999999 -0.00093212 0.000446205 -2.85828e-05 -8.39853 48.5347 0 0.999999 0 0 0.00160662 10915.4 9399.66 78422 0.993872 -0.00412105 0.110427 0.00258184 
1576395521.806657 1576395522.108428 -0.000178797 0.774173 0 1 -0 0 -9.07201e-05 -564.354 789.002 6726.83 0.999996 -0.00195659 0.000666812 -0.00209523 -8.4012 49.3089 0 0.999999 0 0 0.0015159 11836.4 10245.2 85102.4 0.993792 -0.00583254 0.111103 0.000286124 
1576395522.108428 1576395522.307463 0.000683638 0.489781 0 0.999999 -0 0 -0.00121222 -242.661 496.734 4244.09 0.999996 0.00144902 0.00115317 0.00208869 -8.402 49.7987 0 1 0 0 0.000303682 12536 10791.5 89289.3 0.993668 -0.00462422 0.112236 0.00252956 
1576395522.307463 1576395522.610832 0.000540209 0.697729 0 1 -0 0 -0.000648121 -454.496 685.83 6045.08 0.999998 0.000502707 0.000598278 -0.00195074 -8.40188 50.4964 0 1 -0 0 -0.000344439 13437 11534.5 95277.3 0.993606 -0.00390423 0.112838 0.000650356 
1576395522.610832 1576395522.910312 0.00113191 0.647708 0 0.999999 -0 0 -0.00143652 -376.604 636.048 5631.2 0.999999 0.000949669 0.00125674 -3.33986e-05 -8.4003 51.1441 0 0.999998 -0 0 -0.00178096 14331.3 12214.9 100845 0.993466 -0.00295604 0.114086 0.000729235 
1576395522.910312 1576395523.215794 0.00140655 0.612974 0 0.999998 -0 0 -0.00221722 -374.235 584.199 5290.35 0.999998 0.00126964 0.00128973 -0.000976779 -8.39671 51.7571 0 0.999992 -0 0 -0.00399818 15164.8 12830.7 106079 0.993321 -0.00158231 0.115369 -9.25026e-05 
1576395523.215794 1576395523.514865 0.000648393 0.604949 0 0.999999 -0 0 -0.00104636 -347.688 680.798 5208.71 0.999998 -0.00121219 0.00149524 0.000603748 -8.39123 52.362 0 0.999987 -0 0 -0.00504453 16020.1 13528 111226 0.993145 -0.00285619 0.116853 0.000369731 
1576395523.514865 1576395523.916916 0.0024583 0.821628 0 0.999997 -0 0 -0.00245369 -423.046 843.55 6984.41 0.999996 -0.00135225 0.00216142 0.000954252 -8.38048 53.1835 0 0.999972 -0 0 -0.00749817 17228.5 14411.7 118113 0.992885 -0.00430987 0.118997 0.0011656 
1576395523.916916 1576395524.218720 0.00141872 0.623957 0 0.999998 -0 0 -0.00213012 -334.864 607.705 5370.46 0.999997 -0.000655575 0.00210336 0.000645352 -8.36971 53.8074 0 0.999954 -0 0 -0.00962822 18170.1 15066.4 123405 0.992628 -0.00503511 0.121083 0.00173741 
1576395524.218720 1576395524.520453 0.00142709 0.651289 0 0.999997 -0 0 -0.00264148 -336.616 615.221 5596.38 0.999995 0.000358867 0.00303402 0.000282099 -8.35574 54.4585 0 0.999925 -0 0 -0.0122695 19185.6 15739.2 128912 0.992257 -0.00470775 0.124092 0.00207615 
1576395524.520453 1576395524.822494 0.00301419 0.679421 0 0.999991 -0 0 -0.00426573 -241.445 618.695 5739.29 0.999984 0.00375754 0.00426828 0.000741952 -8.33605 55.1377 0 0.999863 -0 0 -0.0165348 20361.6 16413.7 134529 0.991728 -0.00106244 0.128314 0.0032987 
1576395524.822494 1576395525.124899 0.00317191 0.701412 0 0.999988 -0 0 -0.00487312 -254.052 678.485 5939.07 0.999976 0.00411164 0.00551895 0.000538925 -8.30969 55.8386 0 0.999771 -0 0 -0.0214071 21622.8 17108.1 140336 0.990998 0.00296427 0.13377 0.00436653 
1576395525.124899 1576395525.326000 0.00206015 0.48054 0 0.999989 -0 0 -0.00460742 -165.256 459.776 4074.78 0.999983 0.00263564 0.00520537 7.6471e-05 -8.28706 56.3186 0 0.999662 -0 0 -0.0260132 22540.3 17547.1 144312 0.990277 0.00558864 0.138915 0.00477938 
1576395525.326000 1576395525.627671 0.00806105 0.764249 0 0.999934 -0 0 -0.0115165 -22.5971 748.153 6179.49 0.999927 0.00406947 0.0111621 0.0023364 -8.23927 57.0814 0 0.999296 -0 0 -0.0375241 24213.1 18234.7 150268 0.98862 0.00934692 0.149952 0.00759564 
1576395525.627671 1576395525.931937 0.0109808 0.740077 0 0.999884 -0 0 -0.015259 163.793 721.691 6276.97 0.999866 0.00280221 0.01572 0.00367312 -8.17281 57.8186 0 0.998607 -0 0 -0.0527679 26222.7 18857.4 156228 0.986076 0.0116846 0.165486 0.0114992 
1576395525.931937 1576395526.131951 0.00501318 0.496227 0 0.999946 -0 0 -0.0103561 77.344 470.568 4183.48 0.999936 0.00150009 0.0112022 -0.000373011 -8.11553 58.3115 0 0.998007 -0 0 -0.0631067 27653.3 19249.3 160169 0.984146 0.0133536 0.1765 0.011248 
1576395526.131951 1576395526.431832 0.0141315 0.740158 0 0.999806 -0 0 -0.0197168 354.073 600.962 6288.55 0.999771 0.00246564 0.0210653 0.00275374 -8.00828 59.044 0 0.996569 -0 0 -0.082772 30161.4 19719.1 165958 0.980139 0.015528 0.1972 0.0141094 
1576395526.431832 1576395526.733653 0.0170065 0.725475 0 0.999693 -0 0 -0.0247828 592.362 635.921 6114.04 0.999637 0.00231616 0.0267507 0.00205151 -7.87182 59.7567 0 0.994211 -0 0 -0.107444 33059.9 20222.4 171388 0.974443 0.0177654 0.223347 0.0161564 
1576395526.733653 1576395526.938609 0.00967332 0.483728 0 0.999788 -0 0 -0.0206004 541.351 484.051 3945.23 0.99978 0.00136881 0.0205531 0.00396284 -7.75903 60.2272 0 0.991787 -0 0 -0.127903 35255.1 20619.1 174722 0.96955 0.0185423 0.243374 0.019955 
1576395526.938609 1576395527.238868 0.0227546 0.674216 0 0.999414 -0 0 -0.0342324 979.552 598.565 5626.27 0.999345 0.000365748 0.0361913 0.000519564 -7.56596 60.8736 0 0.986827 -0 0 -0.161779 38759.4 21115.9 179244 0.960089 0.0194805 0.278306 0.0198636 
1576395527.238868 1576395527.538503 0.0262959 0.660784 0 0.999174 -0 0 -0.040645 1181.1 656.837 5556.71 0.999085 0.000963139 0.0426216 0.0032774 -7.33006 61.4914 0 0.979436 -0 0 -0.201755 42712.5 21683.1 183337 0.947266 0.0203219 0.319017 0.0224298 
1576395527.538503 1576395527.840597 0.0286126 0.665012 0 0.999084 -0 0 -0.0428024 1264.59 620.615 5555 0.998973 -0.0019181 0.0452684 0.00067151 -7.04096 62.091 0 0.969903 -0 0 -0.243492 47062.5 22238.4 187027 0.931875 0.0192852 0.361627 0.021511 
1576395527.840597 1576395528.144123 0.0286478 0.662811 0 0.999028 -0 0 -0.0440701 1323.75 639.655 5481.4 0.998884 -0.00084835 0.0472111 -0.0012223 -6.70264 62.6617 0 0.95823 -0 0 -0.285999 51721 22836.8 190212 0.913805 0.0199307 0.405213 0.0191307 
1576395528.144123 1576395528.453258 0.0326764 0.667385 0 0.998785 -0 0 -0.0492809 1498.9 645.166 5288.66 0.99878 0.00147565 0.0493509 0.000680765 -6.30951 63.202 0 0.942971 -0 0 -0.332874 56635.1 23446.9 192684 0.89265 0.0219231 0.449801 0.0193438 
1576395528.453258 1576395528.754958 0.0283545 0.616862 0 0.998927 -0 0 -0.0463131 1438.58 593.657 5193.92 0.998785 -0.00286371 0.0491696 -0.0015589 -5.90019 63.6643 0 0.926543 -0 0 -0.376189 61657 24004.7 194651 0.869542 0.0209925 0.493167 0.0155627 
1576395528.754958 1576395529.153848 0.0484614 0.786468 0 0.998097 -0 0 -0.0616695 1984.43 841.789 6497.75 0.998011 -0.000204809 0.0630297 0.000992492 -5.31719 64.1944 0 0.90158 -0 0 -0.432612 68246.9 24802.7 196326 0.836717 0.0212641 0.547017 0.0149706 
1576395529.153848 1576395529.455136 0.0249363 0.582385 0 0.999095 -0 0 -0.0425388 1296.5 669.601 4790.4 0.99899 -0.00285052 0.0448217 0.000967347 -4.84728 64.5393 0 0.882361 -0 0 -0.470573 73153.9 25442 197094 0.8114 0.0189994 0.584031 0.0132525 
1576395529.455136 1576395529.862128 0.0438923 0.784942 0 0.998479 -0 0 -0.0551345 1697.52 842.609 6362.18 0.998438 -0.00311779 0.0557531 0.00159175 -4.17099 64.9402 0 0.855074 -0 0 -0.518506 79726.4 26260.2 197542 0.77761 0.0162492 0.628429 0.0116432 
1576395529.862128 1576395530.159552 0.0208386 0.576228 0 0.999367 -0 0 -0.0355792 976.488 517.837 4777.52 0.999273 -0.0050684 0.0377637 -0.00094242 -3.6504 65.1881 0 0.836085 -0 0 -0.5486 84603.7 26764.4 197610 0.753407 0.0133281 0.657382 0.00710315 
1576395530.159552 1576395530.462820 0.0192846 0.577055 0 0.999451 -0 0 -0.0331184 943.297 542.83 4784.7 0.99942 0.000359257 0.0340387 -0.00114439 -3.11336 65.4001 0 0.817457 -0 0 -0.575989 89475.7 27282.2 197340 0.730596 0.0145851 0.682627 0.00601933 
1576395530.462820 1576395530.863516 0.0308339 0.785617 0 0.999287 -0 0 -0.0377488 972.775 763.589 6445.66 0.999192 -0.00390769 0.0398441 -0.00358569 -2.36318 65.6354 0 0.795132 -0 0 -0.606437 95980.6 27989 196828 0.702886 0.0144059 0.711157 0.000146151 
1576395530.863516 1576395531.165305 0.0151438 0.60859 0 0.999713 -0 0 -0.0239622 580.692 650.579 5072.61 0.999688 0.000176261 0.0249055 -0.00174203 -1.77225 65.7818 0 0.780372 -0 0 -0.625316 101058 28549.6 196200 0.684953 0.0157678 0.728416 -0.00131178 
1576395531.165305 1576395531.468713 0.0127178 0.656634 0 0.999812 -0 0 -0.0193978 272.789 642.916 5278.15 0.999822 -0.00158605 0.0186634 -0.00230853 -1.12863 65.9125 0 0.768095 -0 0 -0.640336 106324 29073.9 195615 0.671258 0.0163357 0.741031 -0.00434236 
1576395531.468713 1576395531.768613 0.0052159 0.645462 0 0.999967 -0 0 -0.00813999 13.2769 582.927 5389.67 0.999941 -0.000406112 0.010738 -0.00154785 -0.492768 66.0235 0 0.762858 -0 0 -0.646567 111702 29503.8 195078 0.663261 0.0171625 0.748168 -0.00585746 
1576395531.768613 1576395532.070536 0.00387258 0.651297 0 0.999982 -0 0 -0.00602843 -190.613 537.839 5431.86 0.999962 -0.00211894 0.00677761 -0.00505429 0.150356 66.1264 0 0.758946 -0 0 -0.651154 117132 29866.6 194623 0.658172 0.0194982 0.752536 -0.0109112 
1576395532.070536 1576395532.372101 0.00352506 0.651769 0 0.999984 -0 0 -0.00570431 -220.741 486.934 5373.26 0.999954 -0.00111375 0.00552434 -0.00780442 0.795087 66.222 0 0.755219 -0 0 -0.655472 122503 30123.6 194129 0.653921 0.0245771 0.755973 -0.0169932 
1576395532.372101 1576395532.677381 0.002996 0.685979 0 0.99999 -0 0 -0.00446536 -262.668 568.347 5489.3 0.999951 -0.00256024 0.00485021 -0.00827298 1.47466 66.3156 0 0.752285 -0 0 -0.658838 127997 30369.6 193601 0.650144 0.0290734 0.75886 -0.0244569 
1576395532.677381 1576395532.977342 0.00270886 0.671877 0 0.999987 -0 0 -0.00504195 -263.183 503.22 5487.85 0.999927 0.00302646 0.00407044 -0.010926 2.14103 66.4015 0 0.748953 -0 0 -0.662623 133483 30456.9 193020 0.646653 0.0392307 0.761208 -0.0293803 
1576395532.977342 1576395533.276880 0.00185616 0.670883 0 1 0 0 -0.000102612 -430.808 1001.87 5674.96 0.999963 -0.0078231 0.00227602 0.00280941 2.80714 66.4814 0 0.748885 0 0 -0.6627 139224 30902.9 192532 0.645286 0.031965 0.762532 -0.0336068 
1576395533.276880 1576395533.580421 0.00420114 0.672509 0 0.999984 -0 0 -0.00559457 -210.301 569.956 5652.89 0.999965 0.00637994 0.00375705 -0.0040215 3.47516 66.5591 0 0.745166 -0 0 -0.666879 144862 30946.3 191801 0.642059 0.039021 0.765015 -0.0314558 
1576395533.580421 1576395533.889953 0.00135853 0.687204 0 0.999999 0 0 -0.00169161 -421.847 601.971 5687.74 0.999985 -0.00384403 0.00260336 -0.00283373 4.15831 66.6337 0 0.744037 0 0 -0.668138 150569 30978.4 191231 0.640119 0.0386383 0.766444 -0.0363171 
1576395533.889953 1576395534.193706 0.0014789 0.632202 0 1 0 0 -0.000144174 -363.637 616.908 5395.76 0.999994 -6.38457e-05 0.00274134 0.00202577 4.78702 66.7 0 0.743941 0 0 -0.668246 155978 31019.9 190625 0.63809 0.036945 0.76827 -0.035175 
1576395534.193706 1576395534.494569 0.00450617 0.636709 0 0.999974 0 0 -0.00715486 -206.706 723.302 5200.58 0.999946 0.00302495 0.00327117 -0.00937504 5.42057 66.7635 0 0.73914 0 0 -0.673551 161174 31210.7 189870 0.635101 0.0459607 0.770076 -0.0389521 
1576395534.494569 1576395534.797592 -0.00190547 0.62524 0 1 -0 0 -0.000164501 -451.775 664.527 5187.51 0.999994 -0.0014206 0.00187944 0.00264918 6.04294 66.8234 0 0.73903 -0 0 -0.673673 166395 31246.7 189326 0.633818 0.0429449 0.771331 -0.0384497 
1576395534.797592 1576395535.199956 0.00168069 0.787881 0 0.999999 -0 0 -0.00161486 -445.779 836.228 6753.38 0.999995 -0.000878337 0.00183164 0.00231686 6.82761 66.8944 0 0.737941 -0 0 -0.674866 173158 31301.4 188452 0.632529 0.0405305 0.772554 -0.0377372 
1576395535.199956 1576395535.501472 0.00151715 0.582925 0 0.999997 -0 0 -0.00243859 -297.522 619.524 4950.63 0.999997 0.0013289 0.00189567 0.000258805 7.40835 66.9449 0 0.736293 -0 0 -0.676663 178108 31370.2 187764 0.631019 0.0410995 0.773812 -0.0366236 
1576395535.501472 1576395535.805781 0.00112917 0.578908 0 0.999998 -0 0 -0.00175146 -330.263 600.082 4851.65 0.999998 1.38333e-05 0.00182187 0.000610149 7.9853 66.9925 0 0.735106 -0 0 -0.677952 182964 31434.2 187110 0.62963 0.0405693 0.774986 -0.0363027 
1576395535.805781 1576395536.206476 0.00183588 0.770667 0 0.999998 -0 0 -0.00222388 -412.171 765.471 6358.65 0.999996 0.000489339 0.00261155 0.000639545 8.75359 67.0529 0 0.733597 -0 0 -0.679585 189318 31505.4 186209 0.627607 0.0402868 0.776671 -0.0356266 
1576395536.206476 1576395536.512145 0.00102161 0.555527 0 0.999998 -0 0 -0.00193728 -339.393 570.076 4640.53 0.999995 -0.00238355 0.0018482 -0.000803646 9.30758 67.0943 0 0.732279 -0 0 -0.681005 193961 31574.7 185565 0.626236 0.039349 0.77771 -0.0380565 
1576395536.512145 1576395536.920383 0.00257814 0.743228 0 0.999994 -0 0 -0.00332812 -421.791 805.883 6153.72 0.999996 0.000752029 0.0028089 -8.39889e-05 10.049 67.1456 0 0.730009 -0 0 -0.683438 200114 31702.5 184660 0.624016 0.0397782 0.779491 -0.0376346 
1576395536.920383 1576395537.315180 0.00176001 0.704894 0 0.999997 -0 0 -0.00236941 -336.864 733.973 6044.85 0.999994 0.00237546 0.00260669 -0.000620849 10.7525 67.1903 0 0.728387 -0 0 -0.685166 206130 31772.2 183662 0.621862 0.0416461 0.781177 -0.0362738 
1576395537.315180 1576395537.616894 0.000730742 0.545607 0 0.999999 -0 0 -0.00168498 -313.918 580.387 4500.97 0.999997 -0.00119562 0.00203286 8.52914e-05 11.2972 67.2229 0 0.727232 -0 0 -0.686392 210623 31854.6 182957 0.620325 0.0407621 0.782399 -0.0372393 
1576395537.616894 1576395538.017332 0.00258059 0.704034 0 0.999994 -0 0 -0.00336839 -391.932 783.801 5938.02 0.999995 -0.000677003 0.00246641 0.00166437 12.0002 67.2609 0 0.724915 -0 0 -0.688838 216544 31980.4 181981 0.618482 0.0389479 0.783968 -0.0368369 
1576395538.017332 1576395538.419640 0.000450685 0.711215 0 1 -0 0 -0.000693486 -479.725 789.898 5948.48 0.999996 -0.00178536 0.00190232 0.00095382 12.7105 67.2968 0 0.724438 -0 0 -0.68934 222491 32128.2 181059 0.617093 0.0370257 0.785113 -0.0377206 
1576395538.419640 1576395538.721278 0.000280288 0.554493 0 1 -0 0 -0.00046419 -306.573 572.006 4657.18 0.999999 0.000929558 0.000962798 0.00047772 13.2643 67.324 0 0.724118 -0 0 -0.689677 227123 32204.8 180252 0.61632 0.0371879 0.785759 -0.0367316 
1576395538.721278 1576395539.124113 0.00173055 0.772789 0 0.999998 -0 0 -0.00198293 -434.327 765.799 6465.72 0.999999 0.000265688 0.00134674 0.000417642 14.0363 67.3599 0 0.722749 -0 0 -0.691111 233550 32291.1 179128 0.615267 0.036974 0.786614 -0.0363155 
1576395539.124113 1576395539.428043 0.000529603 0.631583 0 0.999999 -0 0 -0.00101229 -327.93 637.258 5026.42 0.999999 0.000716545 0.000763192 -0.000314125 14.6672 67.3876 0 0.722049 -0 0 -0.691842 238546 32404.6 178232 0.614628 0.0376342 0.787097 -0.0359733 
1576395539.428043 1576395539.729576 0.000597532 0.621703 0 1 -0 0 -0.000846572 -414.806 601.191 5174.23 0.999996 -0.00175805 0.000928783 -0.00175262 15.2884 67.4136 0 0.721463 -0 0 -0.692453 243701 32463.9 177376 0.613898 0.0378996 0.787536 -0.0384691 
1576395539.729576 1576395540.031061 0.00121119 0.63188 0 0.999999 -0 0 -0.00153823 -336.548 640.625 5248.89 0.999999 0.000674581 0.000547956 -0.00138026 15.9198 67.4383 0 0.720397 -0 0 -0.693562 248911 32534.3 176417 0.613387 0.0393796 0.787845 -0.0388059 
1576395540.031061 1576395540.331688 0.000135069 0.640386 0 1 0 0 -0.000268258 -446.122 689.781 5333.71 1 -0.000430818 0.000845358 0.000286772 16.5597 67.4624 0 0.720211 0 0 -0.693756 254235 32629.7 175536 0.612749 0.0388566 0.788358 -0.0390027 
1576395540.331688 1576395540.633447 -0.000371723 0.645733 0 1 0 0 0.000328159 -447.367 681.878 5400.06 0.999998 -0.00163058 0.000665325 -0.000177766 17.205 67.487 0 0.720438 -0 0 -0.693519 259620 32712.2 174632 0.61228 0.0379716 0.788694 -0.0404229 
1576395540.633447 1576395540.937701 0.00059902 0.662826 0 1 0 0 -0.000576465 -389.496 719.613 5455.47 1 0.000530072 0.000619267 -2.05647e-05 17.8674 67.5116 0 0.720038 0 0 -0.693934 265047 32821.8 173649 0.61177 0.0382873 0.789093 -0.0400409 
1576395540.937701 1576395541.237951 0.000213261 0.644567 0 1 -0 0 -0.000403706 -354.808 672.535 5431.43 0.999998 0.00154158 0.000473577 0.00106726 18.5115 67.5352 0 0.719758 -0 0 -0.694225 270436 32888.5 172634 0.611379 0.0383692 0.789484 -0.0381896 
1576395541.237951 1576395541.643995 -0.000127808 0.85838 0 1 -0 0 -0.000229916 -578.253 940.896 7245.32 0.999999 -0.00100492 0.000233367 0.000788207 19.3693 67.5663 0 0.719598 -0 0 -0.69439 277655 33039 171373 0.611263 0.0371236 0.789618 -0.03851 
1576395541.643995 1576395541.940944 0.000831781 0.640432 0 1 0 0 -0.000911455 -408.105 672.527 5376.58 1 0.000190409 0.000333191 0.000766115 20.0094 67.5883 0 0.718965 0 0 -0.695046 283003 33132 170415 0.611022 0.0366222 0.789857 -0.0379037 
1576395541.940944 1576395542.248033 0.000182005 0.655983 0 1 0 0 -0.000210236 -448.434 642.385 5301.1 1 -0.000103915 0.000317817 0.000351397 20.665 67.6103 0 0.718819 0 0 -0.695197 288284 33210.9 169512 0.610788 0.0362691 0.79006 -0.0377827 
1576395542.248033 1576395542.547488 0.000305697 0.621775 0 1 0 0 -0.000470131 -390.469 633.325 5253.18 1 0.000819181 0.000296308 -0.000234248 21.2864 67.6308 0 0.718492 0 0 -0.695535 293503 33290.1 168561 0.610515 0.0369433 0.790263 -0.0372893 
1576395542.547488 1576395542.848139 -0.000246287 0.614355 0 1 0 0 4.92678e-05 -492.479 595.948 5133.08 0.999997 -0.00229172 0.000259342 -0.000628374 21.9004 67.6509 0 0.718526 -0 0 -0.6955 298628 33342.3 167737 0.61037 0.036031 0.790311 -0.0394935 
1576395542.848139 1576395543.149438 -0.000116653 0.606428 0 1 0 0 0.000170425 -394.98 647.548 5074.61 0.999998 0.00162465 0.000325892 -0.00124702 22.5065 67.6708 0 0.718645 -0 0 -0.695377 303677 33442.7 166830 0.610003 0.0379952 0.790527 -0.0389823 
1576395543.149438 1576395543.551872 0.000243184 0.794117 0 1 0 0 0.000170827 -466.136 826.109 6632.57 1 -0.000183158 -0.000191105 0.000161163 23.3002 67.6967 0 0.718764 -0 0 -0.695254 310261 33541.9 165592 0.610167 0.0377635 0.790409 -0.0390215 
1576395543.551872 1576395543.869703 0.000148175 0.628263 0 1 -0 0 -0.000383883 -371.695 660.26 5116.01 0.999999 0.00160862 0.000390638 -0.000409471 23.9282 67.7174 0 0.718497 -0 0 -0.69553 315345 33642.4 164650 0.609781 0.0390534 0.790694 -0.0380146 
1576395543.869703 1576395544.170780 0.000576659 0.583368 0 1 0 0 -0.00074199 -408.974 637.56 4964.76 0.999999 -0.000557299 0.000312658 0.00118244 24.5112 67.7358 0 0.71798 0 0 -0.696063 320291 33735 163779 0.6096 0.0377667 0.790909 -0.0377464 
1576395544.170780 1576395544.573602 -0.000127453 0.765831 0 1 0 0 0.000169257 -489.999 808.293 6438.21 1 0.000406423 1.01293e-06 0.00075684 25.2767 67.7597 0 0.718098 -0 0 -0.695942 326691 33851.1 162607 0.609612 0.0374158 0.790953 -0.0369636 
1576395544.573602 1576395544.875111 0.000406614 0.567936 0 1 -0 0 -0.000621995 -328.967 598.964 4759.8 0.999999 0.00101409 0.000348822 0.000134266 25.8444 67.777 0 0.717665 -0 0 -0.696388 331413 33946.6 161709 0.609303 0.0379149 0.791208 -0.0360927 
1576395544.875111 1576395545.176683 -4.79055e-05 0.578936 0 1 0 0 7.37213e-05 -360.526 582.197 4727.93 1 -0.000198063 -0.000144695 0.000166129 26.423 67.7945 0 0.717717 0 0 -0.696335 336111 34031.4 160846 0.609431 0.037668 0.791119 -0.0361427 
