groundtruth: cam2wheel_ryp.roll = -0.957862, cam2wheel_ryp.yaw = -4.04534, cam2wheel_ryp.pitch = -7.22235, cam2wheel_xyz.x = 1.84476, cam2wheel_xyz.y = -0.283707, cam2wheel_xyz.z = 1.29741
from_timestamp to_timestamp delta_pos_wheel delta_q_wheel delta_pos_cam delta_q_cam pos_wheel q_wheel pos_cam q_cam 
1576461277.132055 1576461316.200338 -0.00238484 0.366677 0 0.999996 0 0 0.0029168 -324.705 537.632 4137.01 0.999996 0.00294727 -0.00010566 -0.000521691 -0.00238484 0.366677 0 0.999996 0 0 0.0029168 377175 -3685.74 -35781.2 0.997923 0.0597845 0.0226984 -0.00777633 
1576461316.200338 1576461319.020423 -0.000995361 0.653716 0 1 0 0 0.000869222 -495.945 789.38 5870.49 0.999999 0.00119762 0.000588064 6.28393e-05 -0.00719369 1.02038 0 0.999993 0 0 0.00378602 376954 -3598.29 -29841.9 0.997838 0.0609736 0.0232983 -0.00772159 
1576461319.020423 1576461320.225501 -8.98791e-05 0.644255 0 1 0 0 0.000124998 -503.159 698.877 6027.46 0.999998 -0.00136447 0.00085603 -0.000697017 -0.0121618 1.66461 0 0.999992 0 0 0.00391101 376739 -3633.98 -23757.1 0.997894 0.0596216 0.0240994 -0.00850107 
1576461320.225501 1576461321.433480 -8.83633e-05 0.689815 0 1 0 0 0.000984242 -536.495 742.175 6427.7 0.999998 -0.00197422 -0.000773311 0.000416534 -0.0176459 2.3544 0 0.999988 0 0 0.00489525 376521 -3657.1 -17268.2 0.998031 0.0576479 0.0233357 -0.00808686 
1576461321.433480 1576461322.741026 -0.0171197 0.620207 0 0.999311 0 0 0.0371185 -1944.16 702.862 5853.33 0.999289 -0.00112594 -0.037679 7.05964e-05 -0.0408368 2.97441 0 0.999117 0 0 0.04201 374859 -3608.6 -11287.2 0.998267 0.0567863 -0.0142907 -0.00586482 
1576461322.741026 1576461324.051943 -0.0471042 0.668536 0 0.997579 0 0 0.069536 -3405.98 790.232 6229.14 0.997554 -0.00156606 -0.0698823 -0.000440978 -0.143896 3.63664 0 0.993778 0 0 0.111383 371281 -3483.3 -5105.97 0.994913 0.0554876 -0.0840512 -0.00229995 
1576461324.051943 1576461325.461100 -0.0472125 0.672227 0 0.997385 0 0 0.0722778 -3470.83 645.917 6218.9 0.997389 -0.00357808 -0.0721279 0.000484173 -0.338754 4.28173 0 0.983128 0 0 0.18292 366815 -3477.33 478.738 0.986452 0.0519894 -0.155574 0.00249071 
1576461325.461100 1576461327.168440 -0.0468033 0.642277 0 0.99738 0 0 0.0723449 -3548.32 679.389 5932.16 0.997246 0.000624416 -0.0741615 -0.000252419 -0.613431 4.8642 0 0.967318 0 0 0.253565 361604 -3374.72 5070.82 0.972166 0.0522382 -0.228317 0.00599332 
1576461327.168440 1576461333.125058 0.00149431 0.0897738 0 0.999718 0 0 0.0237535 -466.416 75.0455 -347.369 0.999873 -0.000692279 -0.0159153 -0.000666496 -0.656168 4.94316 0 0.961022 0 0 0.27647 361338 -3258.17 4561.64 0.968449 0.051311 -0.243791 0.00633406 
1576461333.125058 1576461333.930628 0.00507796 -0.327965 0 0.999819 0 0 0.0190285 -418.743 -357.259 -3076.32 0.999795 0.000210146 -0.0202192 0.000382593 -0.477589 4.66803 0 0.955588 0 0 0.294707 362433 -3292.94 1634.79 0.963308 0.0514692 -0.263304 0.00768952 
1576461333.930628 1576461335.034984 0.0112506 -0.332701 0 0.999414 0 0 0.0342405 -923.831 -447.847 -2990.84 0.999395 -2.57534e-05 -0.0347615 0.00106311 -0.280903 4.39945 0 0.944936 0 0 0.327254 363171 -3418.32 -1437.48 0.953566 0.0514259 -0.296576 0.0105049 
1576461335.034984 1576461337.049812 -2.07381e-05 -0.068568 0 1 0 0 -0.000364928 -16.7441 110.913 43.0659 0.999996 -0.000373562 -0.00201041 0.00194529 -0.238513 4.34556 0 0.945056 0 0 0.326909 363127 -3312.34 -1401.52 0.952965 0.0516253 -0.298388 0.012574 
1576461337.049812 1576461339.063783 -0.0072675 0.267783 0 0.999677 0 0 0.0254093 -1212.39 216.037 3177.01 0.999728 -0.00191046 -0.0232205 0.000292977 -0.409688 4.55162 0 0.936444 0 0 0.350817 360317 -3425.66 521.395 0.945872 0.0495861 -0.320396 0.0146186 
1576461339.063783 1576461340.572400 -0.010378 0.310989 0 0.999333 0 0 0.0365146 -1244.23 352.271 2507.35 0.999649 0.00150672 -0.026436 -0.000166393 -0.621844 4.77924 0 0.92301 0 0 0.384777 357791 -3328.83 1775.44 0.936998 0.0505541 -0.345319 0.0152842 
1576461340.572400 1576461341.478992 -0.0136689 0.34974 0 0.999357 0 0 0.0358464 -1612.18 323.77 3442.75 0.999445 0.000230928 -0.0333208 0.000522012 -0.879888 5.01571 0 0.908624 0 0 0.417616 354321 -3359.26 3361.01 0.924952 0.0504134 -0.376326 0.0173696 
1576461341.478992 1576461341.982173 -0.00719038 0.317054 0 0.999765 0 0 0.0216764 -1046.1 353.398 3033.52 0.999774 0.000100633 -0.0212688 0.000379881 -1.12519 5.21672 0 0.899358 0 0 0.437214 351441 -3324.35 4818.14 0.916727 0.0502686 -0.395896 0.0187514 
1576461341.982173 1576461342.487242 -0.00860931 0.372214 0 0.999746 0 0 0.0225178 -1129 409.028 3479.86 0.99976 -0.000698387 -0.0218764 0.000707535 -1.42322 5.43986 0 0.889285 0 0 0.457354 348117 -3283.95 6399.59 0.907868 0.0494862 -0.415807 0.0207717 
1576461342.487242 1576461342.988571 -0.00487422 0.331079 0 0.999889 0 0 0.0148813 -836.633 415.649 3089.4 0.999887 -0.00103247 -0.0150064 0.000513102 -1.69537 5.62847 0 0.88238 0 0 0.470537 345211 -3198.78 7802.36 0.901566 0.0484449 -0.429337 0.0224071 
1576461342.988571 1576461343.592068 -0.00578412 0.322659 0 0.999825 0 0 0.0187312 -931.663 391.064 3143.52 0.999809 -7.56433e-05 -0.0195089 0.000928817 -1.96652 5.80345 0 0.873412 0 0 0.486983 342165 -3143.91 9075.61 0.893001 0.0483291 -0.446797 0.0242178 
1576461343.592068 1576461344.197070 -0.00690299 0.291441 0 0.999664 0 0 0.025903 -1198.27 304.094 2756.31 0.999646 -0.00112022 -0.0265829 0.000478879 -2.21807 5.95078 0 0.860504 0 0 0.509443 339228 -3139.23 9779.24 0.88085 0.0468818 -0.470327 0.0264221 
1576461344.197070 1576461344.900448 -0.0115279 0.321181 0 0.99933 0 0 0.0366108 -1677.94 365.018 3115.83 0.999301 -0.000994607 -0.0373475 0.00143325 -2.50521 6.09514 0 0.841276 0 0 0.540606 335687 -3115.22 10129.5 0.862677 0.0456602 -0.502802 0.0298848 
1576461344.900448 1576461345.609285 -0.0143024 0.349007 0 0.999188 0 0 0.0402947 -1824.12 367.686 3305.43 0.999221 -4.29613e-05 -0.0394604 0.000524402 -2.82861 6.22714 0 0.818809 0 0 0.574066 331894 -3119.76 10180.3 0.842151 0.044672 -0.536427 0.0321373 
1576461345.609285 1576461346.208913 -0.00878342 0.30899 0 0.999603 0 0 0.028168 -1332.08 359.441 2966.36 0.99959 0.000440116 -0.0286275 0.000368395 -3.12209 6.32422 0 0.802314 0 0 0.596902 328623 -3096.22 10235 0.826417 0.0443019 -0.560313 0.0334771 
1576461346.208913 1576461346.916694 -0.0108033 0.369046 0 0.999595 0 0 0.028468 -1431.74 400.655 3415.31 0.999579 0.000920547 -0.0290062 0.000698642 -3.47867 6.41994 0 0.784996 0 0 0.6195 324899 -3084.39 10176.5 0.809752 0.0444644 -0.584048 0.0348096 
1576461346.916694 1576461347.516755 -0.00706588 0.313088 0 0.999753 0 0 0.0222342 -1105.97 374.087 2975.32 0.999756 -0.000467394 -0.0220739 0.00111296 -3.78482 6.48584 0 0.771028 0 0 0.636801 321705 -3052.83 10072.4 0.796644 0.0439567 -0.601714 0.0369568 
1576461347.516755 1576461348.127181 -0.00738488 0.340665 0 0.999779 0 0 0.021031 -993.003 392.388 3203.16 0.999793 -0.00136576 -0.020222 0.00162108 -4.12074 6.54297 0 0.757465 0 0 0.652876 318329 -3035.76 9998.56 0.784312 0.0430877 -0.617578 0.0399513 
1576461348.127181 1576461348.532882 -0.00552293 0.314888 0 0.999848 0 0 0.0174469 -893.901 372.48 3013.04 0.999846 -0.00040658 -0.0175322 0.00100209 -4.433 6.58395 0 0.745959 0 0 0.665992 315168 -3026.63 9839.81 0.773341 0.0426806 -0.631174 0.0417376 
1576461348.532882 1576461348.934938 -0.00906372 0.421301 0 0.999805 0 0 0.019752 -1076.22 495.37 3763.32 0.999819 0.00106389 -0.0190009 0.000749484 -4.85263 6.62252 0 0.732659 0 0 0.680596 311234 -2992.99 9543.08 0.761131 0.0431756 -0.645766 0.0424491 
1576461348.934938 1576461349.141918 -0.00153276 0.228973 0 0.999981 0 0 0.00609634 -438.24 268.106 2198.05 0.999978 0.00030828 -0.00661813 -8.55856e-05 -5.0811 6.63783 0 0.728496 0 0 0.68505 308978 -2995.7 9470.22 0.756831 0.0430731 -0.650806 0.0424697 
1576461349.141918 1576461349.443562 -0.00186259 0.374132 0 0.99999 0 0 0.00452456 -458.356 463.158 3382.54 0.999987 -0.000233284 -0.00511679 -1.5955e-05 -5.45464 6.65895 0 0.725389 0 0 0.688339 305534 -2947.22 9526.26 0.753502 0.0426683 -0.654661 0.0428293 
1576461349.443562 1576461349.745682 -0.00137167 0.384188 0 0.999995 0 0 0.00320108 -419.705 479.321 3561.92 0.999995 0.00107594 -0.00300499 -0.000646693 -5.83837 6.67771 0 0.723182 0 0 0.690657 301917 -2903.83 9610.41 0.751512 0.0429267 -0.656995 0.0417656 
1576461349.745682 1576461349.948700 -0.000225241 0.261194 0 1 0 0 0.00085637 -224.268 343.28 2422.45 0.999999 -0.000641669 -0.00085831 -0.000325749 -6.0993 6.68949 0 0.72259 0 0 0.691276 299463 -2853.68 9713.71 0.750989 0.0421946 -0.657627 0.0419792 
1576461349.948700 1576461350.247830 -0.000802187 0.375637 0 0.999995 0 0 0.00316881 -349.932 482.762 3556.02 0.999992 -0.0019758 -0.00334534 -0.00106931 -6.4746 6.70532 0 0.720396 0 0 0.693563 295860 -2798.68 9838.36 0.748911 0.0398668 -0.660096 0.0426163 
1576461350.247830 1576461350.451404 -0.0012988 0.249008 0 0.999984 0 0 0.00560111 -384.919 287.177 2353.55 0.999985 0.000363407 -0.00537276 -0.000178805 -6.72348 6.71347 0 0.7165 0 0 0.697587 293459 -2790.72 9752.53 0.745347 0.0397914 -0.664133 0.0424561 
1576461350.451404 1576461350.751387 -0.00263374 0.378207 0 0.999981 0 0 0.00621149 -532.706 446.703 3493.14 0.99998 0.000531064 -0.00631811 -0.000222502 -7.10162 6.72095 0 0.712153 0 0 0.702024 289900 -2756.79 9625.27 0.741124 0.0397704 -0.66886 0.0421881 
1576461350.751387 1576461351.057184 -0.00204746 0.418797 0 0.999987 0 0 0.00503707 -484.738 436.97 3683.56 0.999988 -0.000105904 -0.00489613 0.000556655 -7.52041 6.72491 0 0.708608 0 0 0.705602 286160 -2752.31 9520.22 0.737821 0.0398572 -0.672454 0.0428657 
1576461351.057184 1576461351.258703 -0.0010874 0.296528 0 0.999993 0 0 0.00370223 -371.174 303.922 2689.55 0.999995 0.000565212 -0.00316658 4.8523e-05 -7.81694 6.72508 0 0.705991 0 0 0.708221 283431 -2767.3 9399.59 0.735663 0.0401709 -0.674809 0.0426474 
1576461351.258703 1576461351.459115 -0.000877701 0.283956 0 0.999996 0 0 0.00299743 -360.925 350.195 2693.22 0.999996 2.2377e-05 -0.00297243 0.000141347 -8.10089 6.72331 0 0.703865 0 0 0.710334 280695 -2736.78 9272.27 0.733647 0.0401558 -0.676988 0.0428555 
1576461351.459115 1576461351.664050 -0.000853976 0.311628 0 0.999997 0 0 0.00264407 -314.991 341.662 2808.58 0.999996 -0.000259303 -0.00276357 -2.61231e-05 -8.4125 6.7196 0 0.701984 0 0 0.712192 277849 -2728.61 9183.7 0.731785 0.0398293 -0.679003 0.0431227 
1576461351.664050 1576461351.862284 -0.000723831 0.295932 0 0.999997 0 0 0.0025277 -339.843 357.57 2797.82 0.999996 0.000345088 -0.00253114 0.000695228 -8.70839 6.71461 0 0.700182 0 0 0.713964 275011 -2703.51 9053.82 0.73002 0.0404446 -0.68084 0.0434978 
1576461351.862284 1576461352.163547 -0.00164037 0.477619 0 0.999994 0 0 0.003381 -468.708 539.43 4281.81 0.999994 0.000237972 -0.00339612 0.00106116 -9.18588 6.70366 0 0.697764 0 0 0.716328 270674 -2678.29 8884.34 0.727647 0.0411928 -0.683282 0.0442475 
1576461352.163547 1576461352.365032 -0.000610871 0.31032 0 0.999998 0 0 0.00185128 -311.53 364.234 2899.59 0.999998 0.0002937 -0.00178422 0.000474447 -9.49608 6.6949 0 0.696437 0 0 0.717618 267738 -2668.4 8755.5 0.726394 0.0416517 -0.684573 0.0444655 
1576461352.365032 1576461352.566620 -0.000611368 0.288903 0 0.999998 0 0 0.00184706 -308.07 102.092 2583.26 0.999979 -0.000133682 -0.00159534 0.00627563 -9.78484 6.68564 0 0.69511 0 0 0.718903 265147 -2882.98 8600.99 0.725013 0.0457789 -0.68545 0.0491811 
1576461352.566620 1576461352.767227 -0.00018226 0.291099 0 1 0 0 0.000734512 -200.839 509.323 2730.62 0.999983 -0.00073913 -0.00143549 -0.00564597 -10.0758 6.67566 0 0.694582 0 0 0.719414 262366 -2745.34 8553.2 0.724328 0.0413016 -0.686701 0.0456592 
1576461352.767227 1576461352.968227 -0.000395843 0.30091 0 0.999999 0 0 0.00123082 -354.825 546.204 2854.75 0.999996 0.00146974 -0.00110532 -0.00220466 -10.3765 6.6647 0 0.693696 0 0 0.720268 259451 -2556.44 8349.96 0.723606 0.0408016 -0.687657 0.0430985 
1576461352.968227 1576461353.169298 -0.000392946 0.304686 0 0.999999 0 0 0.00125426 -261.455 335.041 2788.14 0.999999 0.000333853 -0.00132952 -0.000152747 -10.6809 6.65286 0 0.692792 0 0 0.721138 256634 -2555.29 8230.76 0.722684 0.0408808 -0.688639 0.0428126 
1576461353.169298 1576461353.470894 -0.000558524 0.456809 0 0.999999 0 0 0.00118415 -417.346 535.785 4238.79 0.999998 -0.000515929 -0.00173517 -0.000392517 -11.1374 6.63399 0 0.691937 0 0 0.721957 252346 -2525.99 8018.31 0.721526 0.0401633 -0.689886 0.0429551 
1576461353.470894 1576461353.673548 -7.73446e-05 0.325643 0 1 0 0 0.000354103 -251.536 361.195 2845.03 0.999999 -0.000301409 -0.000985893 -0.000529562 -11.4627 6.62009 0 0.691682 0 0 0.722202 249470 -2502.46 7894.27 0.72088 0.0395381 -0.690605 0.0428205 
1576461353.673548 1576461353.874637 -0.000274408 0.30822 0 1 0 0 0.000938338 -291.163 357.017 2879.08 0.999998 0.000958734 -0.000890765 -0.00161904 -11.7706 6.60652 0 0.691004 0 0 0.722851 246559 -2484.34 7726.42 0.720295 0.0390729 -0.691351 0.0410264 
1576461353.874637 1576461354.075709 -0.000305329 0.310433 0 0.999999 0 0 0.00107525 -261.709 379.148 2884.63 0.999999 0.00106655 -0.00092397 -0.000926644 -12.0807 6.59223 0 0.690226 0 0 0.723594 243642 -2434.96 7583.08 0.719651 0.0391625 -0.692095 0.0396576 
1576461354.075709 1576461354.275104 -8.17724e-05 0.29235 0 0.999999 0 0 0.0014886 -269.006 314.705 2825.06 0.999996 0.00186417 -0.000734443 -0.00175467 -12.3727 6.57836 0 0.689148 0 0 0.72462 240791 -2437.3 7424.75 0.719137 0.0392604 -0.692764 0.0371333 
1576461354.275104 1576461354.476301 -0.000682259 0.30208 0 0.999997 0 0 0.00231149 -253.518 229.28 2782.66 0.999973 -0.000183429 -0.00131662 -0.00722417 -12.6744 6.56253 0 0.687471 0 0 0.726211 237992 -2509.41 7275.73 0.718481 0.0340739 -0.693969 0.0321159 
1576461354.476301 1576461354.780251 0.000882424 0.44807 0 1 0 0 -0.000410818 -317.178 586.007 3994.67 0.999938 -0.00202873 -0.000646494 0.0109215 -13.1219 6.53887 0 0.68777 0 0 0.725929 233952 -2299.26 7099.1 0.717706 0.0401726 -0.693953 0.0413907 
1576461354.780251 1576461354.984264 -0.000319073 0.317454 0 1 0 0 0.000900474 -270.74 354.488 2844.33 0.999998 0.000805781 -0.000572119 -0.00198175 -13.4388 6.52143 0 0.687116 0 0 0.726548 231078 -2275.53 6924.24 0.717357 0.0393519 -0.694475 0.0394321 
1576461354.984264 1576461355.184308 -6.88261e-05 0.310034 0 1 0 0 0.000347708 -247.245 349.894 2883.13 0.999999 -0.000976032 -0.00036258 -5.9386e-05 -13.7484 6.50408 0 0.686863 0 0 0.726787 228167 -2248.97 6770.88 0.717146 0.0385962 -0.694699 0.0400816 
1576461355.184308 1576461355.383958 -0.000242234 0.313356 0 1 0 0 0.000620129 -250.431 350.908 2884.9 1 -0.00045843 -0.00039533 -6.83044e-05 -14.0612 6.48615 0 0.686412 0 0 0.727213 225255 -2221.56 6612.22 0.716891 0.0382041 -0.694966 0.0403663 
1576461355.383958 1576461355.586691 3.01154e-07 0.318746 0 1 0 0 4.30699e-05 -217.255 359.247 2935.49 1 -0.000394108 -0.000128474 0.000268237 -14.3794 6.46777 0 0.686381 0 0 0.727242 222292 -2191.07 6485.96 0.716806 0.0381028 -0.695032 0.0408374 
1576461355.586691 1576461355.787905 -2.44073e-05 0.32541 0 1 0 0 3.2432e-05 -234.199 398.722 2993.7 1 0.000561733 -5.59528e-05 0.000608925 -14.7043 6.44895 0 0.686357 0 0 0.727264 219267 -2129.61 6343.7 0.716721 0.0389264 -0.695072 0.0408856 
1576461355.787905 1576461355.986609 5.96246e-05 0.318671 0 1 0 0 -6.9256e-05 -271.882 378.986 3041.71 0.999999 0.00124288 5.35867e-05 0.000723782 -15.0224 6.43058 0 0.686408 0 0 0.727217 216195 -2096.87 6164.99 0.716679 0.0403224 -0.695055 0.0405383 
1576461355.986609 1576461356.187833 2.16086e-05 0.349829 0 1 0 0 -6.83685e-05 -257.017 407.09 3080.41 1 0.0006175 -1.63042e-05 0.000241722 -15.3717 6.41042 0 0.686457 0 0 0.72717 213082 -2044.59 6002.77 0.716633 0.0409323 -0.695082 0.040283 
1576461356.187833 1576461356.392278 4.37653e-05 0.337105 0 1 0 0 -0.000102946 -233.285 363.782 3115.01 1 -0.00089857 0.000163097 -0.000328456 -15.7082 6.39106 0 0.686532 0 0 0.727099 209940 -2040.6 5865.17 0.716796 0.0400666 -0.694942 0.0406655 
1576461356.392278 1576461356.591419 -5.26406e-05 0.360745 0 1 0 0 0.000249036 -229.688 384.122 3140.25 1 -0.000687953 0.000152517 -0.000269737 -16.0684 6.37032 0 0.686351 0 0 0.72727 206771 -2017.44 5732.98 0.71694 0.0393922 -0.694815 0.0409441 
1576461356.591419 1576461356.794627 4.10844e-05 0.343644 0 1 0 0 -0.000168035 -220.314 379.751 3160.55 1 -0.000402895 0.000107503 8.80061e-05 -16.4115 6.35048 0 0.686473 0 0 0.727155 203583 -1999.36 5611.73 0.717027 0.0391689 -0.694718 0.0412829 
1576461356.794627 1576461356.995361 -8.24635e-06 0.346394 0 1 -0 0 -0.000128292 -229.01 393.891 3171.03 1 -0.000783796 0.000330499 0.000307804 -16.7573 6.33055 0 0.686567 0 0 0.727067 200382 -1969.12 5482.78 0.717275 0.0388344 -0.694437 0.0420352 
1576461356.995361 1576461357.195238 4.32033e-05 0.350294 0 1 0 0 -0.000206881 -224.901 409.291 3215.87 1 -0.000425355 0.000308592 7.84954e-06 -17.107 6.31054 0 0.686717 0 0 0.726925 197135 -1930.84 5361.42 0.717505 0.0385477 -0.694197 0.0423242 
1576461357.195238 1576461357.396308 0.000187773 0.355752 0 1 -0 0 -0.000532014 -248.693 433.444 3256.06 1 0.000296133 0.000541359 7.4365e-05 -17.4622 6.29051 0 0.687104 0 0 0.726559 193844 -1873.48 5219.5 0.717866 0.0388347 -0.693818 0.0421511 
1576461357.396308 1576461357.496849 8.80084e-05 0.180139 0 1 -0 0 -0.000482869 -136.89 207.996 1644.16 1 0.000463944 0.000179992 -0.000144762 -17.6421 6.28055 0 0.687454 0 0 0.726227 192183 -1855.6 5138.38 0.717979 0.0390749 -0.693714 0.0417183 
1576461357.496849 1576461357.697881 0.000229166 0.36677 0 1 0 0 -0.000441908 -266.908 407.536 3341.09 0.999999 0.000921328 0.000624965 -7.7157e-05 -18.0083 6.26067 0 0.687775 0 0 0.725924 188810 -1833.1 4986.07 0.718379 0.0397089 -0.693306 0.0409993 
1576461357.697881 1576461357.898476 8.63197e-05 0.371114 0 1 -0 0 -0.000359455 -232.567 436.14 3402.76 0.999999 -0.00128519 0.000687959 -8.61413e-05 -18.3789 6.24075 0 0.688036 0 0 0.725676 185374 -1788.28 4874.54 0.71891 0.0387541 -0.692762 0.0418011 
1576461357.898476 1576461358.100134 9.92253e-05 0.377863 0 1 0 0 -0.00019613 -231.228 447.355 3443.58 1 -0.000344077 0.000242191 -0.000459388 -18.7562 6.22074 0 0.688179 0 0 0.725541 181896 -1736.63 4770.44 0.71911 0.0381986 -0.692591 0.0416998 
1576461358.100134 1576461358.206192 -4.05254e-05 0.207177 0 1 0 0 0.00012027 -147.375 210.052 1753.74 1 0.000489083 0.000120586 4.42774e-05 -18.9631 6.20975 0 0.688091 0 0 0.725624 180125 -1726.61 4688.73 0.719173 0.038586 -0.692523 0.0413883 
1576461358.206192 1576461358.405021 -4.02638e-05 0.388536 0 1 -0 0 -3.54996e-05 -275.418 453.649 3624.16 1 -0.000337746 0.000110839 0.000531677 -19.3511 6.1891 0 0.688117 0 0 0.7256 176465 -1686.44 4549.84 0.719241 0.0387159 -0.692409 0.0420003 
1576461358.405021 1576461358.606467 0.000170917 0.393385 0 1 0 0 -0.000321179 -258.474 427.486 3619.28 1 6.91997e-05 4.44913e-05 -0.000239353 -19.7439 6.16842 0 0.68835 0 0 0.725379 172814 -1675.58 4428.55 0.719279 0.0386018 -0.692389 0.0417785 
1576461358.606467 1576461358.708231 -4.79834e-06 0.200135 0 1 -0 0 -8.75656e-05 -178.966 242.225 1811.87 1 -2.28618e-05 0.000140488 4.90768e-05 -19.9438 6.15794 0 0.688414 0 0 0.725318 170981 -1641.55 4318.39 0.719375 0.0386252 -0.692285 0.0418242 
1576461358.708231 1576461358.911570 4.75221e-06 0.405862 0 1 0 0 4.24034e-05 -291.194 482.735 3724 1 0.000201158 0.000224887 0.000710972 -20.3491 6.13677 0 0.688383 0 0 0.725348 167218 -1586.49 4169.66 0.719493 0.0392715 -0.692104 0.0421877 
1576461358.911570 1576461359.111560 0.000178419 0.411943 0 1 0 0 -0.000218698 -272.879 491.783 3776.36 1 0.000244315 8.82351e-05 0.000221357 -20.7605 6.11542 0 0.688541 0 0 0.725197 163402 -1533.64 4042.96 0.719535 0.0396042 -0.692042 0.0421744 
1576461359.111560 1576461359.213650 -8.85585e-05 0.235371 0 1 0 0 0.000429329 -150.28 229.747 1951.79 1 0.000129647 -1.17634e-05 -8.5646e-05 -20.9955 6.10314 0 0.68823 0 0 0.725493 161432 -1531.48 3968.63 0.719525 0.0396377 -0.692059 0.0420235 
1576461359.213650 1576461359.413538 0.00011908 0.425492 0 1 0 0 -0.000577186 -297.035 513.468 3887.71 1 -0.000205546 0.000178807 0.000497185 -21.4204 6.08084 0 0.688649 0 0 0.725095 157503 -1471 3822.73 0.719636 0.0398414 -0.691902 0.0425164 
1576461359.413538 1576461359.513977 9.36448e-05 0.21413 0 1 0 0 -0.000354457 -141.649 228.017 1953.15 1 0.00012458 9.36505e-05 -2.30436e-05 -21.6343 6.0699 0 0.688906 0 0 0.724851 155532 -1472.3 3757.74 0.719697 0.0399191 -0.691841 0.0424099 
1576461359.513977 1576461359.715550 0.000106841 0.429192 0 1 0 0 -0.000252562 -336.376 502.986 3953.04 1 -0.000100197 0.000282172 0.000222497 -22.0629 6.0482 0 0.689089 0 0 0.724677 151538 -1433.79 3577.26 0.719887 0.0400129 -0.691625 0.0426281 
1576461359.715550 1576461359.817442 6.37391e-06 0.213997 0 1 0 0 4.45911e-05 -129.361 221.816 1959.26 1 2.37704e-05 3.71062e-06 9.76757e-05 -22.2766 6.03744 0 0.689056 0 0 0.724708 149562 -1442.67 3526.28 0.719884 0.0400977 -0.691619 0.0426818 
1576461359.817442 1576461360.019203 4.80737e-05 0.426433 0 1 0 0 -0.00010364 -307.258 474.456 3918.12 1 0.000470887 0.000291915 2.20646e-05 -22.7025 6.01599 0 0.689131 0 0 0.724636 145606 -1430.83 3375.81 0.720066 0.0404644 -0.691428 0.0423603 
1576461360.019203 1576461360.117955 3.979e-05 0.211874 0 1 0 0 -0.000135405 -159.891 244.608 1951.73 1 3.21565e-05 0.000225097 3.25524e-05 -22.9141 6.0054 0 0.68923 0 0 0.724543 143635 -1416.77 3295.17 0.720219 0.0405196 -0.691266 0.0423524 
1576461360.117955 1576461360.319479 3.82884e-05 0.422797 0 1 -0 0 -0.000346254 -284.178 521.495 3867.79 1 -0.00067964 0.000455801 -0.000180538 -23.3364 5.98433 0 0.68948 0 0 0.724304 139724 -1352.5 3169.79 0.720569 0.0399246 -0.690916 0.0426737 
1576461360.319479 1576461360.520444 0.000529315 0.419156 0 0.999999 -0 0 -0.00121838 -246.01 499.348 3850.58 1 -0.000269262 0.000630922 -8.58052e-05 -23.7551 5.96422 0 0.690362 0 0 0.723464 135835 -1306.73 3085.32 0.721019 0.0396982 -0.690453 0.0427727 
1576461360.520444 1576461360.620654 0.000106855 0.208029 0 1 -0 0 -0.00061747 -140.512 251.643 1921.47 1 9.84779e-05 0.000350483 -0.000137298 -23.9629 5.95459 0 0.690809 0 0 0.723037 133893 -1281.25 3027.87 0.721263 0.0396894 -0.69021 0.0425918 
1576461360.620654 1576461360.822007 0.000343704 0.414966 0 1 0 0 -0.000514517 -279.641 491.837 3780.92 0.999999 0.00106247 0.000901179 -0.000154562 -24.3774 5.93602 0 0.691181 0 0 0.722682 130072 -1233.37 2914.36 0.721849 0.0403874 -0.689611 0.0417112 
1576461360.822007 1576461360.922483 -8.68527e-06 0.204878 0 1 -0 0 -6.81556e-05 -174.719 250.338 1881.8 1 -0.000160569 0.000544167 0.000174931 -24.5821 5.92689 0 0.69123 0 0 0.722635 128168 -1203.49 2825.85 0.722223 0.0404148 -0.689204 0.0419262 
1576461360.922483 1576461361.123446 0.00067986 0.405261 0 0.999999 -0 0 -0.00144382 -224.991 439.82 3732.05 0.999999 -0.000232921 0.00111981 -0.000858408 -24.987 5.90958 0 0.692273 0 0 0.721636 124403 -1201.29 2775.76 0.72304 0.0397019 -0.68842 0.0414215 
1576461361.123446 1576461361.224250 9.10507e-05 0.217021 0 1 -0 0 -0.000372788 -122.525 215.028 1843.36 1 0.000414828 0.000467515 0.00011958 -25.2038 5.90066 0 0.692542 0 0 0.721378 122544 -1199.28 2743.8 0.72334 0.0401035 -0.688094 0.0412038 
1576461361.224250 1576461361.427463 0.00037492 0.397128 0 1 -0 0 -0.00089214 -276.783 433.949 3639.35 0.999999 0.00126121 0.00110798 0.00020425 -25.6007 5.88484 0 0.693185 0 0 0.72076 118869 -1186.94 2649.3 0.724042 0.0412019 -0.687335 0.0404392 
1576461361.427463 1576461361.626333 0.000358598 0.391312 0 0.999999 -0 0 -0.00105694 -281.265 455.504 3567.75 0.999999 4.34375e-05 0.00115506 0.000460573 -25.9917 5.86994 0 0.693946 0 0 0.720027 115263 -1146.21 2554.88 0.724815 0.0415966 -0.686481 0.0406952 
1576461361.626333 1576461361.729266 0.000106966 0.194707 0 1 0 0 -0.000566971 -116.085 200.02 1782.29 1 -0.000430762 0.00053747 5.14426e-06 -26.1863 5.86287 0 0.694355 0 0 0.719633 113466 -1154.81 2536.15 0.725202 0.0413098 -0.686074 0.0409723 
1576461361.729266 1576461361.927424 0.000274021 0.386492 0 1 -0 0 -0.000662408 -214.2 442.921 3555.39 1 -0.000179759 0.000795111 0.000351005 -26.5725 5.84933 0 0.694831 0 0 0.719173 109877 -1128.39 2520.14 0.72574 0.0414528 -0.685475 0.0413173 
1576461361.927424 1576461362.133270 0.000287311 0.384676 0 1 -0 0 -0.000852413 -261.775 470.698 3503.01 1 -0.000343455 0.000845821 -0.000322358 -26.957 5.83637 0 0.695444 0 0 0.71858 106334 -1070.93 2459.46 0.726347 0.0410175 -0.68486 0.0412837 
1576461362.133270 1576461362.331817 0.000233126 0.380475 0 1 0 0 -0.000431271 -245.718 441.735 3480.86 1 0.000345994 0.000256141 3.73736e-05 -27.3373 5.82416 0 0.695754 0 0 0.71828 102817 -1037.36 2419.38 0.726507 0.041305 -0.684687 0.0410634 
1576461362.331817 1576461362.430283 -5.019e-06 0.190993 0 1 -0 0 -8.56034e-05 -120.941 228.311 1735.63 1 -0.000325034 3.20985e-05 -0.000106231 -27.5282 5.81807 0 0.695815 0 0 0.718221 101062 -1012.74 2401.91 0.726546 0.0409974 -0.684654 0.0412074 
1576461362.430283 1576461362.633844 8.21198e-05 0.403563 0 1 -0 0 -0.000258248 -287.97 442.482 3483.6 1 -0.000265639 6.52045e-05 -0.000690114 -27.9315 5.80537 0 0.696001 0 0 0.718041 97539.9 -978.414 2321.84 0.72663 0.0403346 -0.684624 0.0408852 
1576461362.633844 1576461362.835629 0.000210851 0.382617 0 1 -0 0 -0.000427274 -283.26 450.779 3511.23 0.999999 0.000219273 -0.000121048 -0.00123271 -28.314 5.79365 0 0.696307 0 0 0.717744 93989.6 -934.178 2248.57 0.726588 0.039645 -0.68477 0.0398442 
1576461362.835629 1576461362.935556 -3.67367e-05 0.192698 0 1 0 0 0.000193083 -132.554 215.864 1749.38 1 0.000117519 -7.98638e-05 -0.00017426 -28.5066 5.78777 0 0.696169 0 0 0.717878 92222.3 -916.401 2220.19 0.726536 0.0396079 -0.68484 0.0396403 
1576461362.935556 1576461363.134629 -0.000211032 0.387094 0 1 0 0 0.000505633 -298.674 424.577 3549.45 1 0.000183769 -0.000143425 -0.000119905 -28.8935 5.77568 0 0.695806 0 0 0.71823 88636.2 -892.489 2132.3 0.726435 0.0396536 -0.684956 0.039433 
1576461363.134629 1576461363.335194 -0.000164882 0.388055 0 1 0 0 0.000404408 -297.032 417.744 3539.88 1 0.000437565 -0.000152646 0.000183296 -29.2813 5.76321 0 0.695515 0 0 0.718511 85060.5 -873.402 2044.46 0.726306 0.040091 -0.685077 0.0392725 
1576461363.335194 1576461363.536774 -0.000164341 0.389797 0 1 0 0 0.000200809 -292.883 423.758 3558.87 1 0.000323989 -4.65629e-05 0.000571834 -29.6709 5.75037 0 0.695371 0 0 0.718651 81465.6 -851.69 1960.81 0.726238 0.0407162 -0.6851 0.0394677 
1576461363.536774 1576461363.636755 1.24073e-07 0.196755 0 1 0 0 7.52284e-07 -138.83 218.379 1754.71 1 -0.000273984 -1.75988e-06 0.000390775 -29.8676 5.7439 0 0.69537 0 0 0.718652 79692.4 -833.594 1925.02 0.726233 0.0407849 -0.685075 0.0399393 
1576461363.636755 1576461363.838054 -0.000141331 0.388726 0 1 0 0 0.000285473 -274.314 454.316 3565.72 1 -0.000884186 -0.000171676 -5.63138e-05 -30.2561 5.73096 0 0.695165 0 0 0.71885 76088.3 -789.177 1860.1 0.726153 0.0400973 -0.685166 0.0405111 
1576461363.838054 1576461363.939053 5.86032e-05 0.192498 0 1 0 0 2.74914e-05 -139.015 225.148 1760.42 1 -9.82044e-05 4.40838e-06 0.000286867 -30.4485 5.72457 0 0.695145 0 0 0.718869 74308.6 -766.275 1823.82 0.726148 0.0402227 -0.685147 0.0407865 
1576461363.939053 1576461364.140202 -0.000247252 0.387909 0 1 0 0 0.000574197 -289.188 456.8 3527.37 1 2.50294e-05 -0.000284679 0.000399064 -30.8361 5.71131 0 0.694733 0 0 0.719268 70741.3 -716.859 1740.54 0.725936 0.0405027 -0.685339 0.0410706 
1576461364.140202 1576461364.347193 -0.00023405 0.402756 0 1 0 0 0.000570745 -285.308 447.504 3520.66 0.999999 -0.000489422 -8.03097e-05 0.00101336 -31.2386 5.6971 0 0.694322 0 0 0.719665 67182 -678.732 1658.7 0.725859 0.0408386 -0.685336 0.0421449 
1576461364.347193 1576461364.550595 -3.06969e-05 0.381559 0 1 -0 0 -4.2084e-05 -268.931 450.019 3488.15 1 -5.47803e-05 -0.00017125 -0.000104044 -31.62 5.6834 0 0.694352 0 0 0.719635 63655.6 -641.51 1590.75 0.725748 0.0407203 -0.685462 0.0421139 
1576461364.550595 1576461364.650724 1.08271e-05 0.189625 0 1 -0 0 -0.000101406 -136.578 213.138 1737.12 1 0.000232979 -4.74769e-05 -0.000214722 -31.8095 5.67663 0 0.694425 0 0 0.719565 61900.5 -633.525 1553.64 0.725715 0.0407402 -0.685515 0.0418003 
1576461364.650724 1576461364.845651 0.000127937 0.372369 0 1 0 0 -0.000260537 -294.894 433.935 3436.15 1 0.000354729 2.03713e-05 -0.000525236 -32.1816 5.66352 0 0.694613 0 0 0.719384 58426.1 -604.075 1455.26 0.725736 0.0406384 -0.685536 0.0411751 
1576461364.845651 1576461365.044565 -0.000172846 0.370792 0 1 0 0 0.000507861 -298.369 432.172 3408.41 1 0.000152661 -0.000167052 -0.000485602 -32.5522 5.65036 0 0.694247 0 0 0.719737 54979.1 -569.469 1351.98 0.725635 0.0404094 -0.685683 0.0407248 
1576461365.044565 1576461365.253799 -0.000263026 0.398213 0 1 0 0 0.000576012 -283.152 457.957 3534.37 1 2.95807e-05 -0.000288184 -0.000303715 -32.9501 5.63575 0 0.693832 0 0 0.720136 51405.3 -520.234 1269.94 0.725449 0.0402109 -0.685906 0.0404958 
1576461365.253799 1576461365.354746 -4.2382e-05 0.189846 0 1 0 0 0.00012825 -132.351 216.156 1738.93 1 2.09324e-05 -0.000180829 0.000236429 -33.1398 5.62864 0 0.69374 0 0 0.720225 49648.4 -504.017 1235.49 0.725314 0.0403809 -0.686028 0.0406602 
1576461365.354746 1576461365.555269 -8.09249e-05 0.385751 0 1 0 0 0.000123918 -259.995 403.099 3509.79 0.999999 -0.000801509 -0.000128794 0.000637855 -33.5253 5.61412 0 0.693651 0 0 0.720311 46106.5 -505.895 1171.7 0.725232 0.0402319 -0.686063 0.0416779 
1576461365.555269 1576461365.758867 1.32038e-05 0.387639 0 1 0 0 4.35648e-05 -271.456 427.92 3542.9 1 -0.000105852 -0.000111434 0.000290636 -33.9127 5.59952 0 0.693619 0 0 0.720342 42528.4 -491.627 1097.43 0.725148 0.0403499 -0.686128 0.0419658 
1576461365.758867 1576461365.857370 -1.64209e-06 0.19421 0 1 0 0 4.23272e-05 -171.574 209.518 1723.77 1 0.000118617 8.42378e-05 6.75668e-05 -34.1067 5.59218 0 0.693589 0 0 0.720371 40785.1 -484.612 1021.47 0.725198 0.0404858 -0.686069 0.04193 
1576461365.857370 1576461366.065162 -2.12498e-06 0.405306 0 1 0 0 6.25919e-05 -310.023 456.039 3707.76 1 0.00046268 4.87154e-05 0.000410962 -34.5117 5.57683 0 0.693544 0 0 0.720414 37038.1 -464.345 917.648 0.725195 0.0411053 -0.686036 0.0419086 
1576461366.065162 1576461366.268107 -5.79316e-05 0.389378 0 1 0 0 0.000111848 -282.286 484.153 3512.55 1 -6.82195e-05 4.82653e-05 -0.000257082 -34.9008 5.56197 0 0.693463 0 0 0.720492 33482.8 -396.158 831.166 0.725242 0.0408815 -0.686009 0.041767 
1576461366.268107 1576461366.369030 1.02242e-05 0.193954 0 1 -0 0 -8.67932e-05 -132.579 249.34 1765.6 1 -0.000319755 -2.36021e-05 0.000145151 -35.0947 5.55457 0 0.693526 0 0 0.720432 31695.6 -354.991 797.174 0.725233 0.0407482 -0.686007 0.0420926 
1576461366.369030 1576461366.568036 -2.50108e-05 0.389201 0 1 0 0 4.27843e-05 -316.124 430.565 3594.22 1 0.000726138 0.000145518 0.000140485 -35.4836 5.53974 0 0.693495 0 0 0.720461 28063.7 -349.012 681.486 0.725297 0.0413773 -0.685926 0.0416904 
1576461366.568036 1576461366.769093 9.24433e-05 0.385988 0 1 0 0 -0.000185052 -287.31 431.112 3516.69 1 0.000115543 7.90329e-05 -0.000233101 -35.8693 5.52511 0 0.693628 0 0 0.720333 24510.3 -334.15 591.324 0.725356 0.0413045 -0.685883 0.0414388 
1576461366.769093 1576461366.869537 -1.05932e-05 0.193051 0 1 0 0 -2.129e-05 -121.938 259.797 1774.52 1 -0.000792922 -7.76863e-05 -0.000309838 -36.0622 5.51781 0 0.693644 0 0 0.720318 22713.5 -283.755 569.246 0.725348 0.0405136 -0.685919 0.0417611 
1576461366.869537 1576461367.070613 0.000169035 0.382257 0 1 0 0 -0.000329779 -255.802 477.718 3508.78 0.999999 -0.000377064 -0.000103768 -0.00115588 -36.4442 5.50357 0 0.693881 0 0 0.72009 19164.3 -217.789 510.157 0.72534 0.0394429 -0.686025 0.0411855 
1576461367.070613 1576461367.274737 5.88631e-05 0.404006 0 1 0 0 9.40834e-06 -317.002 434.432 3493.82 0.999999 0.000771105 0.000260741 -0.00126834 -36.8479 5.48865 0 0.693874 0 0 0.720096 15631.5 -185.311 388.31 0.72554 0.0391428 -0.685917 0.0397262 
1576461367.274737 1576461367.475245 -5.04444e-05 0.377226 0 1 0 0 -2.60166e-05 -268.689 441.854 3466.41 1 0.00023198 -9.63126e-05 -0.000440818 -37.2249 5.47462 0 0.693893 0 0 0.720078 12127.9 -133.067 315.082 0.725482 0.0390049 -0.686013 0.039251 
1576461367.475245 1576461367.579764 -5.54374e-05 0.188428 0 1 0 0 0.00021077 -133.284 200.875 1722.38 1 0.000248665 5.83866e-05 -0.000224027 -37.4132 5.46758 0 0.693741 0 0 0.720224 10389.2 -124.115 278.543 0.725521 0.0390339 -0.685989 0.0389156 
1576461367.579764 1576461367.779017 -5.99907e-05 0.386127 0 1 0 0 2.35549e-05 -284.537 437.105 3464.02 1 -0.000620432 0.000117323 0.000422433 -37.799 5.45307 0 0.693724 0 0 0.720241 6887.63 -71.6451 189.13 0.725609 0.0388781 -0.685863 0.0396431 
1576461367.779017 1576461367.981487 0.000244227 0.356248 0 1 -0 0 -0.00058279 -251.752 405.085 3389.69 1 -0.000159888 2.79957e-05 8.35616e-05 -38.155 5.43995 0 0.694144 0 0 0.719836 3465.18 -45.6936 128.969 0.725631 0.0388205 -0.685833 0.0398123 
1576461367.981487 1576461368.184661 6.61911e-05 0.382763 0 1 0 0 -6.75966e-05 -272.059 411.86 3366.25 1 0.00045522 0.000134709 0.000344712 -38.5376 5.42611 0 0.694193 0 0 0.719789 64.0826 -11.0917 47.4107 0.725692 0.0393926 -0.68574 0.039745 
1576461368.184661 1576461368.286106 -4.53889e-06 0.182057 0 1 -0 0 -5.78068e-05 -138.366 210.101 1712.6 1 0.000127035 7.59103e-05 0.000222978 -38.7195 5.41952 0 0.694234 0 0 0.719749 -1666.33 5.91733 6.44633 0.72573 0.0396407 -0.685681 0.0398167 
1576461368.286106 1576461368.489850 3.12836e-05 0.366089 0 1 -0 0 -8.7278e-05 -267.74 405.106 3350.86 1 0.000307847 0.000327723 0.000432931 -39.0853 5.40634 0 0.694297 0 0 0.719689 -5051.23 31.7818 -70.2193 0.725925 0.040174 -0.685438 0.0399068 
1576461368.489850 1576461368.688635 0.000179351 0.349624 0 1 -0 0 -0.00056579 -260.207 415.542 3274.07 0.999999 0.000675192 0.000465382 0.000968434 -39.4347 5.39397 0 0.694704 0 0 0.719296 -8360.77 73.8323 -141.479 0.726178 0.0413465 -0.685088 0.0401283 
1576461368.688635 1576461368.890155 0.000408181 0.370244 0 0.999999 -0 0 -0.00150938 -251.873 406.484 3278.14 0.999998 0.000899138 0.00151393 0.000636847 -39.8048 5.3815 0 0.695789 0 0 0.718246 -11673 100.114 -201.096 0.727151 0.0424964 -0.683997 0.0399121 
1576461368.890155 1576461369.093414 0.00110274 0.357597 0 0.999994 -0 0 -0.00352333 -163.771 403.203 3240.09 0.999993 0.000195513 0.00364603 0.000107691 -40.1622 5.37125 0 0.698315 0 0 0.71579 -14941.9 123.437 -165.036 0.729628 0.0428575 -0.681345 0.0397015 
1576461369.093414 1576461369.292328 0.0018289 0.351723 0 0.999985 -0 0 -0.00547574 -84.2188 404.536 3204.84 0.999985 -0.00093008 0.00545756 -0.00015526 -40.5139 5.36439 0 0.702224 0 0 0.711956 -18170.2 151.436 -28.1463 0.733381 0.0422891 -0.677322 0.0399874 
1576461369.292328 1576461369.392734 0.000540382 0.17534 0 0.999995 -0 0 -0.0031216 -16.2575 196.336 1596.68 0.999995 -0.000497116 0.00302142 2.13589e-05 -40.6892 5.36252 0 0.704443 0 0 0.70976 -19775.1 160.892 83.1574 0.735444 0.0420596 -0.675082 0.0402118 
1576461369.392734 1576461369.593783 0.00218938 0.347872 0 0.999982 -0 0 -0.00606106 -2.67973 406.991 3177.79 0.999979 -0.000117887 0.00642359 -6.19965e-05 -41.0371 5.36209 0 0.708732 0 0 0.705477 -22967.2 195.996 353.651 0.739773 0.0421885 -0.670342 0.0399748 
1576461369.593783 1576461369.795366 0.0015739 0.366312 0 0.999992 -0 0 -0.00405477 -53.6455 411.868 3125.17 0.999992 0.000566035 0.00396085 -7.35724e-05 -41.4034 5.36535 0 0.711587 0 0 0.702598 -26109.2 242.382 609.302 0.742401 0.0427159 -0.667432 0.0393735 
1576461369.795366 1576461369.995841 0.00134792 0.341461 0 0.999991 -0 0 -0.00435704 -205.158 357.975 3090.01 0.999979 0.00358018 0.00540569 -0.000194281 -41.7448 5.37104 0 0.714642 0 0 0.699491 -29224.1 239.256 734.937 0.745848 0.0454561 -0.663554 0.036608 
1576461369.995841 1576461370.197584 0.00278736 0.3373 0 0.999959 -0 0 -0.00903533 -44.7657 353.666 3084.12 0.999959 0.00034447 0.0090219 -0.00100118 -42.082 5.38105 0 0.720933 0 0 0.693005 -32312.4 231.809 1052.75 0.751825 0.0453771 -0.656856 0.0352211 
1576461370.197584 1576461370.400113 0.00392687 0.33427 0 0.999926 -0 0 -0.0121263 231.025 378.144 3019.07 0.999937 -0.000454622 0.0112077 -0.000657491 -42.4158 5.39817 0 0.729283 0 0 0.684212 -35296.1 260.233 1691.39 0.759183 0.0449953 -0.648402 0.0345146 
1576461370.400113 1576461370.599460 0.00452218 0.334726 0 0.999905 -0 0 -0.0137958 212.212 389.53 3040.95 0.999906 7.11891e-05 0.0137137 -0.00039272 -42.7496 5.42401 0 0.738653 0 0 0.674086 -38290.4 302.131 2381.81 0.768014 0.0452638 -0.63795 0.03355 
1576461370.599460 1576461370.800176 0.00525654 0.335351 0 0.999873 -0 0 -0.015919 343.967 352.545 3019.69 0.999872 -0.000126238 0.0159444 -0.000904489 -43.0831 5.45984 0 0.74929 0 0 0.662242 -41215.5 311.088 3278.74 0.778124 0.045119 -0.62566 0.0322099 
1576461370.800176 1576461371.001397 0.00614614 0.33709 0 0.999823 -0 0 -0.0188401 444.685 473.191 3019.82 0.999818 0.000599192 0.0190535 0.00039987 -43.4168 5.50735 0 0.761634 0 0 0.648008 -44101.9 444.801 4370.47 0.789863 0.0464409 -0.610721 0.0312806 
1576461371.001397 1576461371.202996 0.00733258 0.338527 0 0.999746 -0 0 -0.0225302 561.747 294.475 3024.57 0.999739 0.000913381 0.0227936 -0.00110207 -43.7498 5.56882 0 0.77604 0 0 0.630683 -46900.8 395.867 5679.73 0.80357 0.0471902 -0.592638 0.0287856 
1576461371.202996 1576461371.403722 0.00917139 0.349873 0 0.999657 -0 0 -0.0261862 681.585 373.461 3018.17 0.999675 -0.000290092 0.0254775 8.80081e-05 -44.0904 5.64933 0 0.792289 0 0 0.610146 -49603.8 428.576 7230.99 0.818419 0.0477273 -0.57196 0.0278166 
1576461371.403722 1576461371.605370 0.00914888 0.343153 0 0.999638 -0 0 -0.0269079 735.683 376.012 3081.47 0.999641 0.000416152 0.0267782 -0.00035784 -44.4199 5.74584 0 0.80842 0 0 0.588606 -52264.9 456.841 8990.4 0.833432 0.048591 -0.549868 0.0259977 
1576461371.605370 1576461371.805917 0.00992497 0.345569 0 0.999579 -0 0 -0.0290047 771.218 425.066 3084.54 0.999582 0.000853218 0.0289057 -0.000571864 -44.7457 5.8614 0 0.825152 0 0 0.56491 -54821.6 533.514 10926.2 0.848951 0.0497188 -0.525597 0.0236365 
1576461371.805917 1576461371.909394 0.00262694 0.174869 0 0.999885 -0 0 -0.0151926 383.029 185.033 1566.13 0.999881 0.000842841 0.0153945 -0.00103148 -44.9078 5.92711 0 0.83364 0 0 0.552309 -56061.7 541.656 11973 0.856923 0.0502501 -0.512536 0.0215496 
1576461371.909394 1576461372.109906 0.0114556 0.348588 0 0.999431 -0 0 -0.0337294 968.819 349.827 3073.21 0.999416 0.00192029 0.0340827 -0.00167301 -45.2243 6.07358 0 0.851794 0 0 0.523876 -58326.6 542.714 14291.6 0.873831 0.0517433 -0.483156 0.0174065 
1576461372.109906 1576461372.309967 0.0128908 0.346728 0 0.999292 -0 0 -0.0376173 1131.85 390.835 3081.21 0.999269 0.000286197 0.0382396 0.000202738 -45.5279 6.24149 0 0.870898 0 0 0.491463 -60351.5 578.599 16904.3 0.891649 0.0527191 -0.449382 0.015454 
1576461372.309967 1576461372.511188 0.0139937 0.354923 0 0.999229 -0 0 -0.0392613 1239.27 405.427 3086.41 0.999219 8.34218e-06 0.0395101 -1.55318e-05 -45.8245 6.43694 0 0.889522 0 0 0.456892 -62112.1 623.979 19754.6 0.908708 0.053289 -0.413803 0.0133414 
1576461372.511188 1576461372.712361 0.0142478 0.358603 0 0.999211 -0 0 -0.0397036 1199.66 384.358 3151.77 0.999173 0.000497079 0.0406528 -0.00117312 -46.1077 6.65741 0 0.906961 0 0 0.421214 -63715.8 642.154 22746 0.924767 0.0537535 -0.376588 0.00989229 
1576461372.712361 1576461372.912967 0.0152837 0.369022 0 0.999143 -0 0 -0.0413845 1258.49 441.333 3246.26 0.999127 -0.000377066 0.0417708 -0.00066383 -46.3798 6.90716 0 0.923616 0 0 0.383319 -65098 705.998 25971.3 0.939717 0.0535211 -0.337663 0.00716644 
1576461372.912967 1576461373.013483 0.00400057 0.188612 0 0.999778 -0 0 -0.0210701 622.092 221.252 1679.05 0.99978 -0.000549674 0.0209726 0.000379221 -46.5105 7.04318 0 0.931487 0 0 0.363773 -65693.1 734.833 27674.3 0.946618 0.0532711 -0.317856 0.00658435 
1576461373.013483 1576461373.214936 0.0180553 0.411574 0 0.99907 -0 0 -0.043125 1238.97 487.827 3419.53 0.999127 0.000304372 0.0417748 5.50175e-05 -46.7762 7.35806 0 0.946309 0 0 0.323265 -66782.6 834.147 31177 0.959054 0.0538053 -0.278033 0.00430855 
1576461373.214936 1576461373.415605 0.0139927 0.37668 0 0.999319 -0 0 -0.0369074 1210.65 428.373 3485.58 0.999213 0.000596329 0.0396397 -0.00115038 -46.9956 7.66458 0 0.957595 0 0 0.288119 -67632.7 865.729 34792.9 0.969293 0.0541858 -0.239862 0.00090326 
1576461373.415605 1576461373.516145 0.0049601 0.229238 0 0.999775 -0 0 -0.0211934 547.045 214.089 1777.72 0.999814 -0.000356212 0.0193067 -8.91504e-05 -47.1179 7.85849 0 0.963486 0 0 0.267759 -67981 877.79 36632.5 0.973763 0.0538265 -0.221108 -0.00014403 
1576461373.516145 1576461373.719758 0.0145785 0.42031 0 0.999427 -0 0 -0.0338498 993.852 568.273 3715.27 0.999375 -0.000192942 0.0353568 0.00034527 -47.3223 8.22606 0 0.971997 0 0 0.234992 -68697.6 1029.6 40450.5 0.980982 0.0536762 -0.186522 -0.0016682 
1576461373.719758 1576461373.827373 0.00410946 0.229166 0 0.999837 -0 0 -0.0180551 470.908 231.649 1857.91 0.999854 0.000348376 0.0170651 -0.000843669 -47.4233 8.43179 0 0.976082 0 0 0.217404 -68943.6 1054.44 42365.2 0.984002 0.0538243 -0.169799 -0.00347655 
1576461373.827373 1576461374.019550 0.0136492 0.410251 0 0.99946 -0 0 -0.0328593 940.461 551.129 3791.67 0.999382 0.00125399 0.035136 0.000476161 -47.5851 8.80905 0 0.982698 0 0 0.185213 -69332.2 1181.58 46289.2 0.989293 0.0549836 -0.13509 -0.00510995 
1576461374.019550 1576461374.220868 0.0132167 0.436763 0 0.999574 -0 0 -0.0291887 893.451 514.086 3865.24 0.999547 0.000834799 0.0300921 0.000392494 -47.7318 9.22066 0 0.987686 0 0 0.156451 -69509.1 1255.06 50285 0.992866 0.0556838 -0.105233 -0.00648669 
1576461374.220868 1576461374.321016 0.00299142 0.219552 0 0.999906 -0 0 -0.0136998 326.886 233.913 1951.59 0.999901 0.000349783 0.0140029 -0.00120345 -47.7968 9.43039 0 0.989736 0 0 0.142905 -69598.4 1266.33 52275.5 0.994214 0.0558081 -0.0913843 -0.00849746 
1576461374.321016 1576461374.522270 0.0119938 0.43729 0 0.999637 -0 0 -0.0269586 651.326 569.435 3862.89 0.999614 0.000234863 0.0277872 7.39995e-05 -47.909 9.85321 0 0.993229 0 0 0.116171 -69659.9 1391.82 56231.6 0.996357 0.0557907 -0.0637165 -0.00999282 
1576461374.522270 1576461374.622802 0.0026545 0.219096 0 0.999931 -0 0 -0.0117809 343.494 244.448 1956.81 0.999931 -0.000236395 0.0116764 0.000791412 -47.9569 10.067 0 0.994529 0 0 0.104462 -69566.7 1410.36 58231 0.997054 0.0554851 -0.0520365 -0.00983998 
1576461374.622802 1576461374.825446 0.0104539 0.452266 0 0.99974 -0 0 -0.0228081 531.156 517.398 3885.5 0.999734 0.000238399 0.023036 -0.00107775 -48.0407 10.5116 0 0.996653 0 0 0.0817513 -69438.8 1485.06 62183.9 0.997964 0.0554253 -0.029112 -0.0122025 
1576461374.825446 1576461374.924003 0.00221884 0.216789 0 0.999949 -0 0 -0.0101217 210.269 246.04 1936.01 0.99994 7.19239e-06 0.0108935 0.000723327 -48.0738 10.7258 0 0.997429 0 0 0.0716593 -69338.9 1510.92 64144.1 0.99823 0.0553173 -0.0181988 -0.0120839 
1576461374.924003 1576461375.125152 0.00797864 0.43274 0 0.999848 -0 0 -0.0174517 475.042 529.686 3852.56 0.999844 0.000247752 0.0175678 0.00182555 -48.1278 11.1553 0 0.998528 0 0 0.0542416 -68997.7 1601.02 68045.8 0.998402 0.0553769 -0.000555268 -0.011236 
1576461375.125152 1576461375.226044 0.00140655 0.215859 0 0.999981 -0 0 -0.00623471 81.0688 247.967 1933.4 0.999977 0.000419424 0.00679525 -0.000374729 -48.1498 11.37 0 0.998847 0 0 0.048015 -68915.7 1631.81 69994.8 0.998355 0.0557178 0.0062131 -0.0119864 
1576461375.226044 1576461375.432378 0.00387405 0.429121 0 0.999967 -0 0 -0.00807597 54.3771 493.14 3876.78 0.999959 9.47795e-06 0.00904293 -0.000709163 -48.1871 11.7975 0 0.999202 0 0 0.0399468 -68806.2 1688.61 73901.2 0.998249 0.055621 0.0152015 -0.0131977 
1576461375.432378 1576461375.532970 0.000484239 0.212442 0 0.999998 -0 0 -0.00210912 -70.3947 246.53 2031.94 0.999996 -9.24074e-05 0.00274645 0.000117619 -48.2036 12.0093 0 0.999284 0 0 0.0378392 -68811 1708.8 75949.2 0.99821 0.0554905 0.0179484 -0.0132344 
1576461375.532970 1576461375.735503 0.0011488 0.446542 0 0.999997 -0 0 -0.00236271 -216.967 476.591 3831.33 0.999994 -0.000859025 0.00332309 -0.000349178 -48.2362 12.4547 0 0.99937 0 0 0.0354781 -68882.5 1761.33 79815.1 0.998188 0.054595 0.0212347 -0.0137827 
1576461375.735503 1576461375.835969 0.000225519 0.208829 0 0.999999 -0 0 -0.00108325 -111.395 243.157 1888 0.999999 -0.000411653 0.00148457 -3.06852e-05 -48.2508 12.663 0 0.999408 0 0 0.0343955 -68909.3 1798.87 81721.4 0.998177 0.0541642 0.0227092 -0.0139031 
1576461375.835969 1576461376.037739 0.000995148 0.416886 0 0.999996 -0 0 -0.00266278 -192.829 495.398 3774.83 0.999995 -0.000106789 0.00310335 0.000238185 -48.2784 13.079 0 0.999496 0 0 0.0317342 -68921.5 1885.49 85532.5 0.998111 0.0540088 0.0258182 -0.0138358 
1576461376.037739 1576461376.136705 0.000293974 0.205594 0 0.999999 -0 0 -0.00148209 -92.346 232.673 1853.7 0.999999 8.00128e-05 0.00159545 -0.000407193 -48.2912 13.2842 0 0.999542 0 0 0.0302528 -68913.8 1917.83 87402.7 0.998058 0.054077 0.0273897 -0.0143263 
1576461376.136705 1576461376.337886 0.00145776 0.404692 0 0.999993 -0 0 -0.00373129 -162.017 472.782 3710.71 0.999994 4.32183e-05 0.0034106 0.000611453 -48.3142 13.6882 0 0.999648 0 0 0.026523 -68863.5 1988.34 91145.9 0.997965 0.0540542 0.0308272 -0.0138992 
1576461376.337886 1576461376.541147 0.00163105 0.398332 0 0.999992 -0 0 -0.00410128 -127.57 460.981 3621.99 0.999992 0.000116139 0.00361566 0.0013991 -48.3337 14.0861 0 0.999749 0 0 0.022423 -68759 2055.69 94797.2 0.997859 0.0540763 0.0345125 -0.0126947 
1576461376.541147 1576461376.639066 0.000342331 0.197177 0 0.999999 -0 0 -0.00162986 -57.4015 195.876 1812.08 0.999999 -0.000256347 0.00160426 0.000274776 -48.3422 14.2831 0 0.999784 0 0 0.0207935 -68688.3 2054.45 96619.4 0.99782 0.0537906 0.0361249 -0.0125161 
1576461376.639066 1576461376.840183 0.000904522 0.389278 0 0.999998 -0 0 -0.00221708 -202.446 460.455 3494.45 0.999996 -0.000399062 0.0026183 -0.000358368 -48.3575 14.672 0 0.999827 0 0 0.0185769 -68629.6 2138.09 100148 0.997739 0.0533724 0.0387131 -0.0130289 
1576461376.840183 1576461377.041242 0.000693065 0.385278 0 0.999999 -0 0 -0.00166735 -246.676 438.971 3507.5 0.999997 -0.000317327 0.00219104 -0.000890921 -48.3711 15.0571 0 0.999857 0 0 0.0169098 -68596.1 2202.7 103691 0.997657 0.0530616 0.0408474 -0.014047 
1576461377.041242 1576461377.141569 0.000137661 0.191334 0 1 -0 0 -0.000650647 -114.203 216.27 1737.18 1 -9.11757e-05 0.000808648 -0.000469685 -48.3774 15.2483 0 0.999868 0 0 0.0162592 -68563.9 2234.46 105445 0.997621 0.0529784 0.0416279 -0.0145622 
1576461377.141569 1576461377.342466 0.000498217 0.380351 0 0.999999 -0 0 -0.00150594 -244.001 446.682 3422.33 0.999999 0.000470283 0.00161554 0.000292592 -48.3893 15.6285 0 0.999891 0 0 0.0147534 -68513.1 2318.55 108903 0.997532 0.0534118 0.0432619 -0.0143363 
1576461377.342466 1576461377.545103 0.000647513 0.391023 0 0.999999 -0 0 -0.00144688 -234.673 433.099 3400 0.999999 -0.00011527 0.00132965 -4.62225e-05 -48.4002 16.0193 0 0.999911 0 0 0.0133067 -68444.1 2388.11 112338 0.997479 0.0532797 0.0445841 -0.0144584 
1576461377.545103 1576461377.744927 0.000262788 0.371866 0 1 0 0 -0.000613987 -211.175 386.505 3381.98 0.999999 -0.000481616 0.000931847 0.000282931 -48.4098 16.3911 0 0.999919 0 0 0.0126928 -68345.8 2413.51 115747 0.997467 0.0527732 0.0455217 -0.0142473 
1576461377.744927 1576461377.846477 3.24538e-05 0.184517 0 1 0 0 -0.000150488 -109.873 232.093 1685.22 1 0.000214822 0.000419747 0.00086014 -48.4145 16.5755 0 0.999921 0 0 0.0125423 -68296.9 2467.21 117450 0.997448 0.0529423 0.0459888 -0.0134017 
1576461377.846477 1576461378.047853 5.6206e-05 0.366038 0 1 0 0 -4.13771e-05 -194.915 382.623 3377.1 0.999999 -0.000338208 0.000424355 0.00119907 -48.4236 16.9415 0 0.999922 0 0 0.0125009 -68173.8 2490.98 120852 0.997462 0.0525441 0.046471 -0.0122437 
1576461378.047853 1576461378.249716 0.000243492 0.363944 0 1 0 0 -0.000509335 -223.88 394.027 3323.37 1 0.000289824 0.000431251 -0.000193905 -48.4324 17.3053 0 0.999928 0 0 0.0119916 -68081.3 2534.94 124204 0.997424 0.0528369 0.0468945 -0.0124463 
1576461378.249716 1576461378.450502 5.75066e-05 0.361439 0 1 0 0 -0.000300344 -267.083 417.914 3289.27 1 0.000234313 0.000457131 -0.000334396 -48.4411 17.6666 0 0.999932 0 0 0.0116913 -68031.3 2605.17 127530 0.997386 0.0530806 0.0473357 -0.012793 
1576461378.450502 1576461378.651506 6.57175e-05 0.359555 0 1 0 0 -0.000143422 -262.501 405.787 3266.57 1 0.000179401 0.000245998 -0.00039207 -48.4494 18.0261 0 0.999933 0 0 0.0115479 -67976.2 2664.08 130831 0.997359 0.0532749 0.0475625 -0.0131886 
1576461378.651506 1576461378.754006 -2.76136e-06 0.200681 0 1 0 0 1.67884e-05 -129.679 206.667 1614.59 1 0.000343269 -1.38567e-05 -0.000413155 -48.454 18.2267 0 0.999933 0 0 0.0115647 -67947.8 2698.66 132463 0.997336 0.0536371 0.0475312 -0.0135836 
1576461378.754006 1576461378.953839 -4.29743e-05 0.356158 0 1 0 0 0.000168511 -261.298 387.484 3245.26 1 0.000287082 8.52491e-05 0.000184217 -48.4623 18.5828 0 0.999931 0 0 0.0117332 -67892.4 2738.12 135741 0.997319 0.0539135 0.04763 -0.0133908 
1576461378.953839 1576461379.157451 1.55137e-05 0.354055 0 1 0 0 6.78418e-05 -261.846 376.852 3193.92 0.999999 0.000877729 0.000267922 0.000515309 -48.4706 18.9367 0 0.99993 0 0 0.011801 -67842.1 2770.75 138967 0.997265 0.0547607 0.0479367 -0.0128495 
1576461379.157451 1576461379.356778 -3.74348e-05 0.351137 0 1 0 0 -2.5732e-08 -232.662 401.396 3174.06 1 0.000112495 0.000112692 0.000121812 -48.4789 19.2878 0 0.99993 0 0 0.011801 -67762.3 2823.76 142174 0.997255 0.0548656 0.0480572 -0.0127288 
1576461379.356778 1576461379.557663 3.90291e-05 0.348621 0 1 0 0 6.75209e-05 -248.523 370.357 3147.39 1 0.000260689 -1.05768e-06 -0.000573954 -48.4871 19.6363 0 0.99993 0 0 0.0118685 -67700.9 2848.5 145352 0.997234 0.0551532 0.048028 -0.0132886 
1576461379.557663 1576461379.760784 8.73199e-05 0.347399 0 1 -0 0 -0.000261424 -267.635 412.032 3180.37 1 -0.000509916 -2.31992e-05 -0.000425374 -48.4953 19.9836 0 0.999933 0 0 0.0116071 -67654.1 2909.65 148569 0.997257 0.0546654 0.0479746 -0.013736 
1576461379.760784 1576461379.959961 0.00011316 0.34598 0 1 0 0 -0.000186927 -279.723 402.263 3127.12 1 6.50184e-05 0.000201676 5.50493e-05 -48.5032 20.3295 0 0.999935 0 0 0.0114202 -67624.8 2970.48 151733 0.997244 0.0547248 0.0481796 -0.013689 
1576461379.959961 1576461380.163262 -6.49892e-06 0.345497 0 1 0 0 3.96672e-05 -269.184 415.326 3138.39 1 -0.000143561 -8.91021e-05 -0.000370482 -48.5111 20.6749 0 0.999934 0 0 0.0114599 -67582.2 3042.4 154909 0.997251 0.0546007 0.0480685 -0.0140605 
1576461380.163262 1576461380.261568 -2.63358e-06 0.172618 0 1 0 0 6.45319e-07 -137.106 187.116 1575.98 1 -0.000174916 -1.60655e-05 0.00025784 -48.5151 20.8475 0 0.999934 0 0 0.0114605 -67563.7 3057.7 156502 0.997265 0.0544141 0.0480641 -0.0138109 
1576461380.261568 1576461380.463463 -7.17825e-05 0.344005 0 1 0 0 0.000126589 -233.902 398.896 3150.6 1 -0.000273968 -0.000292496 -0.000230275 -48.523 21.1914 0 0.999933 0 0 0.0115871 -67486.1 3113.18 159685 0.997291 0.054156 0.0477561 -0.0140378 
1576461380.463463 1576461380.664909 -0.000175646 0.35715 0 1 0 0 0.000404273 -274.247 369.409 3094.83 1 -0.000301333 2.07876e-05 -0.000212063 -48.5315 21.5484 0 0.999928 0 0 0.0119913 -67456.6 3148.09 162814 0.997303 0.0538653 0.0477611 -0.0142648 
1576461380.664909 1576461380.865996 -8.56415e-06 0.33775 0 1 0 0 -6.59951e-07 -256.796 369.455 3079.86 1 -0.000289798 5.53462e-05 0.00050017 -48.5396 21.8861 0 0.999928 0 0 0.0119907 -67411.1 3186.14 165926 0.997323 0.0535516 0.0478391 -0.0137828 
1576461380.865996 1576461381.066950 4.13135e-05 0.337603 0 1 0 0 -6.3766e-05 -242.752 396.742 3075.99 1 -0.000557496 -0.000232504 -0.000631575 -48.5476 22.2236 0 0.999929 0 0 0.0119269 -67350.7 3253.26 169035 0.997355 0.053029 0.0475657 -0.0144269 
1576461381.066950 1576461381.268129 9.76034e-05 0.339029 0 1 0 0 -0.000128286 -298.34 390.62 3085.47 1 -0.000260305 8.88335e-05 -0.000792706 -48.5556 22.5625 0 0.99993 0 0 0.0117986 -67346.3 3317.99 172159 0.997353 0.0528058 0.0476085 -0.0152346 
1576461381.268129 1576461381.468747 -4.74573e-05 0.336618 0 1 0 0 0.000109104 -251.419 374.399 3066.2 1 1.63883e-05 -0.000171232 0.000137235 -48.5636 22.8991 0 0.999929 0 0 0.0119077 -67297 3369.09 175257 0.997362 0.0528182 0.0474452 -0.0150879 
1576461381.468747 1576461381.669820 -8.77648e-05 0.336712 0 1 0 0 0.000295659 -278.529 352.398 3024.15 1 0.000606958 0.000105369 2.01175e-05 -48.5717 23.2357 0 0.999926 0 0 0.0122034 -67280.4 3403.4 178314 0.997325 0.053421 0.0475605 -0.0150446 
1576461381.669820 1576461381.870754 -5.87309e-05 0.335078 0 1 0 0 0.000337558 -213.397 357.399 3016.16 1 0.000479608 -0.000382228 -0.000305346 -48.5799 23.5706 0 0.999921 0 0 0.0125409 -67198.9 3438.21 181358 0.997313 0.0539196 0.0471702 -0.0153059 
1576461381.870754 1576461382.074664 1.92241e-06 0.350761 0 1 0 0 1.97319e-05 -263.387 399.899 3028.9 1 0.000304439 -5.98392e-05 0.000464453 -48.5887 23.9213 0 0.999921 0 0 0.0125606 -67166.8 3512.17 184423 0.997306 0.0542022 0.0471402 -0.0148251 
1576461382.074664 1576461382.273070 5.13276e-05 0.315501 0 1 0 0 -0.000170928 -236.08 392.691 3032.96 1 -0.000319077 9.13736e-05 0.000783811 -48.5966 24.2367 0 0.999923 0 0 0.0123897 -67107.8 3576.01 187490 0.997331 0.0538457 0.0472691 -0.0140634 
1576461382.273070 1576461382.476147 2.17895e-05 0.349897 0 1 -0 0 -0.000234422 -220.014 361.463 3025.85 1 -0.000439323 -0.000114714 0.000605698 -48.6053 24.5865 0 0.999926 0 0 0.0121553 -67034 3611.28 190544 0.997368 0.0533805 0.0471811 -0.0134739 
1576461382.476147 1576461382.675385 1.20333e-05 0.332643 0 1 0 0 -1.84917e-05 -223.229 359.699 3003.01 1 6.51984e-05 -0.000317939 -4.83734e-05 -48.6133 24.919 0 0.999926 0 0 0.0121368 -66966.4 3650.09 193575 0.997379 0.0534521 0.0468623 -0.0135021 
1576461382.675385 1576461382.876495 -0.000269138 0.332807 0 1 0 0 0.000786032 -263.228 350.555 3005.81 1 0.000333642 -0.0001045 -0.000448597 -48.6217 25.2517 0 0.999916 0 0 0.0129228 -66940.5 3679.99 196613 0.99736 0.0538073 0.0467386 -0.0139283 
1576461382.876495 1576461383.079873 -0.000129064 0.332404 0 1 0 0 0.000382838 -271.907 389.228 2953.48 1 0.00040636 6.44865e-06 -0.000670322 -48.6304 25.584 0 0.999911 0 0 0.0133056 -66927.4 3752.16 199603 0.997328 0.0542438 0.0467146 -0.0145782 
1576461383.079873 1576461383.278593 -0.000138244 0.329769 0 1 0 0 0.00027032 -269.21 347.993 2993.79 1 -0.000182671 -5.76114e-05 -0.000786695 -48.6393 25.9137 0 0.999908 0 0 0.0135759 -66909.3 3776.42 202629 0.997329 0.0540992 0.0466118 -0.0153682 
1576461383.278593 1576461383.479654 6.69516e-05 0.331664 0 1 -0 0 -0.00029156 -256.243 383.181 2996.35 1 -0.000351222 6.13428e-05 -0.000191725 -48.6483 26.2452 0 0.999912 0 0 0.0132843 -66877 3836.12 205660 0.997342 0.0537569 0.0466572 -0.0155791 
1576461383.479654 1576461383.680698 4.87847e-05 0.326307 0 1 0 0 -0.00018838 -209.996 361.973 2968.2 1 -0.000357002 -0.000188731 0.000451912 -48.6569 26.5714 0 0.999914 0 0 0.013096 -66801.6 3878.7 208656 0.997377 0.0533827 0.0464877 -0.0151349 
1576461383.680698 1576461383.881254 -0.0001841 0.326208 0 1 0 0 0.000569388 -226.175 369.542 2945.14 1 0.000298865 -0.000371941 0.00062528 -48.6656 26.8975 0 0.999907 0 0 0.0136653 -66745.4 3933.92 211632 0.997387 0.0536573 0.0461546 -0.0144775 
1576461383.881254 1576461384.082687 -0.000251202 0.328055 0 1 0 0 0.000803782 -268.508 378.099 2967.29 0.999999 -0.000112374 -0.000523367 0.000932932 -48.6748 27.2254 0 0.999895 0 0 0.014469 -66731.3 3994.54 214635 0.99743 0.0535097 0.045681 -0.0135241 
1576461384.082687 1576461384.283907 -0.000311076 0.341647 0 1 0 0 0.000881771 -250.819 383.543 2960.21 0.999999 -0.000389848 -0.000753192 -0.000568964 -48.685 27.5669 0 0.999882 0 0 0.0153507 -66703.2 4061.64 217629 0.997477 0.053157 0.044894 -0.0140691 
1576461384.283907 1576461384.484971 -7.52706e-05 0.329415 0 1 0 0 0.000153838 -274.86 366.445 3016.19 1 -0.000173056 -0.00029586 -0.000123466 -48.6952 27.8962 0 0.99988 0 0 0.0155045 -66699.2 4108.61 220680 0.997498 0.0529941 0.0445899 -0.0141843 
1576461384.484971 1576461384.686002 1.99582e-05 0.329732 0 1 0 0 -5.94869e-05 -256.171 351.106 2983.84 1 -0.000457665 -0.00030043 0.000356669 -48.7054 28.2258 0 0.999881 0 0 0.015445 -66681.7 4144.41 223695 0.99754 0.0525259 0.0443026 -0.013833 
1576461384.686002 1576461384.889029 4.30435e-06 0.329979 0 1 0 0 -4.48388e-05 -226.778 380.851 2954.42 1 -0.000140096 -0.000470279 -0.000610193 -48.7156 28.5556 0 0.999881 0 0 0.0154002 -66638.4 4214.99 226681 0.99756 0.0524197 0.0437995 -0.0144232 
1576461384.889029 1576461385.087616 -6.52626e-05 0.328692 0 1 0 0 0.000316047 -307.881 356.282 2970.04 0.999999 0.00011345 -2.67224e-05 -0.0010333 -48.7258 28.8841 0 0.999876 0 0 0.0157162 -66678.1 4262.24 229688 0.99754 0.0525785 0.0437203 -0.0154476 
1576461385.087616 1576461385.290848 -0.000156343 0.327362 0 1 0 0 0.000592216 -243.541 372.821 2969.78 1 0.000660225 -0.00020761 0.000441402 -48.7362 29.2113 0 0.999867 0 0 0.0163084 -66653.1 4323.67 232690 0.997521 0.053221 0.0435466 -0.0149675 
1576461385.290848 1576461385.489977 -0.000256576 0.325057 0 1 0 0 0.000739639 -251.395 331.839 2961.76 1 9.01503e-05 -0.000347882 0.000167362 -48.7471 29.5362 0 0.999855 0 0 0.0170479 -66639.4 4341.49 235681 0.997533 0.0533088 0.0432098 -0.0147781 
1576461385.489977 1576461385.691068 -0.000116338 0.326757 0 1 0 0 0.000373432 -263.505 386.654 2930.9 1 -2.0379e-05 -0.000245137 0.000615735 -48.7583 29.8627 0 0.999848 0 0 0.0174213 -66640.6 4416.87 238648 0.997554 0.0532655 0.0429978 -0.0141517 
1576461385.691068 1576461385.892578 -0.000103573 0.326445 0 1 0 0 0.000109571 -236.971 369.672 2908.31 1 3.37751e-05 -0.000225078 0.000819858 -48.7698 30.189 0 0.999846 0 0 0.0175308 -66619.4 4477.3 241588 0.997573 0.0532671 0.0428174 -0.0133204 
1576461385.892578 1576461386.093135 -8.10844e-06 0.328395 0 1 0 0 0.000183425 -249.47 393.318 2969.52 1 0.000223889 -0.000103875 0.000862473 -48.7813 30.5172 0 0.999843 0 0 0.0177142 -66606.1 4554.76 244593 0.997577 0.0534549 0.0427627 -0.0124449 
1576461386.093135 1576461386.296804 -0.000139429 0.350553 0 1 0 0 0.00036527 -242.018 367.288 2976.18 1 0.000585834 -0.000419586 -6.33447e-05 -48.7939 30.8675 0 0.999837 0 0 0.0180794 -66586.4 4604.16 247601 0.997562 0.0540472 0.042348 -0.0124606 
1576461386.296804 1576461386.503369 -0.000169606 0.334439 0 1 0 0 0.000492829 -235.817 397.871 3072.28 1 0.000409351 -0.000511543 0.000269977 -48.8061 31.2017 0 0.999828 0 0 0.0185722 -66554.2 4669.84 250707 0.997565 0.0544505 0.0418574 -0.0121463 
1576461386.503369 1576461386.700864 -0.000247646 0.338129 0 1 0 0 0.000761781 -261.316 364.182 3070.84 1 -0.000206485 -0.00050661 -0.000794888 -48.819 31.5396 0 0.999813 0 0 0.0193338 -66551.6 4700.17 253810 0.997587 0.0542839 0.0413062 -0.0129203 
1576461386.700864 1576461386.901771 -9.64622e-05 0.343055 0 1 0 0 0.000161879 -277.381 398.145 3071.11 1 -0.000155063 2.72653e-05 -0.00025042 -48.8323 31.8824 0 0.99981 0 0 0.0194957 -66567.1 4765.84 256919 0.997591 0.0541392 0.0413178 -0.013178 
1576461386.901771 1576461387.004122 -9.1151e-06 0.188881 0 1 0 0 8.63633e-05 -112.587 218.916 1585.89 1 -0.00035396 -0.000211028 0.000278276 -48.8397 32.0711 0 0.999808 0 0 0.019582 -66544.1 4812.82 258523 0.997623 0.0537774 0.0411177 -0.0129036 
1576461387.004122 1576461387.203772 -2.01475e-05 0.357796 0 1 0 0 0.000180996 -292.536 414.7 3216.98 1 -0.000779648 0.000140815 -0.00044824 -48.8537 32.4287 0 0.999805 0 0 0.019763 -66563.6 4882.63 261779 0.997653 0.0530162 0.041224 -0.0133904 
1576461387.203772 1576461387.406898 -0.000270552 0.368148 0 1 0 0 0.000536325 -275.106 414.92 3320.37 1 -7.91596e-05 -0.000322001 -0.000457988 -48.8685 32.7965 0 0.999794 0 0 0.0202992 -66556.3 4946.31 265136 0.997664 0.0529604 0.0408774 -0.0138335 
1576461387.406898 1576461387.607705 -0.00016626 0.376758 0 1 0 0 0.000233711 -281.7 440.185 3364.57 0.999999 0.00036416 6.13155e-05 0.00128455 -48.884 33.173 0 0.999789 0 0 0.0205329 -66553.4 5031.07 268540 0.997659 0.0532703 0.0410116 -0.0125403 
1576461387.607705 1576461387.808651 9.38647e-05 0.384339 0 1 0 0 -8.49864e-06 -238.935 410.768 3469 1 3.71463e-05 7.02537e-05 0.000752173 -48.8997 33.557 0 0.999789 0 0 0.0205244 -66500.2 5072.02 272040 0.997663 0.0532756 0.0411222 -0.0117921 
1576461387.808651 1576461387.909009 -4.57421e-05 0.192825 0 1 0 0 0.000294011 -140.578 201.505 1753 1 -0.000114983 2.0192e-05 -0.000419982 -48.9076 33.7496 0 0.999783 0 0 0.0208183 -66493 5086.96 273810 0.997663 0.0531779 0.0411186 -0.0122169 
1576461387.909009 1576461388.109998 0.000131483 0.387932 0 1 -0 0 -0.000455898 -316.685 397.834 3466.62 1 -1.57353e-05 0.000402431 4.12464e-05 -48.9237 34.1372 0 0.999793 0 0 0.0203625 -66517.1 5117.45 277314 0.997648 0.0531556 0.0415221 -0.0121978 
1576461388.109998 1576461388.314033 0.000101593 0.387453 0 1 0 0 -0.000282951 -276.752 452.049 3493.17 1 0.000618664 6.97944e-05 -1.28373e-06 -48.9393 34.5244 0 0.999798 0 0 0.0200796 -66495 5198.29 280846 0.997612 0.053772 0.0415992 -0.0121771 
1576461388.314033 1576461388.414570 5.80059e-05 0.219045 0 1 -0 0 -0.000294276 -148.299 191.549 1727.47 1 0.000195685 6.13239e-05 0.00026118 -48.9481 34.7432 0 0.999804 0 0 0.0197854 -66496.1 5204.53 282590 0.997602 0.0539556 0.0416768 -0.0119117 
1576461388.414570 1576461388.615092 0.000251208 0.384373 0 1 -0 0 -0.000673219 -232.16 419.756 3440.86 0.999998 0.00175843 0.000230978 0.000893694 -48.963 35.1273 0 0.999817 0 0 0.0191123 -66433.8 5252.36 286064 0.997506 0.0556697 0.0419763 -0.0109593 
1576461388.615092 1576461388.818923 7.80566e-05 0.382082 0 1 0 0 2.34232e-05 -287.202 387.242 3400.08 0.999999 0.000767877 0.000182899 -0.00126692 -48.9775 35.5091 0 0.999817 0 0 0.0191357 -66429.1 5261.3 289498 0.997441 0.0564868 0.0420966 -0.012201 
1576461388.818923 1576461389.017677 -0.000109304 0.38084 0 1 0 0 0.000167319 -316.726 479.077 3416.39 0.999999 -0.00089435 0.000340007 -0.000371704 -48.9922 35.8897 0 0.999814 0 0 0.019303 -66448.5 5354.9 292961 0.997472 0.0556062 0.0424038 -0.0126286 
1576461389.017677 1576461389.131182 2.01581e-06 0.206703 0 1 -0 0 -6.21005e-05 -119.866 235.166 1712.21 1 4.02883e-05 3.54985e-05 0.000265542 -49.0002 36.0962 0 0.999815 0 0 0.0192409 -66418.4 5399.22 294692 0.997472 0.0556347 0.0424545 -0.012364 
1576461389.131182 1576461389.326785 2.53355e-05 0.361885 0 1 -0 0 -7.25971e-05 -275.909 418.633 3404.26 1 -0.00028953 4.45973e-05 -0.000388013 -49.0141 36.4579 0 0.999816 0 0 0.0191683 -66397.3 5439.23 298133 0.997481 0.0553618 0.0424738 -0.0127658 
1576461389.326785 1576461389.520672 -7.22413e-05 0.374249 0 1 0 0 0.000135638 -290.181 429.547 3378.46 1 -0.000469127 0.000215462 0.000202058 -49.0285 36.8318 0 0.999814 0 0 0.0193039 -66391.9 5495.23 301551 0.9975 0.0548825 0.0426939 -0.0125961 
1576461389.520672 1576461389.625526 3.52816e-05 0.201157 0 1 -0 0 -0.0002701 -117.762 206.823 1666.31 1 -9.87052e-05 1.26994e-06 0.000493021 -49.0363 37.0328 0 0.999819 0 0 0.0190339 -66363.4 5518.91 303233 0.997512 0.054763 0.042721 -0.0121086 
1576461389.625526 1576461389.822792 1.93537e-05 0.35449 0 1 0 0 8.00256e-05 -241.84 424.019 3321.32 1 -0.000186992 -0.000126699 0.00023132 -49.0497 37.3871 0 0.999817 0 0 0.0191139 -66313.4 5578.67 306589 0.99753 0.0545681 0.042605 -0.0118789 
1576461389.822792 1576461390.024055 -0.00030866 0.381538 0 1 0 0 0.000880593 -297.006 430.913 3299.48 1 -0.000622057 5.61974e-05 -0.000568745 -49.0646 37.7683 0 0.9998 0 0 0.0199943 -66320.8 5650.01 309929 0.997554 0.0539711 0.0426226 -0.0124758 
1576461390.024055 1576461390.224980 -0.000100749 0.365782 0 1 0 0 0.000107724 -238.764 362.197 3275.55 0.999999 -0.00126151 -0.000240212 0.000130825 -49.0793 38.1338 0 0.999798 0 0 0.020102 -66273.8 5658.64 313233 0.997634 0.0527101 0.0423743 -0.0123861 
1576461390.224980 1576461390.426021 1.35851e-05 0.370231 0 1 0 0 0.00031004 -306.674 418.496 3294.17 0.999999 0.000830052 -0.000134795 -0.000887189 -49.0942 38.5037 0 0.999792 0 0 0.020412 -66292.9 5730.99 316567 0.997584 0.0535774 0.0422033 -0.0132289 
1576461390.426021 1576461390.526414 1.87166e-06 0.186308 0 1 -0 0 -5.97357e-05 -120.511 203.582 1636.09 1 0.000456284 -0.00019032 -0.000419467 -49.1018 38.6899 0 0.999793 0 0 0.0203523 -66271.2 5759.24 318220 0.997562 0.0540528 0.041997 -0.0136179 
1576461390.526414 1576461390.727833 0.000239275 0.375499 0 1 -0 0 -0.000676814 -255.821 425.504 3345.51 1 -3.15021e-05 -0.000125331 0.000828953 -49.1169 39.0651 0 0.999806 0 0 0.0196756 -66237.1 5823.28 321601 0.997579 0.0539882 0.0419163 -0.0127855 
1576461390.727833 1576461390.928916 -3.0271e-05 0.379295 0 1 0 0 0.000186277 -275.457 453.693 3383.2 1 -0.0004456 -0.000160701 -0.000189248 -49.1318 39.4441 0 0.999803 0 0 0.0198619 -66219.6 5911.91 325025 0.997608 0.0535537 0.0417401 -0.0129843 
1576461390.928916 1576461391.130045 -0.000158255 0.382228 0 1 0 0 0.000399052 -274.125 408.07 3387.56 1 -0.000212027 -4.25609e-05 0.000521908 -49.1471 39.826 0 0.999795 0 0 0.0202608 -66202.9 5957.74 328447 0.997627 0.0533209 0.0417228 -0.0124702 
1576461391.130045 1576461391.230330 -6.30441e-05 0.192764 0 1 0 0 0.000239342 -134.674 219.599 1715.49 1 -1.25593e-05 -0.00012974 0.000571171 -49.155 40.0186 0 0.99979 0 0 0.0205001 -66190.1 5994.48 330182 0.997641 0.0532862 0.0416237 -0.011894 
1576461391.230330 1576461391.431498 -6.41897e-05 0.386032 0 1 0 0 0.000354016 -314.308 395.267 3436.24 0.999999 0.000115782 -0.00023176 -0.00124032 -49.1709 40.4043 0 0.999783 0 0 0.0208541 -66211.1 6024.71 333655 0.997628 0.053456 0.0413277 -0.0131142 
1576461391.431498 1576461391.633711 -0.000134978 0.409477 0 1 0 0 0.000218577 -305.71 415.984 3455.52 1 0.000168922 -0.000112746 -0.000515228 -49.1881 40.8134 0 0.999778 0 0 0.0210726 -66222.8 6072.52 337148 0.997617 0.0536473 0.0411899 -0.0136152 
1576461391.633711 1576461391.733080 -1.75456e-06 0.170561 0 1 0 0 -9.61571e-06 -149.125 237.607 1719.11 1 -0.00019927 -0.000135952 2.84867e-05 -49.1953 40.9838 0 0.999778 0 0 0.021063 -66225.1 6126.12 338889 0.997634 0.0534492 0.0410531 -0.0135877 
1576461391.733080 1576461391.935501 4.12447e-05 0.40926 0 1 0 0 -9.97616e-05 -283.482 450.789 3464.32 1 -7.74756e-05 -0.000281541 -0.000121055 -49.2125 41.3927 0 0.99978 0 0 0.0209632 -66214.6 6207.29 342393 0.997648 0.0533807 0.0407647 -0.0136966 
1576461391.935501 1576461392.134797 -0.000430278 0.384995 0 1 0 0 0.000930508 -293.212 431.318 3442.75 1 -0.000648951 -0.000446319 -0.000155747 -49.2291 41.7774 0 0.99976 0 0 0.0218935 -66218 6272.19 345875 0.997698 0.0527457 0.0403022 -0.0138546 
1576461392.134797 1576461392.237515 -1.80976e-05 0.19288 0 1 0 0 8.33587e-05 -157.972 199.45 1693.17 1 0.00013109 0.0001263 0.00017539 -49.2375 41.9701 0 0.999758 0 0 0.0219769 -66235.4 6294.06 347587 0.997689 0.0528677 0.0404393 -0.013681 
1576461392.237515 1576461392.436337 -0.000295935 0.383898 0 1 0 0 0.000762782 -255.592 431.482 3425.23 1 0.000109688 -0.000485498 -0.000137834 -49.2547 42.3536 0 0.999741 0 0 0.0227395 -66205 6363.73 351048 0.9977 0.0529893 0.0399491 -0.0137884 
1576461392.436337 1576461392.637649 2.88779e-06 0.383561 0 1 0 0 -2.55151e-05 -293.343 482.978 3441.11 0.999999 -0.00105059 6.89044e-05 0.000425202 -49.2721 42.7367 0 0.999742 0 0 0.0227139 -66212.7 6483 354533 0.997759 0.0519232 0.0400259 -0.0134098 
1576461392.637649 1576461392.839506 0.000118751 0.382533 0 1 0 0 -6.2101e-05 -306.018 456.278 3435.94 1 -0.00066512 1.87252e-06 -0.000327529 -49.2894 43.1189 0 0.999743 0 0 0.0226519 -66233.8 6583.88 358011 0.997788 0.0512726 0.0400018 -0.0137633 
1576461392.839506 1576461392.939426 0 0.190248 0 1 0 0 0 -115.93 192.602 1732.38 1 -0.000607787 -0.000280827 -8.22718e-05 -49.298 43.3089 0 0.999743 0 0 0.0226519 -66207.4 6598.94 359757 0.997829 0.0506733 0.039709 -0.0138553 
1576461392.939426 1576461393.141402 8.21026e-05 0.379723 0 1 0 0 2.90005e-05 -289.583 426.988 3390.01 1 -0.000440352 -8.30199e-05 0.000401548 -49.3151 43.6883 0 0.999743 0 0 0.0226809 -66218.6 6683.86 363185 0.99786 0.0502191 0.0396404 -0.0134679 
1576461393.141402 1576461393.342294 -0.0001627 0.37831 0 1 0 0 0.00055272 -284.367 404.239 3359.12 1 0.000451222 -0.000164395 -0.000132026 -49.3324 44.0662 0 0.99973 0 0 0.0232334 -66228.3 6752.18 366580 0.997842 0.0506768 0.0394758 -0.0135735 
1576461393.342294 1576461393.443213 -2.13267e-05 0.187884 0 1 0 0 6.69674e-05 -139.573 215.35 1670.38 1 1.27272e-06 -0.000204775 -0.000175601 -49.3412 44.2539 0 0.999729 0 0 0.0233004 -66231.4 6798.84 368269 0.997848 0.0506878 0.0392626 -0.0137383 
1576461393.443213 1576461393.643770 -0.000153704 0.387846 0 1 0 0 0.000362911 -285.887 422.497 3346.4 1 -0.000165486 -0.000255095 -0.000459222 -49.3594 44.6413 0 0.99972 0 0 0.0236632 -66245.5 6883.58 371653 0.99786 0.0505442 0.0389825 -0.0141901 
1576461393.643770 1576461393.845418 -5.31637e-05 0.373859 0 1 0 0 0.000225944 -316.919 395.545 3302.61 1 -0.000638963 5.34019e-05 -0.000330407 -49.3771 45.0147 0 0.999715 0 0 0.0238891 -66296.3 6947.88 374993 0.997885 0.0499187 0.03901 -0.0145474 
1576461393.845418 1576461394.046111 -9.72587e-05 0.374169 0 1 0 0 0.000391562 -270.637 409.522 3302.48 1 0.000573808 -0.000233918 -0.000346701 -49.3951 45.3885 0 0.999705 0 0 0.0242805 -66300.2 7029.23 378331 0.99786 0.0505082 0.0387676 -0.0148593 
1576461394.046111 1576461394.247165 4.13347e-05 0.373477 0 1 0 0 2.8117e-05 -279.904 416.31 3326.56 1 0.000299905 -0.000261389 -0.000289844 -49.4132 45.7615 0 0.999705 0 0 0.0243086 -66312.8 7111.29 381694 0.997851 0.0508226 0.0384966 -0.0151237 
1576461394.247165 1576461394.347845 -2.24751e-05 0.186674 0 1 0 0 0.000129687 -146.309 211.673 1645.81 1 0.000413996 2.77191e-06 -0.000102622 -49.4223 45.948 0 0.999701 0 0 0.0244383 -66327.5 7156.77 383360 0.997828 0.0512396 0.0385004 -0.0152103 
1576461394.347845 1576461394.548905 -0.000137838 0.373561 0 1 0 0 0.00033852 -282.004 398.484 3317.08 1 3.41207e-05 2.20711e-05 0.000132198 -49.4407 46.3211 0 0.999693 0 0 0.0247767 -66345.2 7217.34 386712 0.997827 0.0512682 0.0385297 -0.0150782 
1576461394.548905 1576461394.750478 -3.53112e-05 0.375934 0 1 0 0 2.67295e-05 -267.585 421.561 3319.7 1 -7.75701e-05 1.4544e-05 0.000500422 -49.4594 46.6965 0 0.999692 0 0 0.0248034 -66347.4 7299.98 390068 0.997838 0.0511713 0.0385687 -0.0145826 
1576461394.750478 1576461394.953846 9.63562e-05 0.398443 0 1 -0 0 -0.000337334 -264.612 385.261 3363.26 1 -0.000146901 -3.95206e-05 -9.05482e-05 -49.479 47.0945 0 0.999701 0 0 0.0244662 -66344.5 7342.47 393463 0.997846 0.0510288 0.0385225 -0.0146766 
1576461394.953846 1576461395.055836 2.4747e-05 0.189874 0 1 0 0 -0.000102792 -146.265 224.916 1682.18 1 0.000164419 0.000248748 6.01904e-05 -49.4883 47.2841 0 0.999703 0 0 0.0243634 -66356 7396.62 395166 0.997829 0.0511869 0.0387762 -0.0146229 
1576461395.055836 1576461395.254503 1.6551e-05 0.38151 0 1 -0 0 -0.000112406 -279.966 427.543 3414.12 0.999999 0.000392009 -0.000114581 -0.000958953 -49.5068 47.6652 0 0.999706 0 0 0.024251 -66361.7 7476.17 398617 0.997799 0.0516169 0.0386185 -0.0155587 
1576461395.254503 1576461395.456249 3.24111e-05 0.383758 0 1 0 0 -0.000103855 -300.185 404.536 3373.85 1 0.00041055 0.000150296 -0.000215582 -49.5254 48.0485 0 0.999708 0 0 0.0241472 -66392.1 7534.89 402027 0.997768 0.0520325 0.0387637 -0.0157657 
1576461395.456249 1576461395.556669 8.52712e-06 0.191451 0 1 0 0 -3.37145e-05 -188.436 199.352 1720.32 1 -8.91206e-06 0.000383667 -0.000305169 -49.5347 48.2397 0 0.999709 0 0 0.0241135 -66442.5 7557.51 403769 0.997749 0.0520294 0.0391305 -0.0160905 
1576461395.556669 1576461395.755535 7.10546e-05 0.383834 0 1 -0 0 -0.000362443 -241.045 420.613 3393.39 1 0.000386588 1.56515e-05 -0.000210285 -49.5531 48.6231 0 0.999718 0 0 0.0237512 -66408.2 7625.79 407196 0.997725 0.0524231 0.0391414 -0.016286 
1576461395.755535 1576461395.956857 0.000225578 0.380969 0 1 0 0 -0.000454198 -301.781 425.848 3396.22 1 0.000150361 0.000471105 0.000389497 -49.571 49.0037 0 0.999729 0 0 0.0232971 -66433.9 7698.04 410631 0.997705 0.0525502 0.0396343 -0.0159162 
1576461395.956857 1576461396.160817 4.00885e-05 0.379672 0 1 -0 0 -0.000262523 -241.916 451.916 3372.94 0.999999 0.000404624 0.000121574 0.000943903 -49.5886 49.3829 0 0.999735 0 0 0.0230347 -66397.5 7795.97 414041 0.997693 0.0529145 0.0398116 -0.0149648 
1576461396.160817 1576461396.258721 4.37597e-05 0.189597 0 1 0 0 -0.000144373 -129.479 198.405 1671.77 1 1.16095e-05 0.000104175 7.66257e-06 -49.5973 49.5723 0 0.999738 0 0 0.0228903 -66389.6 7817.99 415729 0.997688 0.0529242 0.0399161 -0.0149622 
1576461396.258721 1576461396.460257 -2.68431e-05 0.375638 0 1 0 0 1.79241e-05 -281.218 437.135 3371.88 0.999999 -0.000254362 0.000167225 0.000974651 -49.6145 49.9476 0 0.999738 0 0 0.0229082 -66391.7 7899.58 419140 0.997709 0.052629 0.0401307 -0.0140088 
1576461396.460257 1576461396.663218 0.000184142 0.375644 0 1 0 0 -0.000227163 -270.138 441.719 3359.36 1 -9.94775e-05 0.000291937 0.000542097 -49.6315 50.3228 0 0.999743 0 0 0.0226811 -66382.6 7988.52 422538 0.99771 0.0525039 0.0404491 -0.0134873 
1576461396.663218 1576461396.862540 -0.000162631 0.372754 0 1 0 0 0.000324373 -281.699 376.58 3299.39 1 4.49422e-05 -0.000167801 -0.00054638 -49.6486 50.6952 0 0.999735 0 0 0.0230054 -66389.9 8020 425870 0.997707 0.0525731 0.0402536 -0.0140218 
1576461396.862540 1576461396.962763 -3.03483e-05 0.184559 0 1 0 0 0.000126199 -169.994 188.001 1632.8 1 0.000400426 0.00011564 -0.000315661 -49.6571 50.8796 0 0.999732 0 0 0.0231316 -66424.5 8037.8 427522 0.997677 0.0529837 0.040358 -0.0143267 
1576461396.962763 1576461397.164267 -0.000126797 0.366636 0 1 0 0 0.000461238 -278.032 393.373 3243.02 1 -6.25162e-06 -0.000366937 -0.000164082 -49.6742 51.2458 0 0.999722 0 0 0.0235927 -66432.3 8088.95 430800 0.997689 0.0529893 0.0399831 -0.0144712 
