groundtruth: cam2wheel_ryp.roll = -0.148046, cam2wheel_ryp.yaw = -4.70919, cam2wheel_ryp.pitch = -7.91756, cam2wheel_xyz.x = 1.865, cam2wheel_xyz.y = -0.253, cam2wheel_xyz.z = 1.28
from_timestamp to_timestamp delta_pos_wheel delta_q_wheel delta_pos_cam delta_q_cam pos_wheel q_wheel pos_cam q_cam 
1576805752.480446 1576805758.311415 -0.00036719 0.357433 0 0.999999 0 0 0.00122745 -325.442 251.828 3153.91 0.999997 -0.000351816 -0.00183016 -0.00184857 -0.00036719 0.357433 0 0.999999 0 0 0.00122745 -33359.8 -2851.81 -168945 0.68912 0.0173682 0.723588 -0.0351202 
1576805758.311415 1576805759.418076 -0.000894775 0.705947 0 0.999999 0 0 0.00130193 -431.67 520.263 5041.76 0.999998 2.00312e-05 -0.00167242 -0.000939218 -0.00299498 1.06338 0 0.999997 0 0 0.00252938 -28278.2 -2700.04 -168769 0.690295 0.0181203 0.722418 -0.0357238 
1576805759.418076 1576805760.323110 -0.000912197 0.617863 0 0.999999 0 0 0.00112744 -393.661 515.084 4401.29 1 -0.000401422 -0.000173446 -0.000434381 -0.00703278 1.68123 0 0.999993 0 0 0.00365681 -23837.1 -2514.78 -168585 0.690412 0.0181632 0.722276 -0.0363105 
1576805760.323110 1576805761.429694 0.000377858 0.686752 0 1 0 0 0.000177876 -401.405 437.284 4846.7 0.999998 0.000383566 -0.000336588 0.00178314 -0.0116775 2.36796 0 0.999993 0 0 0.00383469 -18957.9 -2445.12 -168409 0.690712 0.0171523 0.722089 -0.0347962 
1576805761.429694 1576805762.735676 -0.0171905 0.631605 0 0.999266 0 0 0.0383121 -1550.68 464.776 4526.59 0.999241 0.00150712 -0.0389076 0.00129234 -0.0337115 2.99942 0 0.999112 0 0 0.0421437 -14343.9 -2280.34 -167070 0.718301 0.0186009 0.694741 -0.0321215 
1576805762.735676 1576805763.943628 -0.0427374 0.629215 0 0.997772 0 0 0.0667157 -2533.61 243.851 4501.58 0.997823 0.00191252 -0.0656881 0.00548995 -0.129285 3.6228 0 0.994074 0 0 0.108706 -9921.49 -2306.94 -164389 0.762515 0.0182301 0.646209 -0.0255576 
1576805763.943628 1576805765.352057 -0.0520767 0.705036 0 0.997201 0 0 0.0747677 -2835.06 624.595 5002.77 0.997272 0.00279695 -0.0737615 0.000725972 -0.332506 4.29992 0 0.983164 0 0 0.182727 -5420.52 -1944.2 -160775 0.808067 0.0217291 0.588286 -0.0217822 
1576805765.352057 1576805767.060236 -0.0424611 0.612785 0 0.997608 0 0 0.0691307 -2475.68 553.718 4415.07 0.99738 0.00136249 -0.0722841 -0.00240483 -0.592306 4.85652 0 0.96818 0 0 0.250256 -1953.18 -1635.87 -157058 0.848392 0.0257624 0.528312 -0.0212962 
1576805767.060236 1576805772.392785 -0.00225946 0.162445 0 0.999755 0 0 0.022155 -447.921 171.84 302.453 0.999826 -0.000570498 -0.0186645 -0.000309117 -0.673 4.99753 0 0.962398 0 0 0.271645 -1868.97 -1480.45 -156520 0.858113 0.0258347 0.512365 -0.0213753 
1576805772.392785 1576805773.198785 0.00242606 -0.338372 0 0.999947 0 0 0.0103356 -122.835 -249.633 -2464.02 0.999941 0.000539339 -0.0108105 0.00125626 -0.494011 4.71036 0 0.959539 0 0 0.281577 -4106.94 -1565.04 -157584 0.863614 0.0258834 0.503102 -0.0197404 
1576805773.198785 1576805774.003064 0.00718296 -0.309822 0 0.999678 0 0 0.0253935 -530.241 -220.356 -2157.42 0.999638 0.00161803 -0.0268707 0.000173339 -0.320549 4.45355 0 0.952079 0 0 0.305853 -6254.13 -1641.36 -158191 0.876781 0.0277146 0.47975 -0.018074 
1576805774.003064 1576805776.214041 0.000997111 -0.119093 0 0.999978 0 0 0.00660967 -108.141 46.8403 -225.293 0.999981 0.00180036 -0.00587676 0.000219741 -0.25038 4.35732 0 0.950037 0 0 0.312139 -6499 -1579.21 -158219 0.879538 0.0292934 0.474627 -0.0168544 
1576805776.214041 1576805778.224603 -0.00240736 0.229695 0 0.999918 0 0 0.0128354 -720.734 132.388 2344.73 0.999834 0.000262222 -0.0181844 0.0010679 -0.388547 4.54083 0 0.945952 0 0 0.324307 -4931.69 -1604.13 -156328 0.888033 0.0293188 0.45859 -0.0152552 
1576805778.224603 1576805778.832255 -0.00846232 0.3093 0 0.999606 0 0 0.0280799 -959.47 274.711 2245.92 0.999647 0.000626094 -0.0265136 -0.00139336 -0.585003 4.77987 0 0.936472 0 0 0.350742 -3645.06 -1478.2 -154238 0.899839 0.0309079 0.434852 -0.0154227 
1576805778.832255 1576805779.432500 -0.011245 0.357059 0 0.99953 0 0 0.0306411 -1084.62 263.423 2653.98 0.999522 0.000115933 -0.0309091 -0.000804051 -0.82804 5.04169 0 0.925285 0 0 0.379271 -2230.11 -1397.68 -151732 0.912834 0.0318238 0.406808 -0.0151331 
1576805779.432500 1576805780.035994 -0.00810235 0.331715 0 0.999711 0 0 0.0240522 -852.609 214.524 2439.56 0.999709 0.000906801 -0.024101 0.000180013 -1.06663 5.27229 0 0.915895 0 0 0.401417 -979.146 -1353.99 -149460 0.922347 0.0329338 0.384709 -0.0138285 
1576805780.035994 1576805780.640681 -0.00642072 0.306352 0 0.99979 0 0 0.0204996 -735.165 223.734 2282.86 0.999793 0.00163194 -0.0202751 0.000244452 -1.29625 5.47519 0 0.907474 0 0 0.420108 132.957 -1293.68 -147325 0.929905 0.0346185 0.365959 -0.0123046 
1576805780.640681 1576805781.242585 -0.00632826 0.313036 0 0.99981 0 0 0.0195099 -763.62 159.909 2270.38 0.999816 0.000825793 -0.0191005 0.00180944 -1.53902 5.67291 0 0.899105 0 0 0.437733 1125.14 -1302.7 -145139 0.936718 0.0349529 0.348203 -0.0096563 
1576805781.242585 1576805781.946213 -0.00989977 0.380495 0 0.999589 0 0 0.028677 -1043.29 260.426 2740.84 0.999565 0.00114066 -0.029403 0.00194563 -1.84463 5.8998 0 0.886183 0 0 0.463336 2132.17 -1247.39 -142373 0.946527 0.0356126 0.320588 -0.00640469 
1576805781.946213 1576805782.551715 -0.00823062 0.285075 0 0.999547 0 0 0.0301115 -1039.5 236.331 2136.5 0.999516 0.00151527 -0.0310633 0.000803451 -2.08343 6.05571 0 0.871829 0 0 0.48981 2610.34 -1175.62 -140034 0.955979 0.036971 0.291069 -0.00404908 
1576805782.551715 1576805783.358084 -0.0132634 0.341244 0 0.999235 0 0 0.0391151 -1392.7 238.75 2512.98 0.999219 0.001454 -0.0394384 0.00183323 -2.38177 6.22189 0 0.852003 0 0 0.523537 2858.41 -1140.28 -137162 0.966665 0.0379582 0.253213 -0.000412099 
1576805783.358084 1576805784.161662 -0.0136147 0.340549 0 0.999195 0 0 0.0401045 -1373.1 202.577 2522.9 0.999196 0.00141878 -0.0400498 0.000858938 -2.69173 6.36361 0 0.830321 0 0 0.557285 2900.44 -1149.26 -134283 0.975976 0.0390982 0.214328 0.00229801 
1576805784.161662 1576805784.765003 -0.00933573 0.297107 0 0.999571 0 0 0.0292807 -1027.53 210.294 2241.7 0.99955 0.000912209 -0.0299719 -0.000936788 -2.97023 6.46753 0 0.813647 0 0 0.581359 2908.14 -1130.31 -131808 0.981927 0.0401028 0.184941 0.00275005 
1576805784.765003 1576805785.468336 -0.0108225 0.358857 0 0.999577 0 0 0.0290773 -1094.02 231.334 2546.21 0.999574 0.00070612 -0.0291775 -0.000525375 -3.31323 6.57358 0 0.796399 0 0 0.604772 2816.5 -1119.8 -129029 0.986878 0.040796 0.156189 0.00353369 
1576805785.468336 1576805786.074562 -0.00689101 0.313672 0 0.999772 0 0 0.0213359 -800.173 227.038 2345.4 0.999774 0.0018484 -0.0211853 0.000616243 -3.61723 6.65117 0 0.783314 0 0 0.621626 2780.41 -1095.57 -126541 0.989886 0.0424398 0.135265 0.00529402 
1576805786.074562 1576805786.579242 -0.00886062 0.375792 0 0.999751 0 0 0.0223268 -765.616 247.301 2674.33 0.99977 0.00236642 -0.0212806 0.00105921 -3.98521 6.7279 0 0.76924 0 0 0.63896 2760.47 -1086.86 -123748 0.992431 0.0445166 0.114201 0.00756454 
1576805786.579242 1576805786.878604 -0.00533555 0.318542 0 0.999861 0 0 0.0166641 -584.385 229.737 2255.38 0.999877 0.00101687 -0.0156169 0.00107757 -4.29933 6.7811 0 0.758486 0 0 0.65169 2703.04 -1068.16 -121408 0.994039 0.0452791 0.0987285 0.00944436 
1576805786.878604 1576805787.178540 -0.00783365 0.400554 0 0.999814 0 0 0.019278 -754.313 277.194 2853.86 0.999817 0.00132739 -0.0190691 0.000465763 -4.69649 6.83368 0 0.745781 0 0 0.666191 2523.43 -1064.64 -118448 0.995675 0.0463642 0.0797635 0.0109001 
1576805787.178540 1576805787.379834 -0.00418725 0.31332 0 0.999919 0 0 0.0127577 -546.676 211.715 2235.7 0.999915 0.00026632 -0.0129745 -0.000873451 -5.0083 6.86473 0 0.737222 0 0 0.675651 2338.19 -1072.32 -116144 0.996623 0.0465537 0.066795 0.0106523 
1576805787.379834 1576805787.583009 -0.00356173 0.345899 0 0.999955 0 0 0.00943859 -474.295 258.017 2482.7 0.999953 8.30557e-06 -0.00974156 -0.000152474 -5.3532 6.89127 0 0.730812 0 0 0.682579 2197.36 -1055.34 -113608 0.997228 0.0464662 0.057076 0.0109539 
1576805787.583009 1576805787.784813 -0.0022479 0.369372 0 0.999986 0 0 0.00530288 -378.235 271.578 2618.53 0.999985 -0.000546758 -0.00523219 -0.00163028 -5.72186 6.91421 0 0.727182 0 0 0.686445 2117.94 -1034.67 -110949 0.997555 0.045956 0.0517877 0.00953989 
1576805787.784813 1576805787.883058 -0.000275547 0.191014 0 0.999999 0 0 0.00132218 -145.095 139.858 1363.86 0.999999 -0.000390614 -0.00143638 0.000176927 -5.91257 6.92493 0 0.726273 0 0 0.687406 2113.76 -1022.58 -109571 0.997644 0.0455434 0.0503666 0.00976215 
1576805787.883058 1576805788.085587 -0.00115341 0.391459 0 0.999995 0 0 0.00326319 -238.753 319.303 2816.47 0.999989 -0.001119 -0.00368007 0.00266229 -6.30351 6.94529 0 0.724026 0 0 0.689772 2157.06 -963.58 -106727 0.997843 0.0442565 0.0468268 0.0125293 
1576805788.085587 1576805788.287182 -0.0017629 0.424048 0 0.999993 0 0 0.00384023 -339.578 297.148 2866.35 0.99999 -0.00107913 -0.00409672 -0.00104682 -6.72714 6.96406 0 0.721372 0 0 0.692548 2083.92 -927.386 -103827 0.998087 0.043177 0.0427057 0.0116154 
1576805788.287182 1576805788.385074 -0.000182314 0.175917 0 1 0 0 0.000968785 -148.234 145.586 1457.65 0.999999 -0.000389225 -0.0014018 -0.000614458 -6.90292 6.97105 0 0.720701 0 0 0.693246 2059.16 -910.553 -102355 0.998169 0.0427984 0.0412845 0.011046 
1576805788.385074 1576805788.588284 -0.000532716 0.428491 0 0.999999 0 0 0.00122093 -250.523 268.683 2920.29 0.999998 -0.000502347 -0.00154122 0.000799155 -7.33111 6.98715 0 0.719854 0 0 0.694125 2048.02 -896.177 -99411.3 0.998244 0.0422469 0.0397858 0.0118889 
1576805788.588284 1576805788.794124 -0.000616671 0.403268 0 0.999999 0 0 0.00171961 -249.233 282.537 2869.54 0.999999 0.000231267 -0.00127448 -0.000370679 -7.73413 7.00121 0 0.718659 0 0 0.695362 2024.7 -860.8 -96517.4 0.998288 0.0424773 0.0384951 0.0115819 
1576805788.794124 1576805788.887838 -0.000190972 0.201078 0 1 0 0 0.000878508 -126.491 127.639 1463.62 1 0.000145985 -0.000664962 -0.000482291 -7.93511 7.00764 0 0.718048 0 0 0.695993 2010.02 -859.819 -95042.9 0.998313 0.0426339 0.0378091 0.0111343 
1576805788.887838 1576805789.093280 -0.000313434 0.400288 0 1 0 0 0.000650692 -265.265 276.338 2871.14 0.999999 0.000200165 -0.00102566 0.000348896 -8.33521 7.01981 0 0.717595 0 0 0.69646 1959.8 -833.291 -92146.8 0.998339 0.0428091 0.0367978 0.0115339 
1576805789.093280 1576805789.191798 -5.97376e-05 0.199398 0 1 0 0 0.000449791 -145.826 110.841 1432.32 1 5.14727e-05 -0.000413585 0.000189726 -8.53452 7.02571 0 0.717282 0 0 0.696783 1918.85 -847.917 -90703.5 0.998349 0.0428487 0.0363924 0.0117429 
1576805789.191798 1576805789.391001 -0.000449637 0.396813 0 0.999999 0 0 0.00114619 -225.164 254.7 2842.63 0.999998 0.00110178 -0.00128072 -0.000938206 -8.93118 7.03676 0 0.716483 0 0 0.697605 1898.59 -840.979 -87840.7 0.998358 0.0439677 0.0350606 0.0109012 
1576805789.391001 1576805789.593681 -0.000435594 0.390493 0 0.999999 0 0 0.00109699 -252.567 300.568 2767.71 0.999999 0.000777808 -0.000844835 0.000114474 -9.32155 7.04675 0 0.715717 0 0 0.69839 1837.5 -788.785 -85046.4 0.998352 0.044731 0.0342137 0.0110799 
1576805789.593681 1576805789.793101 -0.000380461 0.371833 0 0.999999 0 0 0.00128007 -231.159 128.94 2661.07 0.999989 0.00474807 -0.000537534 -0.000282324 -9.69328 7.05548 0 0.714822 0 0 0.699306 1788.91 -901.868 -82375.1 0.998149 0.0494744 0.0336114 0.0109844 
1576805789.793101 1576805789.893803 -0.000142635 0.181767 0 1 0 0 0.000751427 -74.547 95.7815 1237.45 1 0.000217248 -0.000667189 -0.00011242 -9.875 7.05933 0 0.714297 0 0 0.699843 1797.14 -929.765 -81132 0.998162 0.0496877 0.0329375 0.0109125 
1576805789.893803 1576805790.094952 -1.94971e-05 0.363831 0 1 0 0 -8.50696e-05 -209.457 470.33 2716.61 0.999983 -0.00575266 -0.000442391 0.000289217 -10.2388 7.06675 0 0.714356 0 0 0.699782 1761.05 -734.633 -78374.2 0.998442 0.0439304 0.0325725 0.0110335 
1576805790.094952 1576805790.297899 -0.00021776 0.380958 0 1 0 0 0.000507924 -232.608 274.278 2653.87 0.999999 -0.000732107 -0.000482679 -0.0013143 -10.6196 7.07438 0 0.714001 0 0 0.700145 1698.93 -698.171 -75697 0.998504 0.0432369 0.0320409 0.0097186 
1576805790.297899 1576805790.497735 5.71657e-05 0.363195 0 1 0 0 -7.89661e-05 -160.056 228.128 2585.4 1 -0.00018556 -0.00050506 0.000206008 -10.9828 7.08155 0 0.714056 0 0 0.700089 1703.04 -696.114 -73096.7 0.998526 0.0430401 0.0315473 0.00994019 
1576805790.497735 1576805790.704130 2.09647e-05 0.359471 0 1 0 0 1.63181e-05 -178.163 270.292 2658.48 1 -0.000632507 -0.000270429 0.000605625 -11.3422 7.08867 0 0.714045 0 0 0.7001 1690.4 -657.735 -70418.8 0.998555 0.0423867 0.0313096 0.0105366 
1576805790.704130 1576805790.806505 -8.0262e-05 0.201249 0 1 0 0 0.000433708 -117.22 126.258 1289.27 1 -0.000645984 -0.000211552 -0.000286856 -11.5434 7.09256 0 0.713741 0 0 0.70041 1652.88 -643.024 -69118.7 0.998592 0.0417484 0.031093 0.0102389 
1576805790.806505 1576805791.005897 -0.000282344 0.357724 0 1 0 0 0.000719501 -214.837 251.849 2596.28 0.999997 -0.00173658 -0.000459298 -0.00144555 -11.901 7.09902 0 0.713237 0 0 0.700923 1597.45 -611.879 -66502.2 0.998691 0.0400544 0.0305917 0.00876054 
1576805791.005897 1576805791.212004 -0.000214472 0.354997 0 1 0 0 0.000338073 -202.681 226.16 2554.22 0.999999 -0.000429098 -0.000411432 -0.00101226 -12.256 7.10499 0 0.713 0 0 0.701164 1549.64 -593.501 -63930.5 0.998729 0.0396532 0.030144 0.00775295 
1576805791.212004 1576805791.408706 -0.000122173 0.334043 0 1 0 0 7.40104e-05 -177.436 114.978 2491.71 0.999969 -0.00779662 -0.00045865 -0.000510585 -12.59 7.11046 0 0.712948 0 0 0.701217 1522.6 -678.263 -61431.4 0.999025 0.0318771 0.0297252 0.00702594 
1576805791.408706 1576805791.609978 -0.000543141 0.345345 0 1 0 0 0.000464901 -164.161 264.32 2367.14 0.999969 0.00766203 7.88103e-06 0.00192869 -12.9353 7.11565 0 0.712622 0 0 0.701548 1497.19 -566.902 -59046.7 0.998736 0.0394734 0.0297398 0.00918004 
1576805791.609978 1576805791.810469 0.000105986 0.340773 0 1 0 0 7.81714e-05 -161.611 285.729 2384.8 0.999998 0.00175335 -0.000177523 -8.99179e-05 -13.276 7.12109 0 0.712567 0 0 0.701604 1474.72 -472.186 -56641.4 0.998671 0.0412255 0.0295428 0.00914937 
1576805791.810469 1576805792.012019 -8.5805e-05 0.338659 0 1 0 0 0.000238478 -159.644 189.977 2457.31 0.999998 -0.001658 -0.000480066 -0.000153154 -13.6146 7.12625 0 0.7124 0 0 0.701774 1459.22 -487.203 -54171.6 0.998754 0.0395698 0.0290722 0.00896722 
1576805792.012019 1576805792.215076 -0.000148232 0.339071 0 1 0 0 0.000550168 -195.298 237.901 2414.77 1 0.000150599 1.10477e-05 0.000425648 -13.9537 7.1312 0 0.712013 0 0 0.702166 1402.52 -443.639 -51738.4 0.998743 0.0397079 0.0290987 0.00939627 
1576805792.215076 1576805792.416334 -6.63354e-05 0.353221 0 1 0 0 3.00712e-07 -155.971 234.252 2402.36 1 0.000683884 -0.000169968 0.000478225 -14.3069 7.13605 0 0.712013 0 0 0.702166 1384.41 -402.687 -49320 0.998716 0.0403754 0.0289415 0.00990054 
1576805792.416334 1576805792.516777 -1.83187e-05 0.170359 0 1 0 0 6.91183e-05 -84.2095 105.553 1217.27 1 6.52471e-05 -9.87262e-05 6.1951e-06 -14.4772 7.13841 0 0.711965 0 0 0.702215 1369.86 -396.833 -48095.4 0.998716 0.0404394 0.0288425 0.0099126 
1576805792.516777 1576805792.818766 3.2427e-05 0.514535 0 1 0 0 -2.63345e-05 -311.751 362.973 3655.8 0.999997 0.000801072 -6.51018e-05 -0.00244471 -14.9917 7.14553 0 0.711983 0 0 0.702197 1265.89 -335.225 -44410.4 0.998707 0.0413092 0.0286706 0.00749674 
1576805792.818766 1576805792.917088 -2.11995e-05 0.171192 0 1 0 0 0.000227631 -82.3485 90.9182 1221.46 1 -8.73812e-06 -0.000268247 -0.000524479 -15.1629 7.14788 0 0.711823 0 0 0.702359 1253.25 -346.315 -43182.9 0.998719 0.0413135 0.0283811 0.00698377 
1576805792.917088 1576805793.118230 -6.90373e-05 0.327424 0 1 0 0 0.000154186 -168.649 241.045 2418.68 0.999999 2.01901e-05 -0.000284212 0.00109421 -15.4903 7.15219 0 0.711715 0 0 0.702468 1220.6 -307.498 -40746.9 0.998718 0.0413006 0.0281423 0.00808889 
1576805793.118230 1576805793.319265 -0.000118749 0.352855 0 1 0 0 0.000252115 -148.99 230.877 2422.07 0.999998 -5.58818e-05 -0.000471356 0.00169856 -15.8431 7.15669 0 0.711538 0 0 0.702648 1206.44 -278.899 -38309.5 0.998718 0.0411931 0.0277421 0.00980315 
1576805793.319265 1576805793.520679 -0.00014203 0.340712 0 1 0 0 0.000582277 -178.045 230.531 2430.66 1 0.000259434 -0.00045107 -0.000455339 -16.1838 7.16083 0 0.711129 0 0 0.703062 1161.37 -251.763 -35862 0.998724 0.0414604 0.0272703 0.00937417 
1576805793.520679 1576805793.722371 -0.000100378 0.341164 0 1 0 0 0.000264957 -166.341 221.299 2412.98 1 0.000164244 -0.000342554 0.000414223 -16.5249 7.16462 0 0.710942 0 0 0.70325 1124.98 -233.351 -33433.6 0.998722 0.0416099 0.0269438 0.00980654 
1576805793.722371 1576805793.925524 -0.000161022 0.343865 0 1 0 0 0.000566243 -187.302 230.811 2426.56 1 9.84028e-05 -0.000554354 0.000175768 -16.8688 7.1682 0 0.710544 0 0 0.703653 1066.55 -207.871 -30989.7 0.998731 0.041698 0.0263965 0.0100078 
1576805793.925524 1576805794.124907 -9.46255e-05 0.34849 0 1 0 0 0.000142136 -178.431 215.753 2493.41 1 6.21412e-05 -0.000798337 0.000589024 -17.2172 7.1715 0 0.710444 0 0 0.703754 1018.12 -203.231 -28481.1 0.998743 0.0417365 0.0256231 0.010631 
1576805794.124907 1576805794.326275 -0.000117119 0.377836 0 1 0 0 0.000521409 -190.762 268.475 2501.36 1 0.000590699 -0.000659379 0.000110984 -17.5951 7.17496 0 0.710077 0 0 0.704124 952.767 -147.382 -25959.6 0.998734 0.0423166 0.0249629 0.0107845 
1576805794.326275 1576805794.529448 -0.000296945 0.359241 0 1 0 0 0.000911985 -212.106 228.632 2589.69 0.999999 -0.000398109 -0.000697645 -0.00144882 -17.9543 7.17769 0 0.709434 0 0 0.704771 868.025 -142.142 -23352.6 0.998783 0.0419476 0.0242091 0.00935709 
1576805794.529448 1576805794.627927 -0.000173208 0.183212 0 1 0 0 0.000836169 -96.1202 138.191 1270.6 1 -2.37414e-05 -0.0003538 -0.000496999 -18.1375 7.17872 0 0.708845 0 0 0.705364 832.175 -112.345 -22071.7 0.998797 0.0419326 0.0238351 0.00887496 
1576805794.627927 1576805794.828584 -0.000460599 0.371746 0 0.999999 0 0 0.00101611 -192.702 251.574 2641.81 0.999999 -8.07738e-05 -0.000694827 0.000894244 -18.5092 7.18009 0 0.708128 0 0 0.706084 763.516 -85.669 -19412 0.998808 0.0418244 0.0231793 0.00979533 
1576805794.828584 1576805795.030270 -0.000269962 0.379221 0 1 0 0 0.000872979 -212.302 262.532 2686.4 1 -2.23392e-05 -0.000626534 -0.000201372 -18.8885 7.18092 0 0.707511 0 0 0.706702 673.445 -51.8984 -16706.1 0.998825 0.0418006 0.0225453 0.00961988 
1576805795.030270 1576805795.231374 -0.000262098 0.384526 0 1 0 0 0.000523746 -238.188 229.227 2712.45 1 4.94252e-05 -0.000824493 -0.000207858 -19.273 7.1811 0 0.707141 0 0 0.707073 555.913 -53.8623 -13976.2 0.998843 0.0418467 0.0217126 0.00944784 
1576805795.231374 1576805795.331789 -6.12846e-05 0.193567 0 1 0 0 0.000365057 -96.8329 141.541 1376.91 1 0.000172973 -0.000478219 0.000468241 -19.4666 7.18105 0 0.706883 0 0 0.707331 517.587 -29.3859 -12589.4 0.998842 0.0420048 0.0212529 0.00993931 
1576805795.331789 1576805795.533507 -0.000267456 0.388384 0 1 0 0 0.000709011 -205.859 280.985 2756.37 0.999999 -7.71034e-05 -0.00109394 0.000874198 -19.8549 7.18054 0 0.706381 0 0 0.707832 426.204 15.9686 -9812.94 0.998859 0.0418983 0.0201977 0.0108568 
1576805795.533507 1576805795.736423 -0.000567371 0.40547 0 0.999999 0 0 0.00157379 -198.381 278.581 2797.28 0.999999 0.000298968 -0.00116909 -0.000293042 -20.2604 7.17914 0 0.705266 0 0 0.708943 337.874 55.9593 -6996.5 0.998872 0.0421901 0.0190144 0.0106191 
1576805795.736423 1576805795.836934 -0.00012013 0.195904 0 1 0 0 0.000577434 -140.315 106.052 1365.64 1 -7.17186e-05 -0.000266541 -3.39258e-05 -20.4563 7.178 0 0.704857 0 0 0.70935 248.712 43.856 -5622.52 0.998881 0.0421163 0.0187475 0.0105951 
1576805795.836934 1576805796.036663 -0.000439846 0.391615 0 0.999999 0 0 0.00122762 -267.393 284.972 2756.69 1 0.000476669 -0.00049948 -0.000437152 -20.8479 7.17508 0 0.703985 0 0 0.710214 81.6915 90.8232 -2843.69 0.998874 0.0425953 0.0182251 0.0101884 
1576805796.036663 1576805796.238101 -0.000343102 0.390829 0 1 0 0 0.000592316 -218.065 239.73 2785.07 1 2.63424e-05 -0.00085201 -0.000377424 -21.2387 7.17129 0 0.703565 0 0 0.710631 -36.8713 88.8962 -42.3324 0.998892 0.0426198 0.0173577 0.00984817 
1576805796.238101 1576805796.338621 -4.09659e-05 0.194612 0 1 0 0 0.000185022 -82.5798 132.052 1393.68 1 7.57274e-05 -0.000484861 -0.000117896 -21.4333 7.1693 0 0.703433 0 0 0.710761 -72.2896 100.507 1359.53 0.998898 0.0426927 0.0168676 0.00975238 
1576805796.338621 1576805796.539419 -0.00024644 0.387574 0 1 0 0 0.000523902 -245.585 267.948 2763.71 1 0.000363493 -0.000570468 0.00011441 -21.8209 7.16504 0 0.703061 0 0 0.71113 -227.09 127.477 4142.6 0.998891 0.0430483 0.0162991 0.00989715 
1576805796.539419 1576805796.740634 -0.000240696 0.383953 0 1 0 0 0.000859604 -202.151 260.169 2716.42 0.999999 0.000672727 -0.000878579 -5.85918e-05 -22.2048 7.16042 0 0.702449 0 0 0.711734 -343.106 149.611 6876.39 0.998876 0.0437125 0.0154123 0.0098874 
1576805796.740634 1576805796.842993 -0.000138369 0.190215 0 1 0 0 0.000606527 -136.467 118.598 1343 1 0.000145252 -0.000173029 -3.28226e-05 -22.395 7.15778 0 0.702017 0 0 0.71216 -439.153 147.982 8228.09 0.998873 0.0438564 0.0152366 0.00986442 
1576805796.842993 1576805797.042482 -0.000219391 0.377647 0 1 0 0 0.000465284 -181.975 260.555 2687.58 1 0.000147522 -0.000357418 0.000334741 -22.7726 7.15215 0 0.701686 0 0 0.712486 -541.662 168.993 10932.4 0.998868 0.0439951 0.0148928 0.0102167 
1576805797.042482 1576805797.246728 -0.00021395 0.398706 0 1 0 0 0.000438345 -213.639 264.619 2660.6 1 -0.00011338 -0.000302454 -0.000289902 -23.1713 7.14584 0 0.701373 0 0 0.712794 -678.666 194.86 13611 0.998881 0.0438831 0.0145791 0.00993875 
1576805797.246728 1576805797.446101 0.000218818 0.378365 0 1 -0 0 -0.000593044 -153.868 278.006 2692.35 1 0.000179514 -0.000458652 0.000750349 -23.5496 7.13995 0 0.701796 0 0 0.712378 -756.837 233.236 16320.6 0.998872 0.0440469 0.0141521 0.010711 
1576805797.446101 1576805797.546483 6.32805e-05 0.189853 0 1 0 0 -0.00026981 -75.16 152.046 1329.08 1 0.000129122 -0.000156929 0.000196186 -23.7394 7.13717 0 0.701988 0 0 0.712189 -796.183 266.406 17659.5 0.998866 0.0441714 0.0140026 0.0109157 
1576805797.546483 1576805797.748543 9.38611e-05 0.382953 0 1 -0 0 -0.000153422 -186.089 255.622 2720.02 1 -0.000192038 -2.75792e-05 -1.13176e-06 -24.1223 7.13174 0 0.702098 0 0 0.712081 -908.701 277.491 20395.5 0.998875 0.0439793 0.0139771 0.0109131 
1576805797.748543 1576805797.947381 -0.000184441 0.386928 0 1 0 0 0.00070353 -226.773 268.001 2719.32 1 0.000141907 0.000258854 -0.000803003 -24.5092 7.1261 0 0.701596 0 0 0.712575 -1062.3 301.079 23133 0.998874 0.0441351 0.0141988 0.0101016 
1576805797.947381 1576805798.148441 1.91953e-05 0.389799 0 1 0 0 -0.00028186 -158.527 264.368 2770.95 1 -8.08533e-05 0.000101799 -0.000108719 -24.899 7.12006 0 0.701797 0 0 0.712377 -1144.67 317.444 25919.8 0.998877 0.0440569 0.0142965 0.00998736 
1576805798.148441 1576805798.248437 8.76266e-05 0.196326 0 1 0 0 -0.000378507 -91.5097 132.506 1402.07 1 -0.00018793 0.000294632 2.31317e-05 -25.0953 7.11721 0 0.702067 0 0 0.712111 -1197.32 324.466 27330 0.998881 0.0438718 0.0145937 0.0099948 
1576805798.248437 1576805798.450274 0.000205718 0.395225 0 1 -0 0 -0.00076199 -163.741 253.297 2788.65 0.999999 0.000306432 0.000232763 -0.00139324 -25.4905 7.1118 0 0.702609 0 0 0.711576 -1281.95 329.659 30133.7 0.998877 0.0442005 0.014762 0.00859737 
1576805798.450274 1576805798.651049 0.000437228 0.39772 0 1 -0 0 -0.000973391 -207.299 260.117 2800.93 0.999999 0.000573325 0.000898976 -0.000715249 -25.8882 7.1072 0 0.703301 0 0 0.710892 -1408.52 338.274 32951.4 0.998843 0.0447914 0.0156234 0.00785164 
1576805798.651049 1576805798.751350 0.000104405 0.199875 0 1 -0 0 -0.000439592 -79.6763 133.266 1411.48 1 5.5553e-05 0.000411308 0.000430861 -26.088 7.10516 0 0.703614 0 0 0.710582 -1445.01 343.677 34371 0.998831 0.0448434 0.0160531 0.00826445 
1576805798.751350 1576805798.952408 0.000380357 0.401834 0 1 0 0 -0.000751109 -175.639 289.926 2841.26 0.999999 0.000291579 0.000968296 0.000804067 -26.4898 7.10158 0 0.704147 0 0 0.710054 -1531.68 375.473 37230.9 0.998795 0.0451297 0.0170539 0.00902883 
1576805798.952408 1576805799.055102 2.22704e-05 0.202046 0 1 -0 0 -0.000127063 -55.1338 127.559 1446.15 1 0.000131834 0.000153093 -0.000208568 -26.6919 7.09991 0 0.704238 0 0 0.709964 -1538.43 371.486 38683.7 0.998788 0.0452663 0.0171962 0.00881585 
1576805799.055102 1576805799.254411 0.000347441 0.408168 0 0.999999 -0 0 -0.00108637 -185.221 305.274 2861.22 0.999999 -0.000339867 0.00110615 0.00042861 -27.1 7.09695 0 0.705009 0 0 0.709199 -1627.85 414.06 41565.4 0.99878 0.0449292 0.0183234 0.00918802 
1576805799.254411 1576805799.457652 0.000452996 0.423756 0 0.999999 -0 0 -0.00101734 -171.96 296.352 2895.78 1 -0.000185247 0.000595466 -4.28768e-05 -27.5238 7.0949 0 0.70573 0 0 0.708481 -1696.23 446.808 44480.4 0.998777 0.0447504 0.0189179 0.00911504 
1576805799.457652 1576805799.556311 0.000153765 0.204946 0 1 -0 0 -0.000735291 -115.766 146.765 1444.26 1 -0.00039014 0.000369173 0.000302048 -27.7287 7.09425 0 0.70625 0 0 0.707962 -1758.56 462.051 45935.3 0.998785 0.0443584 0.0193037 0.00939282 
1576805799.556311 1576805799.758744 0.000420832 0.409339 0 1 -0 0 -0.000889254 -162.668 289.69 2950.56 0.999999 -0.00132007 4.71371e-05 0.000395392 -28.1381 7.09368 0 0.70688 0 0 0.707334 -1809.79 486.843 48903.9 0.998838 0.0430327 0.0193807 0.00976015 
1576805799.758744 1576805799.858364 7.83521e-05 0.204393 0 1 -0 0 -0.000338873 -106.404 139.198 1474.12 1 -0.000714227 7.04155e-05 -2.77036e-05 -28.3425 7.09363 0 0.707119 0 0 0.707094 -1860.26 497.081 50387.5 0.998867 0.0423205 0.0194568 0.0097156 
1576805799.858364 1576805800.059204 6.48975e-05 0.407702 0 1 0 0 0.00013238 -196.79 281.485 2916.48 1 -0.000359708 0.000181364 -0.00068633 -28.7502 7.09371 0 0.707026 0 0 0.707188 -1946.11 527.889 53322.7 0.998885 0.0419763 0.0196124 0.00901537 
1576805800.059204 1576805800.260569 0.000113709 0.403823 0 1 -0 0 -0.000465716 -203.402 258.547 2858.31 1 0.000340116 0.000800554 -0.000273617 -29.154 7.09373 0 0.707355 0 0 0.706858 -2039.39 542.8 56198.4 0.998857 0.0423286 0.0203975 0.00871512 
1576805800.260569 1576805800.361130 7.53185e-05 0.185442 0 1 -0 0 -0.000407454 -94.0715 120.518 1433.39 1 9.66896e-05 0.000433937 -0.000132643 -29.3394 7.09394 0 0.707643 0 0 0.70657 -2075.8 540.368 57639.4 0.998846 0.0424317 0.0208245 0.00856624 
1576805800.361130 1576805800.562226 0.000406015 0.413411 0 0.999999 -0 0 -0.00117457 -185.636 260.654 2808.7 0.999999 0.000605791 0.000865398 -5.40811e-05 -29.7528 7.09497 0 0.708472 0 0 0.705739 -2146.36 559.462 60465.3 0.998802 0.0430453 0.0216814 0.00848811 
1576805800.562226 1576805800.764622 0.000326309 0.393885 0 1 -0 0 -0.000701566 -156.594 266.204 2785.06 0.999999 0.000363923 0.000578527 0.00122397 -30.1467 7.09682 0 0.708967 0 0 0.705241 -2184.14 583.238 63267.1 0.998762 0.0433871 0.0223088 0.00969359 
1576805800.764622 1576805800.866698 8.12474e-05 0.220488 0 1 -0 0 -0.000433689 -57.1274 115.018 1391.9 1 -3.4239e-05 -4.72485e-05 0.000321416 -30.3672 7.09806 0 0.709273 0 0 0.704934 -2180.01 576.556 64664.9 0.998762 0.0433453 0.0222759 0.0100159 
1576805800.866698 1576805801.064502 -3.872e-05 0.365882 0 1 0 0 0.000254108 -197.22 288.409 2754.32 1 0.000539846 0.000298525 -0.000106708 -30.7331 7.10027 0 0.709094 0 0 0.705114 -2257.26 622.247 67439.9 0.998732 0.0438898 0.022564 0.0099084 
1576805801.064502 1576805801.265991 -0.000171879 0.411507 0 1 0 0 0.000238131 -175.65 258.353 2726.27 0.999999 0.0012764 0.000312496 7.86158e-05 -31.1446 7.10241 0 0.708926 0 0 0.705283 -2312.05 637.941 70183.4 0.998668 0.0451659 0.0228669 0.010002 
1576805801.265991 1576805801.366553 -2.45506e-05 0.191914 0 1 0 0 5.82558e-05 -107.897 136.41 1357.81 1 0.00012436 0.000376724 0.000421438 -31.3365 7.10338 0 0.708885 0 0 0.705324 -2359.01 649.52 71551.4 0.998649 0.0452842 0.0232609 0.0104087 
1576805801.366553 1576805801.567310 0.00020054 0.383504 0 1 0 0 -0.000636866 -184.108 263.483 2696.5 1 -0.000174525 0.000367673 -0.000311415 -31.72 7.10551 0 0.709334 0 0 0.704872 -2419.98 665.068 74266.3 0.998652 0.045121 0.0236158 0.010077 
1576805801.567310 1576805801.768668 0.000336242 0.381814 0 1 -0 0 -0.000888452 -177.21 260.646 2722.8 1 -0.000362251 0.000375642 -0.000203305 -32.1018 7.10825 0 0.70996 0 0 0.704242 -2470.75 676.572 77006.8 0.998661 0.0447678 0.0239854 0.00984846 
1576805801.768668 1576805801.969738 0.000186159 0.383305 0 1 0 0 -0.000320189 -198.6 270.147 2740.67 1 -0.000695445 0.000651806 -3.04425e-05 -32.4851 7.11154 0 0.710185 0 0 0.704015 -2540.1 697.487 79766.9 0.998676 0.0440804 0.0246418 0.00977219 
1576805801.969738 1576805802.070228 3.29095e-05 0.195619 0 1 0 0 -0.000127253 -74.0058 128.602 1377.36 1 -0.000163263 5.38808e-05 -0.000288397 -32.6807 7.11328 0 0.710275 0 0 0.703924 -2547.26 703.354 81152.2 0.998685 0.043925 0.0246845 0.00947778 
1576805802.070228 1576805802.271072 2.1729e-05 0.398896 0 1 0 0 1.59201e-05 -194.586 264.787 2820.81 1 0.000281593 0.000508058 -0.000225739 -33.0796 7.11688 0 0.710264 0 0 0.703936 -2604.58 716.804 83991.5 0.998662 0.0442166 0.0251793 0.00923697 
1576805802.271072 1576805802.472344 0.000289686 0.412471 0 1 -0 0 -0.000787976 -170.347 268.029 2910.84 0.999999 0.000616685 0.000541512 0.000939006 -33.492 7.12086 0 0.710818 0 0 0.703376 -2630.26 724.502 86919.5 0.998612 0.0448138 0.0257559 0.0101663 
1576805802.472344 1576805802.574316 0.000111582 0.210002 0 1 -0 0 -0.000576101 -99.4437 116.576 1452.27 1 0.000166881 0.000529844 0.00012062 -33.702 7.12319 0 0.711223 0 0 0.702966 -2655.63 709.114 88379.5 0.998589 0.0449827 0.0262887 0.0102673 
1576805802.574316 1576805802.773908 0.000432851 0.426252 0 1 -0 0 -0.00097344 -204.31 261.096 3008.81 1 9.94366e-05 0.000724631 -0.000288471 -34.1282 7.1286 0 0.711907 0 0 0.702273 -2703.6 695.743 91406.1 0.998568 0.045097 0.0269983 0.00994925 
1576805802.773908 1576805802.875936 9.62519e-05 0.215038 0 1 -0 0 -0.000523627 -63.4152 142.778 1511.41 1 0.000261732 0.000211401 0.000199398 -34.3433 7.13162 0 0.712275 0 0 0.701901 -2686.54 701.185 92925.5 0.998549 0.0453551 0.0272158 0.0101459 
1576805802.875936 1576805803.075877 0.000270773 0.43295 0 1 0 0 -0.000439242 -208.182 291.821 3100.42 1 -8.1669e-05 0.000662124 -0.000131497 -34.7762 7.13825 0 0.712583 0 0 0.701588 -2728.2 707.894 96046.3 0.998535 0.0452838 0.0278718 0.00998233 
1576805803.075877 1576805803.181736 4.16782e-05 0.234307 0 1 0 0 -0.000127528 -100.214 153.657 1533.51 1 -0.000297045 0.000374986 -0.000435474 -35.0104 7.14193 0 0.712673 0 0 0.701497 -2744.17 720.81 97590.6 0.998543 0.0450031 0.0282295 0.00952224 
1576805803.181736 1576805803.377647 0.000164695 0.437205 0 1 -0 0 -0.00048153 -224.54 316.845 3090.88 1 0.000294995 0.00068848 -0.0001168 -35.4476 7.149 0 0.71301 0 0 0.701153 -2796.63 755.343 100705 0.998511 0.0453075 0.0289089 0.00938295 
1576805803.377647 1576805803.478025 6.17709e-05 0.218153 0 1 -0 0 -0.000296258 -94.7443 161.145 1524.06 1 0.000186747 0.000119237 -0.000392524 -35.6657 7.15272 0 0.713218 0 0 0.700942 -2804.51 776.704 102240 0.998502 0.0455064 0.0290084 0.008991 
1576805803.478025 1576805803.679450 0.000250403 0.433941 0 1 0 0 -0.000390532 -249.855 307.056 3105.84 1 -0.000824266 0.000262092 -0.000140752 -36.0996 7.16051 0 0.713492 0 0 0.700664 -2876.15 796.665 105371 0.998533 0.0446898 0.0292711 0.00881462 
1576805803.679450 1576805803.779947 5.74548e-06 0.215669 0 1 -0 0 -5.83976e-05 -102.185 157.068 1561.2 1 -0.000450183 3.3385e-06 0.000863957 -36.3152 7.16443 0 0.713533 0 0 0.700622 -2888 812.487 106943 0.998545 0.044215 0.029317 0.00966398 
1576805803.779947 1576805803.981080 1.40339e-05 0.428955 0 1 0 0 0.000143215 -189.522 307.746 3083.18 0.999999 -0.00149739 -0.000479807 0.000268852 -36.7441 7.17227 0 0.713432 0 0 0.700724 -2899.15 844.32 110047 0.998621 0.0427072 0.0288642 0.00990974 
1576805803.981080 1576805804.081564 -8.6967e-05 0.21295 0 1 0 0 0.000411988 -132.969 153.547 1494.39 1 -0.000552968 -7.60444e-06 -0.000325101 -36.957 7.17601 0 0.713144 0 0 0.701018 -2947.12 867.706 111554 0.998648 0.0421643 0.0288482 0.00956945 
1576805804.081564 1576805804.284825 -0.000216254 0.423994 0 1 0 0 0.000280628 -202.198 289.543 3035.63 1 -0.000221232 -0.000347925 -0.000136896 -37.3809 7.18307 0 0.712947 0 0 0.701218 -2976.42 897.842 114610 0.998669 0.041944 0.0284971 0.00944103 
1576805804.284825 1576805804.385127 -9.88171e-06 0.210957 0 1 0 0 -1.49322e-05 -116.561 144.039 1484.88 1 -4.10779e-05 0.000138621 0.000149858 -37.5919 7.18656 0 0.712957 0 0 0.701207 -3009.45 915.272 116106 0.998665 0.0419 0.0286422 0.0095837 
1576805804.385127 1576805804.587213 6.67731e-05 0.44354 0 1 0 0 -0.000210993 -215.604 281.378 3021.03 1 0.000405182 -0.000247509 0.000309439 -38.0353 7.19399 0 0.713105 0 0 0.701057 -3054.11 939.8 119147 0.998652 0.0422934 0.0284041 0.0099147 
1576805804.587213 1576805804.788622 0.000275192 0.411675 0 1 0 0 -0.000397221 -205.995 270.384 2941.99 1 0.00046118 -0.00011904 3.87131e-05 -38.447 7.20128 0 0.713384 0 0 0.700774 -3095.07 957.728 122108 0.998636 0.0427517 0.0282823 0.0099715 
1576805804.788622 1576805804.891485 -8.05479e-06 0.20554 0 1 0 0 0.000110336 -105.782 122.782 1450.28 1 0.000122523 -2.02002e-05 -0.000266793 -38.6525 7.20494 0 0.713306 0 0 0.700852 -3119.65 954.657 123568 0.998634 0.0428814 0.0282495 0.0097094 
1576805804.891485 1576805805.092339 -0.000163366 0.403876 0 1 0 0 0.000464412 -217.085 278.798 2887.58 1 0.000462328 8.66439e-05 -0.000322107 -39.0563 7.21189 0 0.712981 0 0 0.701184 -3175.75 981.918 126476 0.998614 0.043353 0.0283177 0.00939707 
1576805805.092339 1576805805.197540 -7.05494e-05 0.216556 0 1 0 0 0.000269752 -103.12 139.62 1428.71 1 0.000494761 -0.000245373 -0.000177913 -39.2728 7.21543 0 0.712792 0 0 0.701376 -3199 995.854 127915 0.998601 0.0438498 0.0280603 0.00924405 
1576805805.197540 1576805805.392408 0.000271642 0.384198 0 1 -0 0 -0.000899453 -214.449 256.826 2824.51 0.999998 0.00119754 0.00110912 -0.00107773 -39.657 7.2219 0 0.713422 0 0 0.700734 -3256.6 1001.26 130759 0.998526 0.0450861 0.0291095 0.00815278 
1576805805.392408 1576805805.593600 0.00111434 0.394056 0 0.999994 -0 0 -0.00343205 -130.825 261.506 2817.19 0.999995 0.000225622 0.00295885 -0.000966685 -40.0509 7.23009 0 0.715823 0 0 0.698282 -3224.92 1006.88 133591 0.998432 0.0453634 0.0320184 0.00706064 
1576805805.593600 1576805805.694048 0.00048542 0.19588 0 0.999997 -0 0 -0.00250932 -90.3483 138.068 1355.15 0.999997 0.000181541 0.00244996 0.000631646 -40.2467 7.23543 0 0.717573 0 0 0.696483 -3229.1 1020.69 134956 0.998338 0.0455416 0.0344918 0.00758595 
1576805805.694048 1576805805.894822 0.00198072 0.385245 0 0.999987 -0 0 -0.00515204 -29.4332 273.795 2752.68 0.999988 6.05801e-05 0.00472509 0.00115093 -40.6317 7.2489 0 0.721152 0 0 0.692777 -3070.28 1043.91 137718 0.998152 0.0455977 0.0392606 0.00852178 
1576805805.894822 1576805806.095564 0.00234608 0.380196 0 0.999978 -0 0 -0.00659669 -55.9132 248.239 2694.42 0.999975 -0.000249781 0.00711108 -0.000111296 -41.0115 7.2665 0 0.725706 0 0 0.688005 -2916.07 1046.47 140420 0.99786 0.0454122 0.0463546 0.00807642 
1576805806.095564 1576805806.196375 0.000811187 0.20229 0 0.999992 -0 0 -0.00391343 12.7631 143.039 1333.81 0.999992 0.000176526 0.00392832 0.000241913 -41.2135 7.27809 0 0.728393 0 0 0.68516 -2780.7 1069.27 141754 0.99766 0.0456085 0.0502837 0.00814754 
1576805806.196375 1576805806.400215 0.00213489 0.374644 0 0.999987 -0 0 -0.00505634 -39.3878 298.624 2645.95 0.999984 0.000461942 0.00563012 -0.000260456 -41.5873 7.30312 0 0.731848 0 0 0.681468 -2555.93 1127.17 144407 0.997342 0.0461276 0.0558842 0.00765401 
1576805806.400215 1576805806.599245 0.000793001 0.370881 0 0.999997 -0 0 -0.00256549 -157.417 199.651 2618.67 0.99999 -0.00053302 0.00327773 -0.00313499 -41.9572 7.33032 0 0.733594 0 0 0.679588 -2420.6 1084.03 147034 0.997197 0.0457958 0.0590121 0.00434629 
1576805806.599245 1576805806.806091 0.00255128 0.366061 0 0.999969 -0 0 -0.00790752 -70.5835 237.845 2602.19 0.999971 -0.00125986 0.00743087 -0.00100724 -42.322 7.3608 0 0.738945 0 0 0.673766 -2184.17 1083.54 149637 0.996792 0.0446299 0.0663798 0.0029271 
1576805806.806091 1576805807.003479 0.00436358 0.362624 0 0.99992 -0 0 -0.0126201 137.079 249.363 2554.15 0.999931 -0.000797371 0.0117117 -0.000148351 -42.6827 7.39853 0 0.747389 0 0 0.664387 -1709.62 1107.26 152163 0.995981 0.0438761 0.078045 0.0022034 
1576805807.003479 1576805807.104374 0.00138756 0.180588 0 0.999969 -0 0 -0.00786723 92.1657 105.137 1292.8 0.999969 -0.000593417 0.0078772 -0.000666656 -42.8619 7.42107 0 0.752593 0 0 0.658486 -1417.08 1100.48 153430 0.995363 0.0433531 0.0858602 0.00114742 
1576805807.104374 1576805807.303680 0.0067596 0.363675 0 0.999816 -0 0 -0.0191752 396.87 242.302 2539.57 0.999821 -0.000739872 0.0188867 0.000556542 -43.2214 7.47607 0 0.765081 0 0 0.643934 -590.489 1127.06 155876 0.993595 0.0425828 0.104669 0.000818852 
1576805807.303680 1576805807.507865 0.00880772 0.396428 0 0.999749 -0 0 -0.0223973 434.463 233.161 2602.2 0.99976 0.000134292 0.0219085 -9.15298e-05 -43.6105 7.55241 0 0.779311 0 0 0.626637 377.584 1144.2 158341 0.991057 0.0427335 0.126408 -0.000191159 
1576805807.507865 1576805807.714260 0.00894743 0.380627 0 0.999703 -0 0 -0.0243883 471.013 244.619 2636.11 0.999707 -0.000738456 0.0241143 -0.00174486 -43.9804 7.64285 0 0.794362 0 0 0.607444 1496.73 1169.42 160786 0.98775 0.0422051 0.150195 -0.0030442 
1576805807.714260 1576805807.810027 0.00271118 0.190844 0 0.999895 -0 0 -0.0144749 283.677 89.0851 1327.92 0.999898 -0.000576024 0.0142393 -0.000518595 -44.1638 7.69548 0 0.803072 0 0 0.595882 2162.93 1148.14 161972 0.985534 0.0416664 0.164221 -0.00424362 
1576805807.810027 1576805808.012295 0.0124311 0.381162 0 0.99945 -0 0 -0.0331758 665.762 198.012 2693.04 0.999443 -0.00126984 0.0333327 0.000557736 -44.525 7.81785 0 0.822399 0 0 0.568912 3667.89 1124.08 164311 0.979567 0.0401587 0.196998 -0.00528898 
1576805808.012295 1576805808.214081 0.0137974 0.386209 0 0.999363 -0 0 -0.035695 831.457 255.996 2653.96 0.999382 -0.00135831 0.035124 -0.00102977 -44.8816 7.96697 0 0.842182 0 0 0.539194 5464.62 1169.44 166449 0.972091 0.0388204 0.231234 -0.00797256 
1576805808.214081 1576805808.319005 0.00402187 0.209163 0 0.999812 -0 0 -0.0193842 368.739 168.004 1321.17 0.999826 0.000174805 0.0186045 -0.000939904 -45.0698 8.05817 0 0.852475 0 0 0.522767 6392.63 1233.24 167471 0.967606 0.0390526 0.249244 -0.00956666 
1576805808.319005 1576805808.521626 0.014873 0.389947 0 0.999242 -0 0 -0.0389342 916.268 245.019 2802.04 0.999175 -0.00138449 0.0405129 -0.00234881 -45.4106 8.24824 0 0.872183 0 0 0.489181 8553.64 1253.21 169491 0.956742 0.0378786 0.288134 -0.0137587 
1576805808.521626 1576805808.721196 0.0163256 0.388482 0 0.999102 -0 0 -0.0423599 1049.47 235.82 2634.37 0.999086 -0.000898091 0.0427236 -0.000306771 -45.7336 8.46472 0 0.892121 0 0 0.451796 10889.5 1271.72 171116 0.943587 0.0364853 0.328722 -0.0159167 
1576805808.721196 1576805808.823475 0.00427425 0.196162 0 0.999762 -0 0 -0.0218106 520.321 152.418 1349.94 0.999762 0.000234478 0.0217933 0.000113283 -45.8892 8.58425 0 0.901763 0 0 0.432231 12141.2 1313.43 171856 0.936193 0.0363138 0.349216 -0.0165241 
1576805808.823475 1576805809.022838 0.0172965 0.395233 0 0.999051 -0 0 -0.0435448 1097.8 342.638 2650.38 0.999024 0.000160644 0.0441575 -0.000650941 -46.1865 8.84529 0 0.919729 0 0 0.392554 14719.8 1438.06 173153 0.919842 0.0359264 0.390194 -0.0186648 
1576805809.022838 1576805809.225835 0.0177079 0.399673 0 0.999007 -0 0 -0.0445431 1113.31 283.374 2729.91 0.998985 -0.0012058 0.0450129 0.000685672 -46.4628 9.13457 0 0.936302 0 0 0.351196 17466.9 1493.3 174258 0.901401 0.0336731 0.431205 -0.0201028 
1576805809.225835 1576805809.324969 0.00457471 0.20204 0 0.999743 -0 0 -0.0226772 494.97 132.629 1420.21 0.999735 -0.000484204 0.0230362 0.000157263 -46.5923 9.28978 0 0.944025 0 0 0.329873 18888.2 1511.12 174768 0.891248 0.0326968 0.451851 -0.0209402 
1576805809.324969 1576805809.527745 0.0209867 0.435083 0 0.998856 -0 0 -0.0478274 1148.04 249.621 2725.44 0.998986 -0.00102615 0.044997 -0.000666267 -46.8468 9.64325 0 0.958722 0 0 0.284346 21774.5 1540.64 175458 0.870032 0.0311079 0.491453 -0.0234477 
1576805809.527745 1576805809.730580 0.0182568 0.415688 0 0.999071 -0 0 -0.0431058 998.786 347.899 2817.33 0.999005 2.57084e-05 0.0445805 -0.000852311 -47.0582 10.0017 0 0.970088 0 0 0.242755 24719.8 1659.83 176064 0.847237 0.0304729 0.529725 -0.0255401 
1576805809.730580 1576805809.829529 0.00426203 0.212233 0 0.999806 -0 0 -0.0197182 451.664 163.134 1461.31 0.999786 9.90319e-05 0.0207013 0.00030309 -47.1544 10.1909 0 0.974686 0 0 0.223579 26239.1 1702.49 176300 0.836094 0.029861 0.547162 -0.0258562 
1576805809.829529 1576805810.028905 0.0156125 0.43376 0 0.999378 -0 0 -0.0352704 928.694 302.678 2912.45 0.999337 0.000222016 0.0364003 5.45903e-05 -47.3294 10.5881 0 0.981965 0 0 0.189063 29293.7 1766.58 176619 0.815618 0.0290558 0.577241 -0.0267589 
1576805810.028905 1576805810.131431 0.00381134 0.218292 0 0.999845 -0 0 -0.0175783 324.328 144.168 1511.51 0.999832 -0.000748911 0.0183256 -0.000563184 -47.4069 10.7922 0 0.985137 0 0 0.171772 30833.5 1788.69 176817 0.804909 0.0282748 0.592054 -0.0281785 
1576805810.131431 1576805810.330452 0.016408 0.454623 0 0.999377 -0 0 -0.0352979 816.631 283.927 2978.72 0.999398 -0.000494218 0.0346737 -0.000961166 -47.5453 11.2255 0 0.990586 0 0 0.136892 33932.9 1827.04 176927 0.783883 0.027452 0.619566 -0.0302082 
1576805810.330452 1576805810.430683 0.00287679 0.205545 0 0.999902 -0 0 -0.0140215 357.182 143.692 1508.34 0.999887 0.000127522 0.0150334 -0.000149427 -47.5983 11.4242 0 0.992408 0 0 0.122989 35489.5 1844.11 176928 0.774472 0.0271873 0.63128 -0.0306556 
1576805810.430683 1576805810.631852 0.0131195 0.444042 0 0.999575 -0 0 -0.0291659 604.1 320.367 3043.87 0.999549 -0.00150749 0.0299723 -0.00115734 -47.6939 11.858 0 0.995573 0 0 0.093992 38608.5 1909.46 176951 0.755207 0.0258193 0.65413 -0.0333046 
1576805810.631852 1576805810.732350 0.00295286 0.222487 0 0.999914 -0 0 -0.0131057 260.802 152.445 1534.53 0.999911 0.000674927 0.0133149 -4.30999e-06 -47.7327 12.0771 0 0.996719 0 0 0.0809362 40171.8 1930.35 176911 0.746413 0.0258861 0.66415 -0.0332072 
1576805810.732350 1576805810.933344 0.0107302 0.446715 0 0.99972 -0 0 -0.0236575 533.01 324.44 3098.55 0.999711 -4.44895e-05 0.0240392 0.00012999 -47.7942 12.5197 0 0.998355 0 0 0.0573337 43327.5 1989.13 176741 0.730237 0.0249608 0.681903 -0.0337524 
1576805810.933344 1576805811.035835 0.00252705 0.221983 0 0.999936 -0 0 -0.0112826 158.953 119.525 1544.91 0.999923 -0.00101772 0.0123706 1.15054e-07 -47.8171 12.7405 0 0.998938 0 0 0.046066 44884.2 1978.37 176688 0.721771 0.0237981 0.69085 -0.0347525 
1576805811.035835 1576805811.136038 0.00253786 0.222386 0 0.999934 -0 0 -0.0114566 222.824 160.608 1536.56 0.999931 0.000145212 0.0117771 -0.000250335 -47.835 12.9622 0 0.999401 0 0 0.0346185 46436.9 2007.99 176531 0.713572 0.0236649 0.699301 -0.0351107 
1576805811.136038 1576805811.337490 0.0102543 0.465713 0 0.999779 -0 0 -0.0210423 407.842 347.465 3115.7 0.999787 0.00227009 0.0204832 -0.000642275 -47.857 13.4275 0 0.999908 0 0 0.0135812 49578.1 2089.05 176183 0.69902 0.0250097 0.713833 -0.0344588 
1576805811.337490 1576805811.435457 0.00163463 0.210905 0 0.999972 -0 0 -0.00746719 118.149 151.783 1575.75 0.999966 -0.000663783 0.00815435 -0.000536007 -47.8611 13.6383 0 0.999981 0 0 0.00611432 51158.1 2106.19 176031 0.693174 0.0246465 0.719473 -0.0355101 
1576805811.435457 1576805811.636464 0.0057321 0.463016 0 0.999936 -0 0 -0.0112958 139.777 313.502 3252.04 0.999924 -0.00115134 0.012234 -0.00100669 -47.861 14.1014 0 0.999987 -0 0 -0.00518166 54417.4 2139.31 175767 0.684312 0.0241364 0.727833 -0.0373351 
1576805811.636464 1576805811.736970 0.00100202 0.252032 0 0.999993 -0 0 -0.00361972 -62.4656 158.113 1641.52 0.99999 0.000629052 0.00443195 5.7767e-05 -47.8574 14.3534 0 0.999961 -0 0 -0.0088013 56067.1 2154.36 175726 0.681066 0.0243591 0.730883 -0.0369443 
1576805811.736970 1576805818.473848 1.53341 21.3195 0 0.997534 0 0 -0.0701801 5856.38 -3406.18 -37673 0.999984 0.00313156 -0.00452681 0.00084113 -45.949 35.6426 0 0.996878 0 0 -0.078957 17920.1 1959.83 172577 0.684319 0.026044 0.727925 -0.0339718 
1576805818.473848 1576805818.574487 4.47789e-05 0.392597 0 1 0 0 -0.000186769 -141.921 187.321 2784.06 0.999999 0.000461155 -0.000426366 -0.00119801 -45.8871 36.0303 0 0.996863 0 0 -0.0791432 20713.5 1910.75 172546 0.684576 0.0272461 0.727617 -0.0344448 
1576805818.574487 1576805818.676659 1.62579e-05 0.390647 0 1 0 0 4.89903e-05 -199.862 251.925 2712.55 0.999999 0.000315398 -2.07229e-05 -0.00108543 -45.8255 36.416 0 0.996867 0 0 -0.0790943 23444.8 1926.05 172579 0.684545 0.0282525 0.727584 -0.0349578 
1576805818.676659 1576805818.775477 -0.000130836 0.38951 0 1 0 0 0.000246723 -219.925 263.389 2728.4 1 -0.000432305 0.00011342 0.000419729 -45.7642 36.8007 0 0.996887 0 0 -0.0788484 26194.1 1945.53 172630 0.684489 0.0276472 0.727658 -0.0349882 
1576805818.775477 1576805818.878441 -5.7565e-05 0.385043 0 1 0 0 1.95604e-05 -147.549 259.672 2724.07 0.999999 -0.000705303 -0.000601153 0.000666317 -45.7037 37.1809 0 0.996888 -0 0 -0.0788289 28934.4 1963.49 172609 0.684969 0.0267006 0.72724 -0.0350287 
1576805818.878441 1576805818.978873 -1.03622e-06 0.415477 0 1 0 0 4.3914e-05 -160.076 293.989 2726.42 1 -0.00015378 -0.00030644 0.000446039 -45.6384 37.5912 0 0.996892 0 0 -0.0787851 31680.7 2019.17 172604 0.685211 0.0262816 0.727036 -0.0348268 
1576805818.978873 1576805819.078770 -5.53139e-05 0.380122 0 1 0 0 0.000272521 -183.097 264.285 2675.09 0.999999 0.000997927 -0.000245378 0.000402085 -45.5787 37.9667 0 0.996913 0 0 -0.0785134 34374.7 2052.37 172626 0.685377 0.0266816 0.726913 -0.0338193 
1576805819.078770 1576805819.182313 -0.000236656 0.377266 0 1 0 0 0.000695588 -150.761 240.58 2713.41 1 -0.00014245 -0.000479405 0.000465228 -45.5199 38.3393 0 0.996967 0 0 -0.07782 37102.9 2060.55 172615 0.685745 0.026262 0.726592 -0.0335912 
1576805819.182313 1576805819.279298 -0.000222486 0.374653 0 1 0 0 0.000572439 -182.002 248.81 2648.45 1 -0.000187325 -0.00026892 0.000678883 -45.462 38.7095 0 0.997012 0 0 -0.0772492 39769 2085.22 172642 0.685968 0.0256493 0.726419 -0.0332547 
1576805819.279298 1576805819.381510 6.00273e-05 0.374677 0 1 0 0 1.61279e-05 -138.859 276.707 2678.21 0.999999 -0.000299646 -0.000811489 0.000679649 -45.4042 39.0797 0 0.997013 0 0 -0.0772332 42464.5 2138.47 172625 0.686587 0.024977 0.725869 -0.0329853 
1576805819.381510 1576805819.580977 -3.24716e-05 0.736753 0 1 -0 0 -0.000169012 -418.031 460.82 5223.93 0.999999 -0.000651635 -3.74147e-06 -0.00088057 -45.2908 39.8076 0 0.997 -0 0 -0.0774017 47723.8 2172.17 172749 0.686577 0.0251689 0.725823 -0.0340628 
1576805819.580977 1576805819.681257 -3.46633e-05 0.362884 0 1 0 0 0.00010538 -136.138 256.002 2602.05 1 -0.000135954 -0.000421444 -3.45709e-05 -45.2348 40.1662 0 0.997008 0 0 -0.0772966 50341.6 2210.05 172738 0.686885 0.025115 0.725528 -0.0341746 
1576805819.681257 1576805819.784546 -7.95973e-05 0.36124 0 1 0 0 0.000193184 -153.819 258.461 2566.17 1 0.000703311 -0.000124488 0.000314437 -45.1792 40.5231 0 0.997023 0 0 -0.077104 52925 2253.41 172749 0.686968 0.0253742 0.725474 -0.0334452 
1576805819.784546 1576805819.883699 4.54376e-05 0.357956 0 1 -0 0 -0.000145768 -138.24 253.771 2529.59 1 0.000186904 -0.000412596 2.50608e-05 -45.1242 40.8768 0 0.997012 -0 0 -0.0772493 55470.7 2296.6 172747 0.687263 0.0254982 0.725197 -0.0332819 
1576805819.883699 1576805819.983047 8.25673e-05 0.354957 0 1 -0 0 -0.000302623 -203.433 169.651 2509.91 1 -0.000164694 0.000202039 0.000350403 -45.0694 41.2275 0 0.996988 -0 0 -0.077551 57993.3 2258.32 172815 0.687133 0.0251242 0.72534 -0.0331657 
1576805819.983047 1576805820.084085 2.47254e-05 0.350297 0 1 0 0 1.42586e-06 -154.827 288.454 2459.04 0.999999 -0.00108676 -0.000100684 -0.00119953 -45.0152 41.5736 0 0.996988 0 0 -0.0775496 60472.5 2343.97 172834 0.687192 0.0252508 0.725203 -0.0347756 
1576805820.084085 1576805820.184090 0.000123112 0.351008 0 1 -0 0 -0.000323273 -201.479 163.581 2436.17 1 -3.29633e-05 8.99922e-05 0.000958658 -44.9608 41.9203 0 0.996963 -0 0 -0.0778719 62921.1 2301.78 172903 0.687161 0.0245298 0.725288 -0.034143 
1576805820.184090 1576805820.285261 -0.000100341 0.340435 0 1 0 0 0.000526739 -176.229 242.832 2433.83 1 -0.000559403 9.80071e-05 0.000373149 -44.908 42.2567 0 0.997004 0 0 -0.0773468 65372.6 2343.16 172946 0.687116 0.0238714 0.725345 -0.0342947 
