groundtruth: cam2wheel_ryp.roll = -0.148046, cam2wheel_ryp.yaw = -4.70919, cam2wheel_ryp.pitch = -7.91756, cam2wheel_xyz.x = 1.865, cam2wheel_xyz.y = -0.253, cam2wheel_xyz.z = 1.28
from_timestamp to_timestamp delta_pos_wheel delta_q_wheel delta_pos_cam delta_q_cam pos_wheel q_wheel pos_cam q_cam 
1576806134.574898 1576806134.775960 0 0 0 1 0 0 0 13.6585 -11.4717 -34.2814 1 -0.000130728 -0.000227789 0.000210652 0 0 0 1 0 0 0 17203.4 1518.21 -395845 0.991132 0.0719379 0.111676 -0.00333735 
1576806134.775960 1576806138.294998 -0.0574285 0.731392 0 0.997998 0 0 0.0632447 -3292.12 717.198 7672.74 0.998093 0.00228174 -0.0615121 -0.00465226 -0.0574285 0.731392 0 0.997998 0 0 0.0632447 15704.5 1097 -387611 0.995931 0.074787 0.0501693 -0.00326212 
1576806138.294998 1576806138.999152 -0.011536 0.619452 0 0.999864 0 0 0.0164828 -1073.54 641.092 5766.57 0.999852 -0.000665021 -0.0171688 -0.00050439 -0.147069 1.34443 0 0.99682 0 0 0.0796859 15218.8 868.919 -381735 0.996694 0.074195 0.0330231 -0.00251334 
1576806138.999152 1576806139.602433 -0.00736447 0.623892 0 0.999933 0 0 0.0116182 -935.258 548.523 5723.41 0.999933 -0.00113723 -0.0114341 -0.00130493 -0.253455 1.95923 0 0.995827 0 0 0.0912618 14665.7 564.06 -375944 0.997086 0.0731284 0.0215249 -0.00300299 
1576806139.602433 1576806140.211983 -0.0099003 0.689257 0 0.999897 0 0 0.014382 -1031.82 591.831 6306.67 0.999892 0.000714724 -0.0146065 -0.00132077 -0.388471 2.63521 0 0.994411 0 0 0.105574 13908.2 231.96 -369580 0.997236 0.0739054 0.00686416 -0.00323605 
1576806140.211983 1576806140.813650 -0.0100493 0.731121 0 0.999907 0 0 0.0136034 -1002.92 622.381 6593.6 0.999895 0.000706637 -0.0144602 -0.000197993 -0.551809 3.34792 0 0.992883 0 0 0.119092 12997.2 -119.22 -362953 0.997178 0.0746505 -0.00756913 -0.00235962 
1576806140.813650 1576806141.316306 -0.00850882 0.620413 0 0.999903 0 0 0.0139485 -935.248 561.507 5744.3 0.999898 0.000472488 -0.0142753 0.000652365 -0.706797 3.94872 0 0.991125 0 0 0.13293 11975.3 -413.524 -357203 0.996935 0.0751527 -0.0217536 -0.000646771 
1576806141.316306 1576806141.819572 -0.0086901 0.64176 0 0.999936 0 0 0.0113532 -859.181 541.011 5897.36 0.999929 0.000686812 -0.0118675 -0.000858684 -0.884283 4.56551 0 0.989552 0 0 0.144173 10859.5 -758.229 -351334 0.996553 0.075821 -0.0336472 -0.000625846 
1576806141.819572 1576806142.325688 -0.00602054 0.656927 0 0.999943 0 0 0.01072 -847.885 512.829 5992.81 0.999939 -7.54497e-05 -0.0110471 0.000429834 -1.0775 5.19341 0 0.98795 0 0 0.154773 9609.09 -1151.29 -345403 0.996127 0.0757626 -0.0446216 0.000642682 
1576806142.325688 1576806142.826783 -0.00975115 0.650618 0 0.999897 0 0 0.0143857 -878.061 526.268 5932.7 0.9999 0.000153593 -0.0140393 0.00160508 -1.28575 5.80988 0 0.985621 0 0 0.168969 8203.47 -1522.06 -339561 0.995388 0.0759706 -0.0584805 0.00329828 
1576806142.826783 1576806143.329459 -0.0105974 0.660097 0 0.999866 0 0 0.0163797 -1050.16 623.942 6134.59 0.999876 -0.000717067 -0.0153099 -0.00361914 -1.51561 6.42875 0 0.982721 0 0 0.185091 6439.75 -1833.07 -333568 0.994436 0.0749853 -0.0739851 0.000900455 
1576806143.329459 1576806143.831666 -0.0104089 0.690964 0 0.99988 0 0 0.0155125 -950.294 492.329 6259.59 0.99983 0.000864819 -0.0177108 0.00500787 -1.77667 7.06859 0 0.979732 0 0 0.200313 4573.28 -2271.8 -327514 0.992887 0.0761871 -0.09121 0.00714437 
1576806143.831666 1576806144.334836 -0.0147009 0.724132 0 0.999789 0 0 0.0205177 -1258.62 667.763 6581.1 0.999818 2.56374e-05 -0.0189602 -0.00204758 -2.07441 7.72884 0 0.975416 0 0 0.220373 2132.16 -2616.45 -321248 0.99099 0.0758765 -0.110175 0.00655224 
1576806144.334836 1576806144.736374 -0.00697752 0.57831 0 0.999925 0 0 0.0122879 -766.475 543.946 5333.71 0.999925 -4.78695e-05 -0.0122679 0.000338981 -2.32934 8.24798 0 0.972634 0 0 0.232342 208.808 -2885.77 -316192 0.989565 0.0757803 -0.122298 0.00782379 
1576806144.736374 1576806145.239325 -0.00857834 0.729931 0 0.99994 0 0 0.01092 -965.629 598.043 6780.75 0.999924 0.000398141 -0.0123451 -0.000170306 -2.66689 8.89522 0 0.970039 0 0 0.242949 -2381.36 -3321.67 -309838 0.987951 0.0760511 -0.134521 0.00854149 
1576806145.239325 1576806145.641597 -0.0067746 0.586954 0 0.99994 0 0 0.0109573 -775.659 545.396 5396.37 0.999961 0.00044101 -0.00854294 -0.00200469 -2.94952 9.40969 0 0.967319 0 0 0.253564 -4576.55 -3603.2 -304826 0.986747 0.0761412 -0.143112 0.007151 
1576806145.641597 1576806146.146375 -0.00627182 0.742908 0 0.999965 0 0 0.00836389 -782.177 705.257 6856.05 0.999968 -0.0006148 -0.0077429 -0.00204427 -3.31943 10.054 0 0.965164 0 0 0.261646 -7280.82 -3944.43 -298448 0.985669 0.0751842 -0.150899 0.00581113 
1576806146.146375 1576806146.547002 -0.00280594 0.587265 0 0.999991 0 0 0.00433156 -503.221 530.5 5413.93 0.999982 -0.00196289 -0.00566975 0.000496315 -3.61845 10.5594 0 0.964022 0 0 0.265824 -9384.97 -4226.23 -293414 0.98494 0.07329 -0.156436 0.0070227 
1576806146.547002 1576806147.049820 -0.00318322 0.736493 0 0.99999 0 0 0.00439599 -641.209 668.863 6856.98 0.999987 -0.00105086 -0.0049069 -0.00068655 -3.99865 11.1902 0 0.962844 0 0 0.270059 -12125.3 -4563.81 -287069 0.984242 0.0721122 -0.16131 0.00687042 
1576806147.049820 1576806147.452067 -0.00120895 0.594185 0 0.999999 0 0 0.00163466 -478.128 523.066 5543.8 0.999996 0.000188671 -0.00193597 -0.00216172 -4.30869 11.6971 0 0.962401 0 0 0.271633 -14352.6 -4840.81 -281951 0.983926 0.0719356 -0.163372 0.00485191 
1576806147.452067 1576806147.855805 4.24957e-05 0.616929 0 1 -0 0 -0.00042974 -373.244 474.899 5486.16 1 0.000109877 -0.000548165 -0.000434004 -4.63121 12.223 0 0.962518 0 0 0.271219 -16481.5 -5150.95 -276868 0.983831 0.0719701 -0.163943 0.00444636 
1576806147.855805 1576806148.358797 0.00230815 0.75134 0 0.999994 -0 0 -0.00354049 -251.227 633.131 6908.69 0.999996 0.000537681 0.00286099 0.000235482 -5.02152 12.865 0 0.963472 0 0 0.267809 -18964 -5509.11 -270395 0.984256 0.0725501 -0.161113 0.00438396 
1576806148.358797 1576806148.761705 0.00275524 0.605903 0 0.999986 -0 0 -0.0052737 -153.655 537.152 5588.47 0.999985 0.00054731 0.00541499 0.000335279 -5.33184 13.3854 0 0.964871 0 0 0.262725 -20895.7 -5781.38 -265128 0.985073 0.0731655 -0.155759 0.00423286 
1576806148.761705 1576806149.162777 0.0059016 0.606449 0 0.999945 -0 0 -0.0104654 -7.77824 495.239 5539.73 0.999947 0.000423808 0.0102406 0.00050352 -5.63422 13.9112 0 0.967568 0 0 0.252613 -22615 -6097.19 -259848 0.986583 0.0737009 -0.145628 0.00391337 
1576806149.162777 1576806149.665521 0.0126539 0.760622 0 0.999849 -0 0 -0.0173946 276.127 626.645 6877.91 0.999859 0.000346281 0.0167333 0.00119355 -5.995 14.5809 0 0.971815 0 0 0.235744 -24341.3 -6489.22 -253167 0.98885 0.0742714 -0.129012 0.00380666 
1576806149.665521 1576806150.066139 0.00803274 0.595405 0 0.999907 -0 0 -0.0136697 193.692 497.842 5439.26 0.999894 7.76502e-05 0.0145758 0.000584259 -6.26067 15.1138 0 0.974947 0 0 0.222437 -25552.1 -6803.43 -247847 0.990618 0.0744712 -0.114542 0.00329142 
1576806150.066139 1576806150.569759 0.0150048 0.736936 0 0.999795 -0 0 -0.0202429 402.218 641.133 6741.67 0.999791 -0.000363519 0.0202886 0.00237034 -6.56678 15.7843 0 0.97925 0 0 0.202656 -26702.1 -7173.45 -241171 0.992754 0.0744338 -0.0942421 0.00416956 
1576806150.569759 1576806150.971859 0.00863962 0.565872 0 0.999903 -0 0 -0.0139362 160.658 297.087 5122.25 0.999863 0.00509147 0.0156415 -0.00177248 -6.78345 16.3071 0 0.981979 0 0 0.188989 -27506.3 -7641.62 -236123 0.993721 0.0793764 -0.0788542 0.000765267 
1576806150.971859 1576806151.476455 0.0211711 0.697016 0 0.99961 -0 0 -0.0279225 669.186 864.912 6295.21 0.999604 -0.00544984 0.0275939 5.45306e-06 -7.0225 16.9622 0 0.986873 0 0 0.161496 -27843.4 -7788.84 -229744 0.995936 0.0739509 -0.0513977 -0.000990182 
1576806151.476455 1576806151.977629 0.0170683 0.712354 0 0.99977 -0 0 -0.0214363 540.964 702.171 6548.76 0.999765 -0.00263862 0.0202977 0.00712744 -7.23339 17.6429 0 0.990108 0 0 0.140304 -27980.6 -8063.5 -223142 0.996948 0.0716519 -0.030646 0.00474312 
1576806151.977629 1576806152.383587 0.00982855 0.585788 0 0.999815 -0 0 -0.0192489 319.123 474.007 5299.4 0.999813 -0.000262435 0.0192258 -0.00203748 -7.3867 18.2083 0 0.992626 0 0 0.12122 -27988.9 -8351.41 -217820 0.997379 0.0714056 -0.0116179 0.00134145 
1576806152.383587 1576806152.888306 0.0110038 0.661269 0 0.999848 -0 0 -0.0174474 316.358 318.22 6148.47 0.999809 0.00515791 0.0188045 0.000885092 -7.53515 18.8528 0 0.99459 0 0 0.103883 -27815.3 -8912.07 -211683 0.997038 0.0765719 0.00719577 0.000821299 
1576806152.888306 1576806153.495902 0.0140363 0.711617 0 0.999811 -0 0 -0.0194313 278.578 446.681 6075.03 0.999787 0.0102678 0.0177026 0.0027135 -7.66847 19.5519 0 0.99642 0 0 0.0845369 -27449.1 -9397.39 -205616 0.995909 0.0867879 0.0250437 0.00224495 
1576806153.495902 1576806154.097792 0.00882182 0.657064 0 0.999897 -0 0 -0.014363 282.459 551.09 5908.4 0.999874 0.00431226 0.0146904 0.00418746 -7.77047 20.2011 0 0.997532 0 0 0.0702166 -26870 -9872.82 -199723 0.995032 0.0909997 0.0400246 0.00524804 
1576806154.097792 1576806154.701767 0.00774777 0.630989 0 0.99995 -0 0 -0.00999682 -89.8795 499.334 5694.06 0.99991 0.00630759 0.010849 -0.00475266 -7.85119 20.827 0 0.998184 0 0 0.060241 -26502.2 -10412.1 -194043 0.99396 0.097515 0.0503505 -0.000216276 
1576806154.701767 1576806155.408256 0.0109992 0.689776 0 0.999929 -0 0 -0.0118981 102.818 1045.06 6450.72 0.999893 -0.00907682 0.0104799 0.00463137 -7.92322 21.5131 0 0.99883 0 0 0.0483602 -25743.8 -10636.6 -187556 0.994212 0.0882471 0.0612114 0.00290817 
1576806155.408256 1576806156.110292 0.00440028 0.643284 0 0.99998 -0 0 -0.00636985 -126.386 610.089 6076.33 0.999961 -0.00587625 0.00607401 0.00260487 -7.98099 22.1538 0 0.999118 0 0 0.0419968 -25123.5 -11102.2 -181497 0.994312 0.0822596 0.0674948 0.00460214 
1576806156.110292 1576806156.818624 0.00289477 0.626009 0 0.99999 -0 0 -0.00447552 -142.869 623.676 5880.8 0.999968 -0.00623561 0.00455689 0.00211139 -8.03064 22.7778 0 0.999296 0 0 0.0375248 -24470 -11448.2 -175628 0.994476 0.0759353 0.072226 0.00590566 
1576806156.818624 1576806157.523019 0.00376862 0.675292 0 0.999984 0 0 -0.00572961 -328.62 756.706 6501.81 0.999948 -0.0085624 0.00522586 -0.00167788 -8.07753 23.4515 0 0.999494 0 0 0.0317986 -23855.9 -11684.2 -169107 0.994707 0.0675683 0.0773424 0.00322149 
1576806157.523019 1576806158.125385 -0.000237523 0.669686 0 0.999999 0 0 -0.00145389 -290.107 794.251 6113.31 0.99999 -0.00302125 0.00288654 0.00124164 -8.12033 24.1198 0 0.999539 0 0 0.0303454 -23196.1 -11720.8 -162971 0.994675 0.0644757 0.0803066 0.00402782 
1576806158.125385 1576806158.628588 0.00285152 0.659981 0 0.999993 0 0 -0.0037331 -262.306 746.546 6424.72 0.999923 -0.0117066 0.00274627 0.00319265 -8.15752 24.7787 0 0.999646 0 0 0.0266138 -22423.5 -11805.3 -156545 0.995119 0.0525811 0.083285 0.00608597 
1576806158.628588 1576806159.032294 0.00118193 0.629952 0 0.999997 -0 0 -0.00263081 -277.055 660.036 5862.78 0.999966 -0.00775002 0.00224648 0.00156803 -8.18986 25.4078 0 0.999712 0 0 0.0239839 -21723.3 -11762.3 -150680 0.995296 0.0447502 0.0856473 0.00688256 
1576806159.032294 1576806159.432590 0.00235607 0.685498 0 0.999995 -0 0 -0.00312215 -304.512 677.162 6452.8 0.999968 -0.00773924 0.00221382 -0.000278145 -8.22038 26.0927 0 0.999782 0 0 0.0208625 -20923.3 -11661.6 -144235 0.995423 0.037085 0.0878888 0.00584359 
1576806159.432590 1576806159.834903 0.00150591 0.734523 0 0.999997 -0 0 -0.00223794 -289.285 651.549 6646.41 0.999982 -0.00584072 0.00139276 -0.000836855 -8.24952 26.8266 0 0.999827 0 0 0.018625 -20045.6 -11501 -137610 0.995503 0.031352 0.0892766 0.00444547 
1576806159.834903 1576806160.237500 0.00158806 0.698172 0 0.999998 -0 0 -0.00217701 -396.059 674.211 6597.78 0.999991 -0.00370538 0.00213672 0.000115423 -8.27393 27.5244 0 0.999865 0 0 0.0164483 -19263 -11240.5 -131018 0.995419 0.0276622 0.091423 0.00416254 
1576806160.237500 1576806160.542143 0.000907111 0.508894 0 0.999999 -0 0 -0.00165712 -201.48 438.561 4799.11 0.999991 -0.00302213 0.00155019 0.00234892 -8.28976 28.033 0 0.999891 0 0 0.0147914 -18587.9 -11066 -126245 0.995343 0.0244454 0.0930429 0.00618149 
1576806160.542143 1576806160.941349 0.00121065 0.654883 0 0.999998 -0 0 -0.00181142 -353.019 632.941 6143.67 0.999993 -0.00320311 0.00139164 -0.00148499 -8.30792 28.6876 0 0.999916 0 0 0.0129802 -17799.9 -10731.7 -120118 0.995294 0.0214038 0.0944109 0.00437133 
1576806160.941349 1576806161.444334 0.00324609 0.806523 0 0.999992 -0 0 -0.00404687 -425.161 805.889 7479.85 0.999983 -0.0049155 0.00268067 0.00161087 -8.32562 29.494 0 0.99996 0 0 0.00893352 -16814.1 -10244.5 -112664 0.995122 0.0163707 0.0971333 0.00545309 
1576806161.444334 1576806161.846017 0.00133654 0.604439 0 0.999998 -0 0 -0.00222147 -310.011 521.832 5706.63 0.999989 -0.00383604 0.00254924 0.00113337 -8.33508 30.0983 0 0.999977 0 0 0.00671212 -16018.1 -9907.2 -106990 0.99492 0.012457 0.0997085 0.00616653 
1576806161.846017 1576806162.248714 0.000776859 0.575697 0 0.999998 -0 0 -0.00199715 -223.937 564.554 5398.95 0.999994 -0.00211603 0.00278377 0.00060471 -8.34203 30.674 0 0.999989 0 0 0.00471501 -15171 -9473.36 -101641 0.994658 0.0103085 0.102498 0.00652246 
1576806162.248714 1576806162.753650 0.00335782 0.698265 0 0.999993 -0 0 -0.00386364 -327.594 586.227 6370.71 0.999989 -0.00259509 0.00378094 0.00013571 -8.34526 31.3723 0 1 0 0 0.000851376 -14198.2 -9014.37 -95326.4 0.994286 0.00773792 0.106276 0.00635241 
1576806162.753650 1576806163.254155 0.000286965 0.669149 0 1 0 0 0.000556053 -423.346 556.127 6208.94 0.999999 -0.000994038 8.57054e-05 -0.000199797 -8.34611 32.0414 0 0.999999 0 0 0.00140743 -13305.3 -8551.56 -89159.7 0.994286 0.00677134 0.106366 0.00604745 
1576806163.254155 1576806163.758171 0.000406032 0.655028 0 0.999999 -0 0 -0.00103597 -335.192 499.444 6118.84 0.999998 1.50953e-05 0.00136144 0.00113276 -8.34755 32.6964 0 1 0 0 0.000371459 -12343.4 -8131.23 -83101.6 0.994132 0.00667408 0.107727 0.00716611 
1576806163.758171 1576806164.261254 0.00140968 0.682827 0 0.999998 -0 0 -0.00191364 -400.355 563.43 6304.25 0.999999 0.000470549 0.00153259 -0.000167327 -8.34664 33.3793 0 0.999999 -0 0 -0.00154218 -11390.8 -7648.11 -76850.2 0.993964 0.00717087 0.109246 0.00704022 
1576806164.261254 1576806164.673653 0.000256305 0.595769 0 1 0 0 -1.42833e-05 -402.052 520.626 5421.81 0.999998 -0.000966183 0.000252387 -0.00160176 -8.34455 33.975 0 0.999999 0 0 -0.00155647 -10611.6 -7202.8 -71462.9 0.993953 0.00638727 0.109492 0.00534075 
1576806164.673653 1576806165.165852 -0.000291708 0.705493 0 1 -0 0 -0.000188631 -454.37 650.097 6622.61 0.999999 -0.00134551 -0.000258479 0.000611931 -8.34265 34.6805 0 0.999998 -0 0 -0.0017451 -9619.15 -6634.59 -64891.7 0.993985 0.0049815 0.109246 0.0058033 
1576806165.165852 1576806165.669985 0.000362932 0.674419 0 1 0 0 -0.000522286 -484.474 560.81 6310.7 0.999997 -0.00226969 0.000266628 -0.000782307 -8.33993 35.3549 0 0.999997 0 0 -0.00226738 -8726.98 -6134.46 -58620.5 0.993969 0.00281246 0.10952 0.0047764 
1576806165.669985 1576806166.170718 0.000142093 0.694883 0 1 -0 0 -0.000435807 -451.304 583.036 6525.4 0.999998 -0.00193063 0.000543561 0.000975052 -8.33664 36.0498 0 0.999996 -0 0 -0.00270319 -7751.73 -5585.68 -52149.6 0.993908 0.000789277 0.110072 0.00553259 
1576806166.170718 1576806166.573203 0.000735897 0.564813 0 0.999999 0 0 -0.00125354 -282.468 490.232 5320.37 1 -0.000163269 4.39417e-05 0.000561558 -8.33285 36.6146 0 0.999992 0 0 -0.00395672 -6868.49 -5100.5 -46895 0.9939 0.000565434 0.110117 0.00607272 
1576806166.573203 1576806167.075413 0.000225666 0.717139 0 1 -0 0 -0.000579152 -390.587 620.987 6610.61 0.999998 -0.00169313 -0.000343771 -0.000687142 -8.32695 37.3317 0 0.99999 -0 0 -0.00453587 -5809.95 -4482.91 -40357.7 0.993941 -0.00104379 0.109785 0.00520351 
1576806167.075413 1576806167.580497 -0.000126315 0.705073 0 1 0 0 0.000265045 -519.785 644.638 6578.34 0.999998 -0.0019437 0.000487135 4.78723e-05 -8.32068 38.0368 0 0.999991 0 0 -0.00427083 -4888.4 -3822.4 -33825.1 0.993883 -0.00297843 0.110279 0.0050382 
1576806167.580497 1576806168.080990 2.18354e-05 0.687699 0 1 0 0 5.9381e-05 -537.088 617.637 6476.1 0.999998 -0.00125852 0.00105449 0.00075627 -8.31478 38.7244 0 0.999991 0 0 -0.00421145 -3999.57 -3164.3 -27391.9 0.993758 -0.00430734 0.111331 0.00565419 
1576806168.080990 1576806168.484692 -0.000150848 0.53445 0 1 0 0 0.000187268 -290.575 454.453 5017.77 0.999997 -0.00214979 -0.000707666 0.000592312 -8.31043 39.2589 0 0.999992 0 0 -0.00402418 -3178.42 -2663.6 -22437.7 0.993821 -0.00651364 0.110637 0.0060004 
1576806168.484692 1576806168.987247 -6.84427e-06 0.652846 0 1 0 0 0.000127862 -447.313 602.908 6109.95 0.999996 -0.00257433 0.000277996 0.0014261 -8.30518 39.9117 0 0.999992 0 0 -0.00389632 -2279.66 -1978.26 -16386.4 0.993761 -0.00922815 0.110919 0.00713466 
1576806168.987247 1576806169.493324 -0.000335192 0.66774 0 1 0 0 0.000570169 -359.14 596.528 6262.89 0.999998 -0.0015215 -0.000938432 0.000440585 -8.30031 40.5794 0 0.999994 0 0 -0.00332615 -1259.75 -1261.47 -10209.5 0.993846 -0.0107957 0.109993 0.00739506 
1576806169.493324 1576806169.994785 -0.000169943 0.704506 0 1 0 0 0.000175051 -493.684 582.458 6476.35 0.999999 -0.000825431 0.000211613 0.00114658 -8.2958 41.2839 0 0.999995 0 0 -0.00315111 -336.478 -535.79 -3794.88 0.993805 -0.0117406 0.110197 0.00844608 
1576806169.994785 1576806170.499271 -0.000131352 0.678574 0 1 0 0 0.000693998 -490.881 557.212 6418.88 0.999997 -0.00174285 -0.000608398 -0.00181808 -8.29165 41.9625 0 0.999997 0 0 -0.00245711 578.481 175.957 2561.98 0.993863 -0.0132774 0.109628 0.00644003 
1576806170.499271 1576806170.999307 -0.000301689 0.663347 0 1 0 0 0.000184123 -414.785 527.426 6224.37 0.999999 0.000765003 -1.53788e-05 0.00117876 -8.28869 42.6258 0 0.999997 -0 0 -0.00227299 1520.7 872.112 8711.82 0.993866 -0.0126464 0.109592 0.00769521 
1576806170.999307 1576806171.504238 -0.000153626 0.659701 0 1 0 0 5.44409e-05 -380.693 527.61 6076.69 0.999999 0.00106511 -0.000552311 -0.000490596 -8.28585 43.2855 0 0.999998 0 0 -0.00221855 2462.23 1557.73 14711.2 0.993943 -0.0115383 0.109041 0.00731736 
1576806171.504238 1576806172.004702 -4.75733e-06 0.673228 0 1 0 0 -8.7e-05 -437.311 537.716 6300.46 0.999999 0.00108589 -0.000262255 -0.000493413 -8.28287 43.9587 0 0.999997 0 0 -0.00230555 3390.82 2244.55 20943.6 0.993987 -0.0104071 0.108778 0.00694231 
1576806172.004702 1576806172.408986 8.77176e-05 0.562217 0 1 -0 0 -0.000519611 -369.962 421.905 5257.47 1 0.000934617 -0.000213978 -0.000214596 -8.28019 44.5209 0 0.999996 -0 0 -0.00282516 4159.03 2778.77 26147.5 0.994021 -0.00945624 0.108561 0.00682844 
1576806172.408986 1576806172.910659 0.000929076 0.729422 0 1 0 0 -0.000902088 -466.736 668.5 6864.5 1 -0.000499136 0.000755561 -0.000270645 -8.27514 45.2504 0 0.999993 0 0 -0.00372724 5173.53 3580.93 32938.1 0.993936 -0.00991785 0.109318 0.00651237 
1576806172.910659 1576806173.312910 0.000420826 0.579751 0 0.999999 -0 0 -0.00121188 -330.95 535.834 5534.57 0.999999 -0.00104343 0.000887622 0.000697398 -8.27039 45.8301 0 0.999988 -0 0 -0.00493911 6044.42 4230.05 38401.5 0.993823 -0.0110254 0.1102 0.00710027 
1576806173.312910 1576806173.815297 0.000838855 0.688956 0 0.999999 -0 0 -0.001489 -329.035 563.513 6357.88 0.999999 -0.000851595 0.00121286 0.000659627 -8.26275 46.519 0 0.999979 -0 0 -0.00642809 7105.71 4938.8 44664.1 0.993674 -0.0119358 0.111404 0.00767534 
1576806173.815297 1576806174.320041 0.00162456 0.67763 0 0.999998 -0 0 -0.00219138 -338.081 544.291 6270.12 0.999998 -0.000673095 0.00199427 0.000546671 -8.25241 47.1966 0 0.999963 -0 0 -0.0086194 8153.36 5638.07 50839.7 0.993437 -0.0126502 0.113384 0.00816735 
1576806174.320041 1576806174.821391 0.00220642 0.65801 0 0.999992 -0 0 -0.00401372 -223.953 466.451 6251.73 0.999987 0.00197814 0.00446195 0.0011938 -8.23886 47.8544 0 0.99992 -0 0 -0.0126329 9333.38 6270.03 56968.3 0.992934 -0.0107838 0.117784 0.00963395 
1576806174.821391 1576806175.323903 0.00350078 0.670546 0 0.999986 -0 0 -0.00532296 -180.765 504.692 6180.58 0.999976 0.00349944 0.00585637 -0.000789975 -8.21842 48.5247 0 0.999839 -0 0 -0.0179553 10591.1 6917.89 63008.6 0.992266 -0.00715937 0.123571 0.00932466 
1576806175.323903 1576806175.826448 0.00640225 0.700455 0 0.999951 -0 0 -0.00993934 61.9994 499.605 6348.02 0.999944 0.00399763 0.00976701 -0.000226836 -8.18688 49.2244 0 0.999611 -0 0 -0.0278921 12197 7523.22 69141 0.991035 -0.00307316 0.13322 0.00966298 
1576806175.826448 1576806176.229015 0.00630613 0.580665 0 0.999936 -0 0 -0.0113289 106.496 471.507 5325.92 0.999925 0.00353986 0.0117005 0.00108191 -8.1482 49.8039 0 0.999231 -0 0 -0.0392149 13696.2 8042.74 74248 0.989402 0.000404121 0.144768 0.011242 
1576806176.229015 1576806176.732224 0.0137417 0.752897 0 0.999825 -0 0 -0.0187258 370.676 663.798 6975.29 0.999803 0.0037796 0.0190746 0.00390444 -8.0755 50.5534 0 0.998321 -0 0 -0.0579193 16034.8 8731.78 80827.4 0.9864 0.00379278 0.163571 0.0156423 
1576806176.732224 1576806177.135110 0.0102374 0.628328 0 0.999868 -0 0 -0.016265 320.889 484.541 5639.34 0.999857 0.00158478 0.0168565 -1.93171e-05 -7.99267 51.1763 0 0.997247 -0 0 -0.0741494 18144.5 9213.04 86067.4 0.983496 0.0056223 0.18015 0.0158163 
1576806177.135110 1576806177.535917 0.0108528 0.607197 0 0.999833 -0 0 -0.0182858 473.746 446.406 5568.21 0.999799 0.00263213 0.019656 0.00306886 -7.89213 51.7752 0 0.995725 -0 0 -0.0923724 20548.4 9645.04 91113.5 0.979694 0.00796789 0.199421 0.019195 
1576806177.535917 1576806178.043713 0.0194905 0.74264 0 0.999626 -0 0 -0.027354 772.366 512.942 6812.53 0.99958 0.00214711 0.0288646 0.00159212 -7.73636 52.5016 0 0.992825 -0 0 -0.119575 23905.1 10134.8 97093.7 0.973478 0.0103046 0.227587 0.0209449 
1576806178.043713 1576806178.444531 0.0155577 0.599569 0 0.999652 -0 0 -0.0263622 819.952 450.526 5378.53 0.999603 0.00100509 0.0279705 0.00326858 -7.57889 53.0803 0 0.989328 -0 0 -0.145706 27008.7 10565.5 101564 0.966647 0.0111209 0.254738 0.024059 
1576806178.444531 1576806178.848657 0.0172878 0.613897 0 0.99961 -0 0 -0.0279311 979.237 514.897 5534.26 0.999559 0.00224483 0.0295382 0.00210808 -7.38535 53.6632 0 0.984872 -0 0 -0.173283 30567.2 11079.6 105915 0.95862 0.0134596 0.283148 0.0263295 
1576806178.848657 1576806179.350333 0.0296325 0.779511 0 0.999224 -0 0 -0.0393795 1336.97 525.848 7080.75 0.999123 0.00125324 0.0416619 0.00386802 -7.09143 54.3857 0 0.977284 -0 0 -0.211932 35514.3 11605.1 111154 0.945865 0.0146509 0.322857 0.0298085 
1576806179.350333 1576806179.755832 0.0206029 0.620096 0 0.999451 -0 0 -0.0331464 1021.62 489.438 5478.2 0.999408 0.000337324 0.034368 0.00119451 -6.81581 54.9416 0 0.969723 -0 0 -0.244209 39648.8 12114.4 114888 0.934169 0.0156001 0.355181 0.0305261 
1576806179.755832 1576806180.254294 0.0311392 0.739259 0 0.999053 -0 0 -0.0435157 1566.65 595.82 6583.49 0.998894 0.00199205 0.0469752 -0.0004594 -6.43825 55.5779 0 0.958177 -0 0 -0.286176 45164.9 12766.4 118799 0.916434 0.0190409 0.398603 0.0300379 
1576806180.254294 1576806180.658000 0.0242144 0.615322 0 0.999237 -0 0 -0.0390507 1333.04 493.571 5488.55 0.9992 0.00258383 0.0399184 -4.58258e-05 -6.08056 56.0792 0 0.946271 -0 0 -0.323375 50068.4 13292.2 121596 0.899741 0.0226109 0.434788 0.0302417 
1576806180.658000 1576806181.066432 0.0280681 0.615612 0 0.998927 -0 0 -0.0463212 1532.5 446.111 5520.38 0.998866 -0.00138434 0.047599 -0.000312892 -5.6816 56.5489 0 0.930276 -0 0 -0.36686 55329.9 13771.1 123857 0.878065 0.0229152 0.477156 0.0282477 
1576806181.066432 1576806181.466562 0.0254036 0.60785 0 0.999138 -0 0 -0.0415214 1371.68 502.636 5470.41 0.999066 -0.00044163 0.0432154 -0.000512719 -5.24814 56.9758 0 0.914241 -0 0 -0.40517 60651.8 14297.8 125717 0.856649 0.0239714 0.514657 0.0265701 
1576806181.466562 1576806181.967384 0.0454284 0.781876 0 0.998435 -0 0 -0.0559252 2110.62 726.215 6953.56 0.998347 -4.99492e-05 0.0574243 0.00237935 -4.63838 57.4673 0 0.890151 -0 0 -0.455665 67766.4 15074.9 127170 0.825617 0.0241902 0.563057 0.0271622 
1576806181.967384 1576806182.371071 0.0220556 0.606379 0 0.999309 -0 0 -0.0371727 1165.84 510.446 5637.42 0.999235 -0.0029267 0.0389174 0.00231691 -4.13357 57.804 0 0.872598 -0 0 -0.48844 73431.1 15615.3 128180 0.803081 0.0215079 0.594893 0.026465 
1576806182.371071 1576806182.771233 0.0207868 0.566704 0 0.99939 -0 0 -0.0349178 1163.31 415.371 5109.06 0.999318 -0.00359582 0.0367349 -0.00140449 -3.63963 58.0825 0 0.85501 -0 0 -0.518611 78649.9 16093.3 128585 0.780794 0.0204132 0.624053 0.0223898 
1576806182.771233 1576806183.276041 0.0316039 0.747563 0 0.999072 -0 0 -0.0430643 1372.62 493.946 6604.14 0.999068 -0.00119139 0.0431253 -0.00118882 -2.96206 58.4 0 0.831884 -0 0 -0.55495 85389.2 16643.3 128733 0.753205 0.0211714 0.657146 0.0198169 
1576806183.276041 1576806183.777289 0.0277761 0.723649 0 0.999303 -0 0 -0.0373356 1182.37 586.721 6592.86 0.999227 -0.00270266 0.0391287 -0.00245835 -2.28325 58.6522 0 0.810584 -0 0 -0.585622 92080.2 17258.7 128490 0.727016 0.0215103 0.686112 0.0153455 
1576806183.777289 1576806184.178890 0.0150166 0.571163 0 0.999678 -0 0 -0.0253671 712.314 496.107 5245.67 0.999653 -0.000991088 0.0263154 -0.00105971 -1.73627 58.8174 0 0.795468 -0 0 -0.605996 97361.9 17737.4 128108 0.708746 0.0219132 0.704998 0.0133237 
1576806184.178890 1576806184.682028 0.0191949 0.706542 0 0.999592 -0 0 -0.028567 731.704 586.345 6493.48 0.999587 -0.00262902 0.028536 -0.00194589 -1.05 58.9865 0 0.777832 -0 0 -0.628473 103866 18279.7 127439 0.688419 0.0217929 0.724924 0.00946029 
1576806184.682028 1576806185.084250 0.00856184 0.556357 0 0.999883 -0 0 -0.0152935 375.983 370.134 5129.38 0.999835 -0.00172709 0.018048 -0.000725876 -0.504253 59.095 0 0.768129 -0 0 -0.640295 108975 18582.7 126814 0.675267 0.0212973 0.73723 0.0073137 
1576806185.084250 1576806185.588487 0.0144264 0.69269 0 0.999788 -0 0 -0.0206064 373.202 446.403 6271.65 0.999786 -0.00221108 0.0201159 -0.00438198 0.179715 59.2055 0 0.754772 -0 0 -0.655987 115199 18931.3 125908 0.660371 0.0231773 0.750578 0.00229464 
1576806185.588487 1576806186.088980 0.00966798 0.667564 0 0.999898 -0 0 -0.0142704 191.227 364.21 6060.66 0.999858 -0.00203867 0.0151435 -0.00715227 0.842111 59.289 0 0.745334 -0 0 -0.666692 121195 19137.7 124957 0.648974 0.0272308 0.760311 -0.00431 
1576806186.088980 1576806186.592432 0.00846748 0.682377 0 0.999934 -0 0 -0.0114888 69.4293 481.554 6203.73 0.999879 -0.00211481 0.0130873 -0.00814396 1.52121 59.3563 0 0.737625 -0 0 -0.67521 127327 19361 123924 0.638968 0.0319906 0.768481 -0.011559 
1576806186.592432 1576806187.095441 0.00677991 0.692742 0 0.999949 -0 0 -0.0100796 24.2188 330.834 6068.7 0.999878 0.000741231 0.00944972 -0.0124505 2.21185 59.4106 0 0.730782 -0 0 -0.682611 133299 19336 122796 0.63146 0.041919 0.774035 -0.0192457 
1576806187.095441 1576806187.497250 0.00302568 0.577253 0 0.999992 -0 0 -0.00395923 -303.29 892.908 5399.69 0.99995 -0.0065465 0.0054582 0.00525221 2.78797 59.4469 0 0.728073 -0 0 -0.685499 138709 19766.1 122024 0.627579 0.0336126 0.777537 -0.0212242 
1576806187.497250 1576806188.001468 0.00591365 0.739374 0 0.999976 -0 0 -0.00692697 -44.3115 500.682 6845 0.999954 0.00487845 0.00649071 -0.0050801 3.52636 59.4855 0 0.723308 -0 0 -0.690526 145428 19749.4 120625 0.622232 0.0404849 0.781508 -0.0208364 
1576806188.001468 1576806188.404258 0.000145223 0.584146 0 1 0 0 0.000815969 -383.191 442.282 5331.26 0.999996 0.000111384 -0.000383427 -0.00294659 4.10988 59.5125 0 0.723871 0 0 -0.689936 150729 19733.3 119808 0.622463 0.0428648 0.781149 -0.0225672 
1576806188.404258 1576806188.907906 -0.00574104 0.697 0 0.999953 0 0 0.00971517 -827.46 539.881 6637.89 0.999962 -0.00181406 -0.00848119 0.000396562 4.8058 59.5516 0 0.730539 0 0 -0.682871 157406 19650.2 119137 0.629151 0.0416156 0.775816 -0.023373 
1576806188.907906 1576806189.415437 -0.00490214 0.726336 0 0.999973 0 0 0.00740844 -742.81 673.729 6373.58 0.999929 -0.000761866 -0.00774592 -0.00900823 5.53016 59.6055 0 0.735578 0 0 -0.67744 163831 19729.8 118553 0.634937 0.0483031 0.770495 -0.0293076 
1576806189.415437 1576806189.816006 -0.00337347 0.561917 0 0.999987 0 0 0.00507981 -518.273 495.909 5282.05 0.999973 0.00457209 -0.00526661 0.00224267 6.0899 59.655 0 0.73901 0 0 -0.673694 169137 19640.7 118056 0.638823 0.0496312 0.767373 -0.0241057 
1576806189.816006 1576806190.318059 -0.00451796 0.694925 0 0.99998 0 0 0.00630482 -741.733 645.359 6546.4 0.999977 -0.00198898 -0.0062919 0.00177335 6.78144 59.7236 0 0.743243 0 0 -0.669022 175742 19591.2 117606 0.643778 0.0471503 0.763376 -0.0241863 
1576806190.318059 1576806190.819505 -0.00590586 0.698643 0 0.99997 0 0 0.00775021 -754.315 607.365 6563.25 0.999973 -0.000484268 -0.00734842 0.000404043 7.47562 59.8027 0 0.748406 0 0 -0.663241 182366 19523.6 117249 0.649402 0.0467065 0.758631 -0.0239487 
1576806190.819505 1576806191.221202 -0.00218812 0.562355 0 0.999992 0 0 0.00391942 -444.705 522.208 5271.69 0.999991 0.000659464 -0.00430758 -6.31151e-05 8.03363 59.8725 0 0.750999 0 0 -0.660303 187670 19513.9 116881 0.652632 0.0472854 0.75584 -0.023288 
1576806191.221202 1576806191.727718 -0.00275785 0.728696 0 0.999994 0 0 0.003328 -648.067 620.219 6645.73 0.999993 0.000547884 -0.0037484 2.55421e-05 8.75598 59.9685 0 0.753193 0 0 -0.6578 194368 19459.9 116561 0.655435 0.0477106 0.753402 -0.0226798 
1576806191.727718 1576806192.127516 0.000671609 0.630158 0 0.999998 -0 0 -0.00194254 -430.354 497.317 5787.74 0.999994 -0.00258631 0.00221134 -0.0011475 9.38049 60.0526 0 0.751914 -0 0 -0.659262 200180 19376.5 116192 0.653862 0.0468295 0.754733 -0.0254858 
1576806192.127516 1576806192.528860 0.00456648 0.712307 0 0.999977 -0 0 -0.006845 -221.777 575.022 6461.65 0.99998 -1.52453e-05 0.00637853 0.000298677 10.0873 60.1413 0 0.747383 -0 0 -0.664393 206633 19295.7 115497 0.649043 0.0464306 0.758902 -0.0256002 
1576806192.528860 1576806192.837000 0.00348824 0.601796 0 0.999984 -0 0 -0.00567854 -149.008 499.686 5497.5 0.999985 0.00253361 0.00477193 0.000215288 10.6853 60.2083 0 0.743598 -0 0 -0.668626 212111 19242.1 114796 0.6453 0.0477888 0.762063 -0.0237589 
1576806192.837000 1576806193.241252 0.0056245 0.803859 0 0.999974 -0 0 -0.00719679 -212.255 720.205 7401.83 0.999969 -0.00102295 0.0077231 0.00064776 11.4853 60.2878 0 0.738767 -0 0 -0.673961 219483 19224.7 113794 0.639459 0.0464501 0.76703 -0.0244888 
1576806193.241252 1576806193.540661 0.00390525 0.608614 0 0.99998 -0 0 -0.00624669 -116.86 604.161 5657.56 0.999984 -1.59353e-05 0.00536181 0.00177053 12.0917 60.3396 0 0.734543 -0 0 -0.678562 225103 19272.2 112899 0.63538 0.0449498 0.770528 -0.0236175 
1576806193.540661 1576806193.846109 0.00255196 0.626943 0 0.999989 -0 0 -0.00469066 -313.619 524.946 5657.58 0.999978 -0.00341427 0.00530936 0.00213719 12.7169 60.3867 0 0.731352 -0 0 -0.682 230741 19253 112134 0.631479 0.0410073 0.7739 -0.0251285 
1576806193.846109 1576806194.143842 0.00419517 0.590736 0 0.999973 -0 0 -0.0073493 -60.7516 564.907 5654.61 0.999969 0.00199136 0.0075828 0.000819595 13.3065 60.4237 0 0.72632 -0 0 -0.687357 236323 19300.6 111063 0.62553 0.0414387 0.778748 -0.02338 
1576806194.143842 1576806194.546513 0.00607473 0.816407 0 0.99998 -0 0 -0.00625832 -146.325 669.425 7407.93 0.999979 0.00109466 0.00633068 0.000396762 14.122 60.4626 0 0.722004 -0 0 -0.691889 243620 19308.1 109614 0.620551 0.0416656 0.782734 -0.0225412 
1576806194.546513 1576806194.848079 0.000847719 0.598845 0 0.999999 -0 0 -0.00152672 -377.402 503.507 5501.62 0.999998 -0.000258508 0.00181977 -0.00014451 14.7203 60.4873 0 0.720947 -0 0 -0.69299 249086 19316.6 108730 0.619133 0.0415772 0.78385 -0.022909 
1576806194.848079 1576806195.149502 0.00187394 0.60946 0 0.999996 -0 0 -0.00288828 -284.141 497.327 5611.32 0.999995 -0.00188308 0.00164724 -0.00191507 15.3294 60.5095 0 0.718942 -0 0 -0.69507 254634 19310.8 107711 0.617873 0.0418745 0.784743 -0.0256391 
1576806195.149502 1576806195.451231 0.00278752 0.624949 0 0.999991 -0 0 -0.00433501 -182.088 502.996 5690.6 0.99999 0.00107037 0.00375226 -0.00213376 15.954 60.5278 0 0.715922 -0 0 -0.69818 260231 19281.7 106555 0.614823 0.0441137 0.786992 -0.0262744 
1576806195.451231 1576806195.754622 0.00151376 0.676107 0 0.999999 -0 0 -0.00172096 -294.037 598.256 5985.99 0.999999 8.59464e-05 0.00165398 -1.84135e-05 16.63 60.5433 0 0.71472 -0 0 -0.699411 266142 19293.7 105396 0.613516 0.0441375 0.788009 -0.026291 
1576806195.754622 1576806196.055487 -0.000210242 0.685886 0 1 0 0 0.000440013 -473.775 596.774 6313.34 0.999997 -0.00234706 -8.69099e-05 -0.000250354 17.3157 60.5583 0 0.715027 -0 0 -0.699096 272408 19266.1 104311 0.61368 0.042897 0.787881 -0.0282902 
1576806196.055487 1576806196.357959 3.29089e-05 0.718718 0 1 0 0 0.000133096 -436.729 654.037 6574.91 1 5.44887e-05 0.000128333 -4.63379e-05 18.0342 60.5745 0 0.71512 0 0 -0.699001 278923 19263 103128 0.613575 0.0429633 0.787959 -0.0282812 
1576806196.357959 1576806196.657828 0.000803602 0.747467 0 0.999999 -0 0 -0.0015977 -375.081 638.628 6922.45 0.999997 0.00136708 0.00113706 0.00139326 18.7815 60.5907 0 0.714003 -0 0 -0.700143 285756 19212.4 101797 0.612658 0.042672 0.788753 -0.0263979 
1576806196.657828 1576806196.858977 0.000593099 0.517 0 0.999999 -0 0 -0.00107724 -278.013 514.877 4705.7 1 0.000137713 0.000724561 -0.000183126 19.2984 60.6002 0 0.713248 -0 0 -0.700912 290413 19273 100906 0.612076 0.0428817 0.789193 -0.0264324 
1576806196.858977 1576806197.160514 0.000770694 0.803964 0 1 0 0 -0.000668695 -521.925 697.985 7396.51 0.999999 -0.000513424 0.000355195 0.00109936 20.1023 60.6135 0 0.712779 0 0 -0.701388 297741 19252.1 99574.3 0.611846 0.0416904 0.789443 -0.0261799 
1576806197.160514 1576806197.361064 -3.74644e-05 0.552716 0 1 -0 0 -4.56771e-05 -341.795 491.989 5091.76 1 -0.000481139 -0.000301571 0.000141647 20.6549 60.6224 0 0.712747 -0 0 -0.701421 302781 19260 98637.5 0.612108 0.0412921 0.789252 -0.0264605 
1576806197.361064 1576806197.562089 0.00013173 0.567286 0 1 -0 0 -0.000407151 -403.166 498.933 5192.73 1 0.000975018 1.43724e-06 -0.000202393 21.2222 60.6314 0 0.712462 -0 0 -0.701711 307936 19263.9 97738 0.612061 0.0420486 0.78927 -0.0258149 
1576806197.562089 1576806197.866257 0.000208679 0.900515 0 1 0 0 0.000322047 -594.427 729.566 8044.82 0.999998 -0.00199048 -0.000118108 -0.000677389 22.1226 60.6449 0 0.712688 0 0 -0.701482 315909 19227.3 96314.8 0.612219 0.0413679 0.789116 -0.0277955 
1576806197.866257 1576806198.067286 -0.000350515 0.600653 0 1 0 0 0.000364272 -301.406 510.769 5493.55 0.999999 0.000535069 -0.000414513 -0.000888231 22.7231 60.6547 0 0.712943 -0 0 -0.701222 321330 19206.9 95243.2 0.612499 0.0424079 0.78884 -0.0278999 
1576806198.067286 1576806198.267864 0.000552294 0.614841 0 1 0 0 -0.000681544 -296.103 540.477 5607.94 0.999998 0.00156287 -0.000431454 -0.000955458 23.3379 60.6644 0 0.712465 0 0 -0.701708 326863 19196.7 94142.8 0.612745 0.0441308 0.788577 -0.0272339 
1576806198.267864 1576806198.469072 -0.000558687 0.629859 0 1 0 0 0.000752048 -431.791 578.798 5714.9 1 -0.000537864 -0.000308174 0.000488367 23.9677 60.6745 0 0.712992 0 0 -0.701172 332538 19202.2 93152.6 0.613025 0.0434245 0.788395 -0.0273452 
1576806198.469072 1576806198.672412 0.000472627 0.644331 0 1 0 0 -0.000759007 -345.681 555.887 5854.48 0.999999 0.00119405 -0.000553184 0.000548567 24.6119 60.6848 0 0.71246 0 0 -0.701713 338324 19179 92047.7 0.613424 0.0437391 0.788112 -0.0260435 
1576806198.672412 1576806198.873263 -0.00010347 0.660687 0 1 0 0 0.000218075 -420.934 653.943 5971.75 0.999999 -0.00140612 -7.05719e-05 0.000814345 25.2725 60.695 0 0.712613 0 0 -0.701557 344253 19248.3 90994.4 0.613561 0.0422365 0.788066 -0.026649 
1576806198.873263 1576806199.074459 -1.02599e-05 0.668473 0 1 -0 0 -0.000203376 -426.745 540.776 6146.85 0.999998 0.00181142 -0.000563931 0.000632424 25.9409 60.7054 0 0.71247 -0 0 -0.701702 350341 19195.2 89903.3 0.613945 0.0428645 0.787794 -0.0248096 
1576806199.074459 1576806199.280184 -0.000488067 0.755133 0 1 0 0 0.000905132 -367.123 618.711 6228.3 1 0.000279332 -0.000385425 -0.000249528 26.696 60.7174 0 0.713105 0 0 -0.701057 356502 19226 88742.2 0.61423 0.0432421 0.787553 -0.0247262 
1576806199.280184 1576806199.481551 -0.000462485 0.673572 0 1 0 0 0.000548376 -475.49 625.403 6477.95 0.999998 -0.00190789 -0.000664142 0.000108253 27.3694 60.7294 0 0.71349 -0 0 -0.700666 362932 19233.9 87630.1 0.614837 0.0420013 0.787101 -0.0261335 
1576806199.481551 1576806199.682769 0.000246642 0.713373 0 1 0 0 -0.000252012 -408.503 602.434 6448.18 0.999999 0.00080046 -0.000755212 -0.00105162 28.0827 60.742 0 0.713313 0 0 -0.700846 369317 19221.2 86468.4 0.61537 0.0433409 0.786613 -0.0261183 
1576806199.682769 1576806199.883783 -0.000628835 0.726815 0 1 0 0 0.000705726 -446.415 585.398 6535.44 0.999999 0.000633439 -0.000229469 -0.00105293 28.8094 60.7555 0 0.713807 0 0 -0.700342 375794 19170.4 85332 0.615495 0.0445649 0.786442 -0.026258 
1576806199.883783 1576806200.086727 0.000925163 0.756578 0 0.999999 -0 0 -0.00141252 -383.392 645.152 6644.19 0.999998 0.00183956 -0.000318202 -0.000539624 29.5658 60.769 0 0.712817 -0 0 -0.70135 382368 19158.7 84111.8 0.615648 0.0461298 0.786269 -0.0251292 
1576806200.086727 1576806200.285384 0.000377708 0.744268 0 1 0 0 -0.000247098 -382.887 665.318 6724.74 1 -7.17309e-05 -0.000397621 -0.000251715 30.31 60.7807 0 0.712644 0 0 -0.701526 389023 19156.7 82876.3 0.615957 0.0462935 0.78601 -0.0253222 
1576806200.285384 1576806200.487281 -0.000677927 0.751273 0 1 0 0 0.000846971 -445.609 620.357 6806.91 1 -0.000116449 -0.000232256 0.000713163 31.0612 60.7932 0 0.713238 0 0 -0.700922 395768 19095.9 81686.5 0.616163 0.0456671 0.785897 -0.0249637 
1576806200.487281 1576806200.689663 -0.000337794 0.759783 0 1 0 0 0.000439404 -479.757 636.182 6855.25 0.999998 -0.00162634 -0.00042826 0.00109279 31.8209 60.8067 0 0.713546 0 0 -0.700608 402570 19054.2 80521.6 0.6166 0.0438168 0.785641 -0.0255489 
1576806200.689663 1576806200.892399 -0.000509756 0.77037 0 1 0 0 0.000617172 -379.061 690.84 6903.04 0.999999 0.000652965 -0.000847328 0.00015905 32.5911 60.8213 0 0.713978 0 0 -0.700168 409402 19077.2 79254.3 0.617241 0.0441161 0.785142 -0.0249007 
1576806200.892399 1576806201.094502 -4.75343e-05 0.82011 0 1 -0 0 -0.00038855 -399.708 671.005 6997.74 1 0.000694499 -0.000485388 -0.000162353 33.411 60.8374 0 0.713706 -0 0 -0.700445 416330 19074.7 77995.9 0.617587 0.0446843 0.784852 -0.0244342 
1576806201.094502 1576806201.292473 0.00126362 0.737466 0 0.999999 -0 0 -0.00155538 -481.449 615.676 6978.02 0.999999 -0.000574004 0.00083735 -0.000179858 34.1484 60.85 0 0.712616 -0 0 -0.701555 423253 19015.1 76827.4 0.616951 0.0444505 0.785347 -0.0250332 
