groundtruth: cam2wheel_ryp.roll = -0.148046, cam2wheel_ryp.yaw = -4.70919, cam2wheel_ryp.pitch = -7.91756, cam2wheel_xyz.x = 1.865, cam2wheel_xyz.y = -0.253, cam2wheel_xyz.z = 1.28
from_timestamp to_timestamp delta_pos_wheel delta_q_wheel delta_pos_cam delta_q_cam pos_wheel q_wheel pos_cam q_cam 
1576806353.150302 1576806387.054158 0 0 0 1 0 0 0 -23.3194 0.596449 16.6562 1 0.000113146 0.000534542 2.85444e-05 0 0 0 1 0 0 0 255942 -3975.34 -24764.9 0.999275 0.035737 0.00422963 -0.0124241 
1576806387.054158 1576806390.877812 0.00934117 0.67188 0 0.999941 -0 0 -0.0108224 -144.79 305.024 4538.78 0.999961 -0.000952933 0.00872284 -0.00049117 0.00934117 0.67188 0 0.999941 -0 0 -0.0108224 255840 -3992.28 -20214.8 0.999228 0.0346771 0.0129166 -0.0132302 
1576806390.877812 1576806393.190391 0.00182661 0.6818 0 0.999998 0 0 -0.00201454 -310.235 406.845 4578.46 0.999993 0.00280145 0.0022034 -0.000627757 0.0259238 1.35348 0 0.999918 0 0 -0.0128367 255655 -3897.49 -15612.5 0.999087 0.0374551 0.0151335 -0.0138976 
1576806393.190391 1576806394.198653 0.000276535 0.680573 0 1 0 0 -0.000144716 -381.822 524.23 4420.91 1 0.000135696 0.000753013 0.000384103 0.0436715 2.03382 0 0.999916 0 0 -0.0129815 255417 -3697.49 -11155.1 0.999076 0.0375744 0.0159021 -0.01354 
1576806394.198653 1576806395.302487 -0.00370579 0.649439 0 0.999934 0 0 0.0115104 -593.9 419.94 4278.35 0.999939 -0.00167792 -0.0109314 0.000522986 0.0568269 2.68314 0 0.999999 0 0 -0.00147121 254967 -3586.59 -6840.16 0.999258 0.0360354 0.00497677 -0.0126326 
1576806395.302487 1576806396.609999 -0.0343976 0.631605 0 0.998161 0 0 0.0606247 -2107.7 24.2325 4134.39 0.998132 -0.00782487 -0.0605671 0.00169443 0.0242879 3.31484 0 0.998249 0 0 0.0591562 252899 -3808.24 -2692.09 0.997996 0.0289057 -0.0555925 -0.00877221 
1576806396.609999 1576806397.816152 -0.0476887 0.650117 0 0.997396 0 0 0.0721223 -2416.87 574.738 4267.94 0.997446 -0.000417953 -0.0713494 0.00331054 -0.0998491 3.95478 0 0.991383 0 0 0.130998 250029 -3426.54 1309.1 0.991522 0.0292247 -0.126565 -0.00336026 
1576806397.816152 1576806399.225892 -0.0479408 0.66367 0 0.997329 0 0 0.073036 -2500.15 502.223 4337.91 0.997285 -7.48351e-05 -0.0736245 0.00147074 -0.318525 4.58322 0 0.979167 0 0 0.203055 246519 -3137.74 4903.16 0.979519 0.0295047 -0.199179 0.000268258 
1576806399.225892 1576806402.561461 -0.0469101 0.648729 0 0.997124 0 0 0.0757877 -2509.32 435.979 4303.57 0.996997 0.00052418 -0.0773572 0.00368083 -0.619534 5.1598 0 0.960962 0 0 0.27668 242525 -2923.56 7903.75 0.961152 0.0306419 -0.274245 0.00605089 
1576806402.561461 1576806406.184667 -0.0399239 0.580777 0 0.99786 0 0 0.065384 -2053.37 424.78 3590.6 0.998024 0.00148823 -0.0627624 0.00278473 -0.962178 5.63042 0 0.940815 0 0 0.338919 238877 -2712.4 9887.85 0.941978 0.0323957 -0.333951 0.0102305 
1576806406.184667 1576806408.396901 -0.0161279 -0.40303 0 0.999666 -0 0 -0.0258566 688.299 -284.326 -3185.76 0.999769 -0.00159359 0.0212811 -0.00261121 -0.71758 5.3097 0 0.949264 0 0 0.31448 241425 -2781.49 7837.44 0.948945 0.0302328 -0.313896 0.00761121 
1576806408.396901 1576806409.098557 0.00139272 -0.329264 0 0.999977 0 0 0.0067418 -37.6882 -188.211 -2192.37 0.999979 -0.000196617 -0.00647743 0.000146023 -0.519876 5.04639 0 0.947122 0 0 0.320872 242706 -2832.89 6048.74 0.946897 0.0300421 -0.32003 0.00800716 
1576806409.098557 1576806410.409393 0.00702346 -0.335959 0 0.999699 0 0 0.0245466 -494.463 -143.003 -2041.06 0.999639 -0.000173859 -0.0268753 0.000733949 -0.3101 4.78388 0 0.938961 0 0 0.344024 243554 -2847.03 4122.13 0.937953 0.0298863 -0.345339 0.00956227 
1576806410.409393 1576806412.922265 0.00182808 -0.124292 0 0.999851 0 0 0.017257 -165.696 -8.17312 -424.655 0.999949 -0.000483278 -0.00989998 0.00179438 -0.228405 4.69019 0 0.932884 0 0 0.360177 243703 -2828.12 3691.69 0.934484 0.0299565 -0.354549 0.0117076 
1576806412.922265 1576806414.932990 -0.00355822 0.230905 0 0.999866 0 0 0.016389 -630.078 176.269 2079.36 0.999829 0.000477613 -0.0184521 0.000945199 -0.38621 4.8588 0 0.926856 0 0 0.375417 241848 -2786.3 4834.99 0.927757 0.0305168 -0.371709 0.0129723 
1576806414.932990 1576806415.539125 -0.00776787 0.318109 0 0.999728 0 0 0.023305 -769.025 148.125 2101.41 0.999744 -0.000426858 -0.0226383 0.000391496 -0.613165 5.08183 0 0.917855 0 0 0.396916 239837 -2778.82 5827.74 0.919112 0.0299648 -0.392599 0.0141817 
1576806415.539125 1576806416.046813 -0.00726334 0.340311 0 0.999786 0 0 0.0207012 -723.089 220.83 2295.92 0.999798 0.000354058 -0.0201043 0.000562765 -0.866098 5.30962 0 0.909442 0 0 0.415831 237671 -2712.35 6899.03 0.911015 0.03022 -0.410986 0.0151595 
1576806416.046813 1576806416.542965 -0.00800874 0.371644 0 0.999774 0 0 0.0212632 -698.123 267.511 2505.76 0.999759 6.82319e-06 -0.0219132 0.00142166 -1.15243 5.54668 0 0.900394 0 0 0.435075 235321 -2616.58 8041.7 0.901767 0.030471 -0.430807 0.0171104 
1576806416.542965 1576806416.945415 -0.00406228 0.279582 0 0.999901 0 0 0.0140418 -546.949 142.49 1809.65 0.999903 -0.00117909 -0.0138486 0.000504799 -1.374 5.71724 0 0.894196 0 0 0.447675 233565 -2603.09 8756.47 0.895741 0.0293853 -0.443218 0.0184939 
1576806416.945415 1576806417.449693 -0.00509376 0.329285 0 0.999852 0 0 0.0172108 -580.503 232.06 2191.15 0.999844 -0.00139239 -0.0175473 0.0013628 -1.64068 5.91046 0 0.886359 0 0 0.462999 231462 -2526.97 9629.82 0.88784 0.028413 -0.458801 0.0208445 
1576806417.449693 1576806418.050882 -0.0088467 0.340115 0 0.999605 0 0 0.0280992 -954.65 208.587 2282.42 0.999567 -0.00146801 -0.0293773 0.00084116 -1.92489 6.0975 0 0.872999 0 0 0.487722 229040 -2488.16 10175.3 0.874001 0.0268709 -0.48463 0.0230905 
1576806418.050882 1576806418.756592 -0.012724 0.338557 0 0.999277 0 0 0.0380146 -1215.7 199.761 2338.3 0.999248 -0.00115704 -0.0387398 0.00132385 -2.21987 6.26415 0 0.853827 0 0 0.520556 226405 -2468.47 10385.4 0.85457 0.0255865 -0.518062 0.0258319 
1576806418.756592 1576806419.459992 -0.0111911 0.311719 0 0.999348 0 0 0.0360926 -1107.77 199.743 2078.73 0.999328 -0.000794318 -0.036621 0.00150001 -2.50209 6.39698 0 0.834483 0 0 0.551034 224042 -2435.34 10366.7 0.835005 0.0247216 -0.54895 0.0284449 
1576806419.459992 1576806420.169735 -0.0131386 0.347306 0 0.999337 0 0 0.0364014 -1156.61 178.409 2313.83 0.999385 0.000668854 -0.0350356 0.00084191 -2.82665 6.5213 0 0.813871 0 0 0.581045 221453 -2448.77 10223 0.815219 0.0247305 -0.577866 0.0296294 
1576806420.169735 1576806420.772406 -0.00835205 0.31716 0 0.999672 0 0 0.0256172 -833.766 191.896 2112.2 0.999672 0.00084057 -0.02559 0.000877689 -3.12933 6.6164 0 0.79872 0 0 0.601703 219176 -2431.39 10136.3 0.800117 0.0251566 -0.598541 0.0304823 
1576806420.772406 1576806421.376717 -0.00727472 0.332552 0 0.999771 0 0 0.0214141 -773.734 224.832 2234.92 0.999766 -0.000810568 -0.0215444 0.0016244 -3.45098 6.70116 0 0.785652 0 0 0.618669 216803 -2393.22 10025.7 0.787005 0.0248177 -0.615573 0.032802 
1576806421.376717 1576806421.881545 -0.0071156 0.337814 0 0.999798 0 0 0.020099 -659.961 212.258 2236.16 0.999812 -0.00105588 -0.0192772 0.00163271 -3.78104 6.77346 0 0.773058 0 0 0.634335 214464 -2373.25 9923.58 0.774964 0.0243548 -0.630554 0.0352092 
1576806421.881545 1576806422.280553 -0.006558 0.357678 0 0.999831 0 0 0.0183849 -582.154 230.549 2333.4 0.999842 -0.00149645 -0.0176823 0.00132826 -4.13312 6.83686 0 0.761265 0 0 0.648441 212050 -2349.13 9827.22 0.763681 0.0234062 -0.644072 0.0376072 
1576806422.280553 1576806422.583115 -0.00596963 0.346714 0 0.999859 0 0 0.0167661 -595.102 195.797 2277.43 0.999866 -0.000814378 -0.0162992 0.00122552 -4.47637 6.88611 0 0.750286 0 0 0.661113 209697 -2362.08 9623.72 0.753054 0.0229575 -0.656374 0.0394441 
1576806422.583115 1576806422.784349 -0.00329842 0.271956 0 0.999931 0 0 0.0117238 -450.979 173.365 1776.26 0.999933 0.000692421 -0.0115858 0.000417471 -4.74658 6.91707 0 0.742484 0 0 0.669864 207868 -2356.03 9417.96 0.745366 0.0232944 -0.665072 0.0395673 
1576806422.784349 1576806422.985743 -0.0030037 0.303775 0 0.999959 0 0 0.00903245 -393.681 204.013 1970.25 0.999956 0.000956523 -0.00934451 0.000459801 -5.04906 6.94524 0 0.736403 0 0 0.676543 205855 -2336.01 9248.41 0.739078 0.0239424 -0.672035 0.0394898 
1576806422.985743 1576806423.186733 -0.00177291 0.334286 0 0.999989 0 0 0.00461918 -311.532 219.221 2188.28 0.999984 0.000660848 -0.00557522 4.95778e-05 -5.3823 6.97174 0 0.73327 0 0 0.679937 203637 -2319.48 9143.66 0.735302 0.0242436 -0.67617 0.0392152 
1576806423.186733 1576806423.387280 -0.00114119 0.357728 0 0.999994 0 0 0.00336861 -251.029 254.983 2340.79 0.999994 -0.000281468 -0.00339286 -0.00042953 -5.73909 6.99757 0 0.730976 0 0 0.682403 201270 -2279.42 9086.73 0.733027 0.023613 -0.67866 0.0391717 
1576806423.387280 1576806423.589348 -0.00193722 0.393417 0 0.999985 0 0 0.00553819 -266.604 291.789 2464.21 0.999984 -0.00198431 -0.0051627 -0.000923805 -6.13172 7.02264 0 0.727185 0 0 0.686441 198776 -2211.94 9007.1 0.729595 0.0213289 -0.682378 0.0399625 
1576806423.589348 1576806423.791939 -0.00276841 0.391014 0 0.999978 0 0 0.0066923 -370.315 240.176 2589.57 0.999977 0.000862124 -0.00665353 -0.000886925 -6.52224 7.0424 0 0.722575 0 0 0.691292 196157 -2205.39 8807.72 0.725055 0.0210863 -0.68727 0.0388681 
1576806423.791939 1576806423.892421 -0.000464329 0.19889 0 0.999998 0 0 0.00212365 -167.298 129.569 1319.06 0.999998 0.000755227 -0.00202622 -0.000397179 -6.72096 7.05074 0 0.721105 0 0 0.692825 194825 -2191.72 8709.55 0.72366 0.0212821 -0.688775 0.0381037 
1576806423.892421 1576806424.092265 -0.00103321 0.401451 0 0.999997 0 0 0.00239335 -259.533 264.345 2617.12 0.999994 -0.000903191 -0.00318757 -0.000582082 -7.12213 7.06576 0 0.719445 0 0 0.694549 192185 -2153.07 8576.24 0.721502 0.020106 -0.691056 0.0383722 
1576806424.092265 1576806424.293118 -0.000462293 0.403151 0 0.999999 0 0 0.0011474 -238.921 233.772 2651.91 0.999998 0.000549764 -0.00172806 9.99618e-05 -7.52504 7.07949 0 0.718648 0 0 0.695374 189515 -2144.35 8448.88 0.720292 0.0205054 -0.692321 0.0380991 
1576806424.293118 1576806424.393178 -8.57364e-05 0.201749 0 1 0 0 0.000441499 -115.1 123.174 1312.6 1 0.000537958 -0.000571894 0.00014735 -7.72669 7.08604 0 0.718341 0 0 0.695691 188193 -2132.7 8384.27 0.719879 0.0209731 -0.69275 0.0378445 
1576806424.393178 1576806424.594109 -0.000360362 0.403372 0 1 0 0 0.000870657 -230.311 237.532 2658.4 0.999999 -0.000350401 -0.000980739 -4.98219e-05 -8.12986 7.0986 0 0.717735 0 0 0.696317 185518 -2121.58 8253.42 0.719208 0.0206492 -0.693443 0.0380719 
1576806424.594109 1576806424.795685 -0.000314531 0.404213 0 1 0 0 0.000953851 -229.873 259.271 2652.28 1 -8.37216e-05 -0.000522963 0.000582918 -8.5339 7.11053 0 0.71707 0 0 0.697001 182847 -2088.11 8117.03 0.718825 0.0209733 -0.693804 0.03856 
1576806424.795685 1576806424.895950 -0.000102213 0.199118 0 1 0 0 0.000485667 -102.197 89.9859 1313.99 1 0.000630111 -0.000377308 0.000482012 -8.73294 7.11607 0 0.716732 0 0 0.697349 181527 -2111.08 8060.65 0.718531 0.0217461 -0.694089 0.0384772 
1576806424.895950 1576806425.099004 -0.000363774 0.398108 0 1 0 0 0.000786615 -210.071 262.008 2595.35 1 0.000101861 -0.000573985 0.00077873 -9.13091 7.12662 0 0.716183 0 0 0.697913 178913 -2075.11 7937.18 0.7181 0.0223377 -0.694488 0.0389785 
1576806425.099004 1576806425.198954 -1.10274e-05 0.194574 0 1 0 0 -1.76804e-05 -98.8188 121.362 1313.59 1 7.52448e-05 -0.00023899 0.000348565 -9.32542 7.13164 0 0.716195 0 0 0.6979 177591 -2069.96 7880.92 0.717919 0.0226245 -0.694655 0.0391819 
1576806425.198954 1576806425.405730 -3.87153e-05 0.392969 0 1 0 0 -4.51804e-05 -137.573 89.9845 2364.17 0.999985 -0.000619646 -0.000620599 0.00539419 -9.71826 7.14177 0 0.716227 0 0 0.697868 175225 -2189.25 7821.6 0.71728 0.0259021 -0.694944 0.0434984 
1576806425.405730 1576806425.600072 0.000268585 0.370151 0 1 0 0 -0.000478144 -199.411 438.88 2490.39 0.999982 0.000149166 -3.6491e-05 -0.00604152 -10.0883 7.15164 0 0.71656 0 0 0.697525 172699 -2000.99 7693.72 0.7175 0.0218085 -0.69512 0.0390614 
1576806425.600072 1576806425.803118 -0.00021203 0.373209 0 1 0 0 0.000526791 -224.764 228.023 2473.73 0.999997 0.00209005 -0.000137267 -0.00140162 -10.4614 7.16148 0 0.716193 0 0 0.697902 170209 -1991.41 7544.69 0.717412 0.0223284 -0.695329 0.0366058 
1576806425.803118 1576806426.003576 -1.96426e-05 0.371933 0 1 0 0 4.40376e-05 -197.544 257.833 2410.97 1 -0.000947864 0.000235977 0.000155448 -10.8332 7.17108 0 0.716162 0 0 0.697934 167780 -1938.75 7419.66 0.717591 0.0217651 -0.695121 0.0373711 
1576806426.003576 1576806426.105276 2.98204e-05 0.183808 0 1 -0 0 -0.000228368 -50.8748 106.143 1252.23 1 -3.51399e-05 -0.000187769 -0.000268814 -11.0169 7.17585 0 0.716321 0 0 0.69777 166522 -1938.36 7407.53 0.717471 0.021546 -0.69526 0.0372067 
1576806426.105276 1576806426.304806 0.000142815 0.367005 0 1 -0 0 -0.000405432 -175.864 228.262 2428.28 0.999999 0.000229745 5.44473e-05 -0.00105925 -11.3838 7.18562 0 0.716604 0 0 0.69748 164079 -1915.77 7305.48 0.717543 0.0209764 -0.695252 0.0362858 
1576806426.304806 1576806426.505596 0.000304835 0.366249 0 1 0 0 -0.000696925 -175.244 256.889 2408.34 0.999998 0.00110124 -6.21487e-05 -0.00156144 -11.7499 7.19583 0 0.71709 0 0 0.69698 161654 -1857.81 7203.09 0.717532 0.0206787 -0.695368 0.034401 
1576806426.505596 1576806426.711583 0.000210901 0.366527 0 1 0 0 -0.000275637 -179.758 195.918 2404.14 0.999999 0.00136559 -5.29087e-05 -0.000728969 -12.1163 7.20646 0 0.717282 0 0 0.696783 159237 -1852.6 7097 0.717491 0.0211498 -0.695467 0.0329294 
1576806426.711583 1576806426.911574 -0.000468488 0.357011 0 1 0 0 0.000346063 -156.343 150.404 2368.12 0.99997 0.000478859 -5.74331e-05 -0.00778463 -12.4731 7.21634 0 0.717041 0 0 0.697031 156861 -1885.78 7013.63 0.717676 0.0160769 -0.695668 0.0270112 
1576806426.911574 1576806427.014236 -0.000198998 0.180267 0 1 0 0 0.000722465 -80.0223 80.2877 1133.31 0.999997 -0.000656029 0.000244545 0.0024527 -12.6533 7.22124 0 0.716537 0 0 0.697549 155723 -1875.71 6968.28 0.717788 0.0173189 -0.695433 0.0292238 
1576806427.014236 1576806427.212748 0.000556608 0.346194 0 1 0 0 -0.000931328 -106.788 288.76 2202.96 0.999971 -0.00168979 0.000391725 0.00744066 -12.9994 7.23109 0 0.717187 0 0 0.696881 153504 -1733.83 6927.82 0.717851 0.0212914 -0.694953 0.0357321 
1576806427.212748 1576806427.415439 -0.000217554 0.348889 0 1 0 0 0.000364795 -179.104 207.878 2272.24 0.999998 0.00107863 6.61586e-05 -0.00145941 -13.3481 7.2409 0 0.716932 0 0 0.697143 151217 -1712.87 6820.25 0.717925 0.0210538 -0.694974 0.0339334 
1576806427.415439 1576806427.619230 0.000142623 0.36867 0 1 -0 0 -0.000428646 -117.819 197.618 2296.38 1 -0.000573879 -5.00922e-05 -0.0005613 -13.7167 7.25135 0 0.717231 0 0 0.696835 148910 -1695.9 6775.26 0.717921 0.02025 -0.695002 0.0339303 
1576806427.619230 1576806427.815553 0.000166326 0.32747 0 1 0 0 -0.000440894 -156.574 193.204 2275.58 1 -0.000534974 0.000122251 0.000198449 -14.044 7.26097 0 0.717538 0 0 0.696519 146623 -1680.01 6690.68 0.71801 0.020008 -0.694892 0.0344421 
1576806427.815553 1576806428.018878 9.4116e-05 0.350157 0 1 0 0 -0.000125785 -162.949 249.186 2264.32 1 -1.43975e-05 7.38889e-05 0.000704574 -14.394 7.27147 0 0.717626 0 0 0.696429 144342 -1608.59 6598.82 0.718037 0.0204898 -0.694824 0.0349565 
1576806428.018878 1576806428.220108 2.12485e-05 0.372082 0 1 0 0 6.1043e-05 -176.436 216.698 2292.93 0.999999 0.00145314 0.000173287 0.000569283 -14.7659 7.28264 0 0.717583 0 0 0.696473 142034 -1575.29 6495.41 0.718107 0.0219348 -0.694738 0.034352 
1576806428.220108 1576806428.419620 -0.000181287 0.352472 0 1 0 0 0.00049125 -171.412 209.752 2308.57 0.999999 0.000996588 -9.15422e-05 0.000448215 -15.1182 7.29298 0 0.717241 0 0 0.696825 139712 -1552.39 6398.55 0.718006 0.0229587 -0.694828 0.0339835 
1576806428.419620 1576806428.522081 -4.45192e-05 0.174277 0 1 0 0 0.000187464 -68.3754 112.396 1147.8 1 -0.00022114 -5.69636e-05 9.67344e-06 -15.2924 7.29797 0 0.717111 0 0 0.696959 138557 -1533.57 6366.92 0.717971 0.0228047 -0.694861 0.0341454 
1576806428.522081 1576806428.722936 0.000104875 0.349794 0 1 -0 0 -0.000421103 -129.225 203.505 2293.48 0.999999 -0.00156915 -0.00020751 -0.000339594 -15.6421 7.30804 0 0.717404 0 0 0.696657 136252 -1516.93 6311.16 0.717873 0.021435 -0.694963 0.0349966 
1576806428.722936 1576806428.923142 0.000196193 0.349747 0 1 0 0 -0.000423832 -154.125 225.328 2282.15 1 -0.000195748 -9.80291e-05 0.000113899 -15.9917 7.3185 0 0.717699 0 0 0.696353 133955 -1476.75 6228.73 0.717805 0.0213702 -0.695024 0.0352165 
1576806428.923142 1576806429.124785 -0.000106041 0.348709 0 1 0 0 0.000230255 -153.835 197.845 2304.78 1 -0.000268984 -9.78263e-05 1.3161e-06 -16.3402 7.32892 0 0.717539 0 0 0.696518 131638 -1466.32 6147.38 0.717743 0.0211746 -0.695085 0.0354065 
1576806429.124785 1576806429.325799 -0.00012345 0.348127 0 1 0 0 0.000447314 -167.958 200.927 2254.64 1 -0.000625321 -0.000216472 -3.18216e-05 -16.6882 7.33914 0 0.717227 0 0 0.696839 129371 -1449.18 6049.75 0.717607 0.020696 -0.695219 0.0358229 
1576806429.325799 1576806429.527190 -0.000120475 0.348047 0 1 0 0 0.000418596 -153.941 227.957 2282.95 1 -0.00038691 -0.00022022 0.000179874 -17.0361 7.34906 0 0.716935 0 0 0.69714 127073 -1407.01 5965.5 0.717455 0.0205355 -0.695359 0.0362255 
1576806429.527190 1576806429.734917 -3.37699e-05 0.363604 0 1 0 0 8.46599e-05 -152.107 205.928 2285.96 1 0.000427734 -0.000411897 0.000241232 -17.3996 7.3592 0 0.716876 0 0 0.6972 124775 -1387.88 5882.59 0.717151 0.0209952 -0.695665 0.0361096 
1576806429.734917 1576806429.936594 -5.72281e-06 0.347643 0 1 0 0 -3.48235e-05 -191.216 220.606 2324.41 0.999999 0.00113622 -0.000276707 -0.000187355 -17.7471 7.36887 0 0.716901 0 0 0.697175 122435 -1359.14 5759.63 0.716941 0.0216697 -0.695908 0.0351906 
1576806429.936594 1576806430.034965 -7.1599e-06 0.174066 0 1 0 0 8.4666e-05 -91.0264 109.245 1139.34 1 0.000420112 -0.000116504 -3.64885e-05 -17.9211 7.37372 0 0.716842 0 0 0.697236 121289 -1343.32 5701.44 0.716852 0.0219414 -0.696007 0.0348746 
1576806430.034965 1576806430.236101 -0.000159663 0.347077 0 1 0 0 0.000550569 -165.329 200.89 2285.72 0.999999 -0.00120477 -0.0004005 -0.000341478 -18.268 7.38318 0 0.716458 0 0 0.697631 118991 -1329.19 5601.78 0.716611 0.0208261 -0.696259 0.0354771 
1576806430.236101 1576806430.439021 -0.000162979 0.347635 0 1 0 0 0.000593211 -158.727 230.593 2263 1 0.000270526 -0.000535264 3.39551e-05 -18.6155 7.39227 0 0.716044 0 0 0.698055 116713 -1282.19 5505.58 0.716231 0.0210246 -0.696651 0.0353242 
1576806430.439021 1576806430.637870 -0.000357232 0.347273 0 1 0 0 0.000973856 -172.081 209.489 2257.6 1 0.000197465 -0.000501377 0.00010418 -18.9627 7.40075 0 0.715364 0 0 0.698752 114442 -1256.18 5393.87 0.715874 0.0212209 -0.697015 0.0352718 
1576806430.637870 1576806430.839560 -0.000215742 0.367376 0 1 0 0 0.000467663 -161.083 169.912 2259.03 1 -0.000763557 -0.000620521 -0.000114604 -19.33 7.40916 0 0.715037 0 0 0.699087 112173 -1269.93 5291.67 0.715461 0.0205725 -0.697434 0.0357351 
1576806430.839560 1576806431.043587 -6.67903e-05 0.344114 0 1 0 0 0.000319738 -153.88 241.004 2273.4 1 -0.000299358 -0.000813269 0.000118626 -19.674 7.41686 0 0.714813 0 0 0.699315 109885 -1213.44 5192.8 0.714896 0.020412 -0.698003 0.0360455 
1576806431.043587 1576806431.242016 -0.000102408 0.344722 0 1 0 0 0.000357477 -191.166 189.935 2260.3 1 -0.000124359 -0.000512183 2.25956e-05 -20.0187 7.42431 0 0.714563 0 0 0.699571 107613 -1208.27 5053.67 0.71454 0.0203204 -0.698364 0.0361589 
1576806431.242016 1576806431.442485 -8.99855e-05 0.345474 0 1 0 0 0.000235093 -186.028 203.345 2252.74 1 0.000107976 -0.000777373 0.000349908 -20.3641 7.43154 0 0.714399 0 0 0.699739 105347 -1189.15 4916.87 0.713982 0.0206138 -0.698916 0.0363493 
1576806431.442485 1576806431.644049 -0.00039599 0.348362 0 0.999999 0 0 0.00140234 -186.019 212.896 2270.51 0.999999 0.000523159 -0.000818174 0.000330118 -20.7124 7.43837 0 0.713417 0 0 0.70074 103064 -1163.49 4776.76 0.713387 0.0211883 -0.699512 0.0362362 
1576806431.644049 1576806431.747124 -0.000118583 0.176374 0 1 0 0 0.000610672 -102.324 104.581 1140.63 1 -0.00013744 -0.000373594 6.91731e-05 -20.8887 7.44141 0 0.712989 0 0 0.701176 101917 -1153.84 4695.68 0.713126 0.0211251 -0.699772 0.0363896 
1576806431.747124 1576806431.948142 -0.000221219 0.357603 0 1 0 0 0.00071883 -158.664 229.43 2326.14 1 0.000248194 -0.00078115 0.000460783 -21.2463 7.44716 0 0.712484 0 0 0.701688 99577 -1117.32 4578.24 0.712557 0.0215961 -0.700328 0.036561 
1576806431.948142 1576806432.148848 -0.00042122 0.364901 0 1 0 0 0.000950496 -201.434 242.819 2397.53 0.999999 0.000572311 -0.000828226 0.00050274 -21.6111 7.45231 0 0.711817 0 0 0.702365 97164.6 -1076.34 4415.44 0.711946 0.0223257 -0.700928 0.0365363 
1576806432.148848 1576806432.347925 -0.000139194 0.370144 0 1 0 0 0.000447223 -202.389 198.103 2404.16 1 -0.000176244 -0.000778507 0.000523483 -21.9812 7.45712 0 0.711503 0 0 0.702683 94749.6 -1082.73 4248.7 0.711385 0.0225387 -0.701464 0.0370499 
1576806432.347925 1576806432.548468 -0.000321072 0.374718 0 1 0 0 0.000756333 -196.163 239.012 2428.07 0.999999 -0.000460594 -0.000939228 0.000513461 -22.3559 7.46148 0 0.710971 0 0 0.703221 92307.6 -1052.82 4083.97 0.710717 0.0225364 -0.702103 0.0377594 
1576806432.548468 1576806432.650703 -8.64924e-05 0.20519 0 1 0 0 0.000417484 -100.001 114.696 1237.85 1 4.9514e-05 -0.000124116 4.32978e-05 -22.5611 7.46364 0 0.710678 0 0 0.703518 91063.5 -1046.06 3997.79 0.710627 0.0225973 -0.702192 0.0377582 
1576806432.650703 1576806432.852426 -0.000345163 0.38173 0 1 0 0 0.000931103 -198.522 241.466 2494.15 1 0.000290837 -0.000716852 -0.000220306 -22.9428 7.46716 0 0.710022 0 0 0.704179 88555.8 -1022.24 3826.29 0.710125 0.0226222 -0.702717 0.0374136 
1576806432.852426 1576806433.051253 -0.000121191 0.386872 0 1 0 0 0.000193443 -167.041 253.34 2541.69 1 -0.000534406 -0.000374641 -1.54764e-05 -23.3297 7.47023 0 0.709886 0 0 0.704317 86000.3 -988.742 3682.97 0.709874 0.0222178 -0.702963 0.0377866 
1576806433.051253 1576806433.152390 -1.16406e-05 0.194924 0 1 0 0 1.82183e-05 -80.7631 140.04 1267.15 1 -0.000491855 -0.000259997 1.17657e-05 -23.5246 7.47176 0 0.709873 0 0 0.704329 84725.1 -958.339 3612.77 0.709702 0.0218671 -0.703129 0.0381465 
1576806433.152390 1576806433.355275 1.39972e-05 0.39342 0 1 -0 0 -0.00010457 -174.412 248.015 2555.2 1 0.000683758 -0.000258813 -0.000165659 -23.918 7.47486 0 0.709947 0 0 0.704255 82156.7 -931.743 3459.03 0.709511 0.022226 -0.703342 0.0375538 
1576806433.355275 1576806433.555546 0.0001711 0.396006 0 1 0 0 -0.000279257 -179.876 262.669 2607.5 1 0.000283045 4.93931e-05 0.00012173 -24.314 7.47822 0 0.710144 0 0 0.704057 79535.1 -894.019 3298.72 0.709535 0.0225143 -0.703315 0.03744 
1576806433.555546 1576806433.655926 1.21674e-06 0.197714 0 1 0 0 -6.50314e-06 -89.6043 107.584 1299.64 1 0.000161496 -1.5533e-05 -4.20932e-05 -24.5117 7.47992 0 0.710148 0 0 0.704052 78230.3 -898.736 3219.5 0.709522 0.0225987 -0.703333 0.0372969 
1576806433.655926 1576806433.856590 7.92304e-05 0.394177 0 1 0 0 -0.000151023 -143.229 263.043 2588.15 1 -5.12358e-05 -8.42684e-06 -0.000465518 -24.9059 7.4834 0 0.710254 0 0 0.703945 75628.1 -858.505 3095.85 0.709534 0.0222346 -0.703347 0.0370028 
1576806433.856590 1576806434.061520 2.58043e-05 0.41442 0 1 -0 0 -0.000290203 -180.736 202.054 2551.94 0.999999 0.00103375 0.000426308 -6.19154e-05 -25.3203 7.48712 0 0.710459 0 0 0.703739 73066.9 -874.394 2935.56 0.709813 0.0229403 -0.703084 0.0362223 
1576806434.061520 1576806434.160897 6.64668e-05 0.194563 0 1 -0 0 -0.000442491 -73.2312 122.77 1276.6 0.999999 0.000898711 0.000390177 0.000384131 -25.5148 7.48903 0 0.71077 0 0 0.703424 71783.9 -860.078 2873.23 0.710052 0.0238624 -0.70283 0.0358541 
1576806434.160897 1576806434.360630 0.000367145 0.387078 0 0.999999 -0 0 -0.00104105 -168.001 219.739 2507.95 0.999999 -4.68326e-05 0.00112757 0.000410372 -25.9019 7.49342 0 0.711502 0 0 0.702684 69264.9 -855.458 2729.02 0.710831 0.024158 -0.702018 0.0361515 
1576806434.360630 1576806434.563163 0.000564492 0.384657 0 0.999999 -0 0 -0.00137251 -128.7 243.676 2531.23 0.999999 -0.000874491 0.000930348 0.0001812 -26.2865 7.49878 0 0.712466 0 0 0.701707 66720.7 -830.367 2629.7 0.711498 0.0236972 -0.70132 0.0368717 
1576806434.563163 1576806434.764220 0.000345356 0.382112 0 1 -0 0 -0.000837406 -155.691 236.49 2480.58 1 -0.000155195 0.000766901 6.76508e-05 -26.6686 7.50494 0 0.713053 0 0 0.70111 64227.1 -809.717 2507.44 0.712037 0.0236625 -0.700767 0.0370105 
1576806434.764220 1576806434.862813 8.08401e-05 0.190975 0 1 -0 0 -0.000423302 -71.5938 128.436 1246.08 1 -0.000150974 0.000274519 -0.000224971 -26.8595 7.50825 0 0.71335 0 0 0.700808 62973.7 -789.801 2454.38 0.712241 0.0234075 -0.700571 0.0369496 
1576806434.862813 1576806435.065532 0.000102805 0.383282 0 1 -0 0 -0.000210277 -141.928 265.888 2500.83 1 0.000101382 0.000282355 5.83354e-05 -27.2427 7.51515 0 0.713497 0 0 0.700658 60457.4 -740.604 2350.88 0.712434 0.023531 -0.700372 0.0369135 
1576806435.065532 1576806435.266505 -2.50011e-05 0.385557 0 1 -0 0 -4.292e-05 -173.776 236.941 2526.91 1 -0.000264202 0.00019956 -0.000605007 -27.6282 7.52212 0 0.713527 0 0 0.700628 57917 -723.365 2217.96 0.712602 0.0229264 -0.700234 0.0366628 
1576806435.266505 1576806435.367128 2.53887e-05 0.194332 0 1 -0 0 -0.00012738 -85.1429 128.731 1274.81 1 -0.000174892 -0.000156839 -0.000448469 -27.8225 7.5257 0 0.713616 0 0 0.700537 56634.6 -703.94 2153.76 0.712513 0.022482 -0.70035 0.0364693 
1576806435.367128 1576806435.566338 0.000284658 0.391835 0 1 -0 0 -0.000779311 -191.556 234.383 2564.33 0.999999 0.000409608 6.50882e-05 -0.0013012 -28.2143 7.53323 0 0.714162 0 0 0.69998 54056.9 -687.487 2003.99 0.712596 0.0218649 -0.700347 0.0352538 
1576806435.566338 1576806435.767110 0.00019142 0.39787 0 1 -0 0 -0.000425236 -175.876 251.69 2611.35 1 -0.000113056 5.84572e-05 -0.000294431 -28.6121 7.5414 0 0.71446 0 0 0.699677 51431.2 -650.436 1870.78 0.71265 0.0215802 -0.700308 0.0351219 
1576806435.767110 1576806435.867635 3.52637e-05 0.19956 0 1 0 0 -0.000100631 -91.1644 95.9118 1295.02 1 7.26368e-05 0.000182282 -4.2195e-05 -28.8116 7.54561 0 0.71453 0 0 0.699605 50131.3 -660.196 1801.45 0.712777 0.0216088 -0.700181 0.035037 
1576806435.867635 1576806436.070930 3.01169e-05 0.415426 0 1 0 0 4.36299e-05 -172.699 227.936 2631.16 1 0.000590876 0.000332122 0.000357348 -29.2269 7.5544 0 0.7145 0 0 0.699636 47487.8 -646.581 1673.48 0.712984 0.0222918 -0.699957 0.0348708 
1576806436.070930 1576806436.271868 7.40765e-05 0.384424 0 1 0 0 -0.000235266 -185.344 252.226 2596.13 1 -4.9403e-05 0.000554791 0.000692024 -29.6113 7.56256 0 0.714664 0 0 0.699468 44876.9 -607.908 1533.55 0.713349 0.0227603 -0.699544 0.0353864 
1576806436.271868 1576806436.370474 6.9575e-05 0.217197 0 1 0 0 -0.000278736 -85.7213 119.077 1314.89 1 -0.000522963 0.000124376 0.000169469 -29.8284 7.5673 0 0.714859 0 0 0.699268 43555.3 -598.646 1472.45 0.713442 0.0225102 -0.699433 0.0358703 
1576806436.370474 1576806436.572232 1.20976e-05 0.400884 0 1 -0 0 -0.000247209 -185.627 245.975 2606.66 1 -0.000655872 0.000329719 8.49405e-05 -30.2292 7.57615 0 0.715032 0 0 0.699092 40934.1 -571.731 1336.07 0.713684 0.0221135 -0.699172 0.0363822 
1576806436.572232 1576806436.775941 0.000232836 0.400604 0 1 0 0 -0.000447462 -159.018 254.105 2621.82 1 -0.000161164 1.78416e-06 0.000557717 -30.6297 7.58541 0 0.715345 0 0 0.698772 38297.7 -538.028 1228.16 0.713669 0.0223885 -0.699153 0.0368929 
1576806436.775941 1576806436.873819 3.74421e-05 0.200152 0 1 0 0 -6.04925e-05 -105.76 124.269 1285.6 1 -0.000102845 0.000278246 0.000496242 -30.8298 7.59014 0 0.715387 0 0 0.698728 37004.3 -523.883 1147.47 0.713847 0.0226723 -0.698939 0.0373127 
1576806436.873819 1576806437.074842 -9.82232e-05 0.398525 0 1 0 0 0.000193512 -172.293 251.972 2597.49 1 -0.000638751 0.000196258 0.000586804 -31.2282 7.59943 0 0.715252 0 0 0.698867 34391.9 -496.15 1027.26 0.713977 0.0226338 -0.698762 0.0381736 
1576806437.074842 1576806437.275834 5.00212e-05 0.393445 0 1 -0 0 -5.95677e-05 -167.883 248.056 2578.46 1 0.000141433 0.000367809 -0.00025717 -31.6215 7.60859 0 0.715293 0 0 0.698824 31798.7 -473.805 912.098 0.71424 0.0225691 -0.69851 0.0378828 
1576806437.275834 1576806437.376629 2.38061e-05 0.19565 0 1 -0 0 -0.000151672 -63.0255 124.034 1277.68 1 0.000161672 2.96303e-05 -0.00025512 -31.8171 7.61317 0 0.715399 0 0 0.698716 30514.1 -460.487 876.114 0.714267 0.0225075 -0.698501 0.037587 
1576806437.376629 1576806437.580175 0.000203361 0.410681 0 1 0 0 -0.000466878 -187.867 240.94 2568.92 1 0.000678477 0.000391253 -0.000599144 -32.2277 7.62307 0 0.715726 0 0 0.698382 27930.5 -442.142 742.979 0.714547 0.0225883 -0.69826 0.0366763 
1576806437.580175 1576806437.780923 0.000130209 0.386639 0 1 -0 0 -0.000555554 -194.493 239.754 2555.5 1 0.000110736 0.000488972 -0.000691791 -32.6142 7.63268 0 0.716113 0 0 0.697984 25360.3 -420.721 604.972 0.714911 0.0222023 -0.69793 0.0360936 
1576806437.780923 1576806437.880292 4.17594e-05 0.193736 0 1 0 0 -0.000206412 -91.0985 129.575 1246.93 1 -9.86394e-05 0.000389596 1.42474e-05 -32.8079 7.63769 0 0.716257 0 0 0.697836 24105.1 -395.896 542.428 0.715185 0.0221558 -0.697648 0.036164 
1576806437.880292 1576806438.082115 1.36412e-05 0.393023 0 1 0 0 -0.000127053 -153.431 235.876 2576.32 1 -0.000273308 5.73224e-05 0.000707817 -33.2008 7.64794 0 0.716346 0 0 0.697745 21515.2 -375.708 450.585 0.715205 0.0224562 -0.697581 0.0368596 
1576806438.082115 1576806438.281774 0.000204275 0.40024 0 1 -0 0 -0.000535632 -156.237 227.638 2587.74 0.999999 -0.000934663 0.000620421 0.000552081 -33.6009 7.65867 0 0.71672 0 0 0.697361 18914.5 -368.458 356.678 0.715638 0.0221957 -0.69709 0.0378925 
1576806438.281774 1576806438.383029 3.37766e-05 0.200271 0 1 0 0 -0.000143304 -51.6451 99.5273 1308.22 1 0.000383008 -6.90287e-05 2.93065e-05 -33.8011 7.66419 0 0.71682 0 0 0.697259 17601.6 -381.189 338.48 0.71558 0.0224876 -0.697153 0.037648 
1576806438.383029 1576806438.586959 0.000169036 0.406234 0 1 -0 0 -0.000532646 -213.212 246.151 2671.99 1 -4.40574e-05 0.000796149 0.000289688 -34.2071 7.67559 0 0.717191 0 0 0.696877 14913.9 -367.041 192.385 0.716125 0.022688 -0.696575 0.0378681 
1576806438.586959 1576806438.786902 0.000412954 0.411571 0 1 -0 0 -0.000907184 -193.55 272.832 2682.42 1 0.000289791 0.000618922 0.000382067 -34.6185 7.68783 0 0.717823 0 0 0.696226 12213.7 -328.331 69.9756 0.716535 0.0231851 -0.696134 0.0379258 
1576806438.786902 1576806438.885441 0.000100365 0.207836 0 1 -0 0 -0.000465508 -81.8441 126.765 1349.34 1 0.000199489 0.000194788 -0.000273392 -34.8263 7.69428 0 0.718147 0 0 0.695892 10856.7 -319.956 25.8051 0.716676 0.0231451 -0.696008 0.0375865 
1576806438.885441 1576806439.088255 0.000240402 0.419142 0 1 -0 0 -0.000506877 -165.218 263.876 2753.94 1 0.000154084 0.000369112 0.000212655 -35.2452 7.70771 0 0.7185 0 0 0.695527 8086.71 -296.137 -61.5374 0.716921 0.0234174 -0.695744 0.0376231 
1576806439.088255 1576806439.187354 4.11238e-05 0.211099 0 1 -0 0 -0.000188074 -143.691 136.681 1373.9 1 0.000282552 0.000628605 0.000123874 -35.4562 7.7146 0 0.71863 0 0 0.695392 6702.55 -281.119 -165.408 0.717347 0.0237298 -0.695301 0.0375006 
1576806439.187354 1576806439.388578 -0.000109136 0.422521 0 1 0 0 0.000403552 -174.061 263.587 2767.78 1 0.000357819 0.000105062 -0.000544112 -35.8785 7.72838 0 0.71835 0 0 0.695682 3918.33 -260.757 -255.592 0.717432 0.0236121 -0.695252 0.036859 
1576806439.388578 1576806439.497711 -3.19442e-05 0.228925 0 1 0 0 0.000102913 -112.72 147.304 1434.36 0.999999 -0.000925254 0.000223163 -0.00058985 -36.1073 7.73568 0 0.718278 0 0 0.695756 2473.85 -238.388 -324.704 0.71763 0.0225464 -0.695071 0.0370738 
1576806439.497711 1576806439.696920 5.09222e-05 0.420678 0 1 0 0 -1.40149e-05 -191.089 297.084 2830.63 0.999999 -0.000244818 -0.000133162 -0.00141347 -36.5277 7.74913 0 0.718288 0 0 0.695746 -376.314 -184.085 -428.691 0.717595 0.0213833 -0.695189 0.0362326 
1576806439.696920 1576806439.798724 -1.59454e-05 0.209856 0 1 0 0 0.00010231 -96.8153 145.422 1370.37 1 0.000482372 -0.000149919 -0.000377037 -36.7375 7.75581 0 0.718217 0 0 0.69582 -1756.32 -152.425 -483.748 0.717494 0.0214619 -0.695322 0.0356299 
1576806439.798724 1576806439.999723 0.000135508 0.441132 0 1 0 0 -0.000272567 -194.376 268.451 2774.21 1 -4.59449e-06 -0.000244933 -0.00040897 -37.1784 7.76991 0 0.718406 0 0 0.695624 -4547.79 -111.936 -593.877 0.717338 0.0211655 -0.695506 0.0353449 
1576806439.999723 1576806440.099714 -4.91605e-05 0.208263 0 1 0 0 0.000133827 -95.051 116.402 1341.45 1 -0.000152504 -9.61061e-05 -0.000293187 -37.3866 7.77657 0 0.718313 0 0 0.69572 -5896.51 -104.638 -648.6 0.717285 0.0208488 -0.695576 0.0352427 
1576806440.099714 1576806440.301176 -0.000103132 0.413421 0 1 0 0 0.000274078 -187.593 228.979 2726.24 1 -2.08576e-05 -0.000282456 0.000284962 -37.7998 7.78968 0 0.718122 0 0 0.695917 -8636.71 -95.6716 -754.624 0.717079 0.0210221 -0.695772 0.0354675 
1576806440.301176 1576806440.503936 -6.28378e-07 0.40939 0 1 0 0 -0.000122377 -188.259 253.104 2691.15 1 -0.000209738 -3.13259e-05 0.000178676 -38.209 7.80253 0 0.718208 0 0 0.695829 -11343.8 -61.4532 -864.41 0.717055 0.0209949 -0.695783 0.0357422 
1576806440.503936 1576806440.606821 -9.76913e-05 0.20323 0 1 0 0 0.000375426 -99.3912 118.127 1331.08 1 0.000416863 -9.0509e-05 0.000302444 -38.4121 7.80886 0 0.717946 0 0 0.696098 -12682.5 -52.2051 -924.935 0.716972 0.021501 -0.695856 0.0356709 
1576806440.606821 1576806440.803575 3.11751e-05 0.403719 0 1 0 0 -0.000127733 -205.936 255.529 2642.06 1 0.000560984 0.000238039 0.000581576 -38.8156 7.82137 0 0.718035 0 0 0.696007 -15341.4 -14.5535 -1054.58 0.717105 0.0223164 -0.695693 0.0356924 
1576806440.803575 1576806441.006202 7.49578e-05 0.400491 0 1 0 0 -0.000211289 -190.21 233.452 2632.91 1 -0.000127819 -6.02177e-05 0.000772067 -39.2159 7.83392 0 0.718182 0 0 0.695855 -17989 -0.784257 -1167.1 0.717038 0.0227597 -0.695714 0.0363363 
1576806441.006202 1576806441.107382 6.24074e-05 0.199056 0 1 -0 0 -0.000386234 -136.099 127.734 1283.27 0.999999 0.000633374 0.000785696 0.000630154 -39.4149 7.84026 0 0.718451 0 0 0.695578 -19281.9 16.9325 -1265.72 0.717547 0.0236808 -0.695159 0.0363296 
1576806441.107382 1576806441.308657 0.000756023 0.394654 0 0.999997 -0 0 -0.00229188 -155.089 241.128 2587.5 0.999996 0.00114085 0.00254837 0.000597124 -39.8093 7.85379 0 0.720043 0 0 0.693929 -21884.1 35.546 -1340.89 0.719267 0.025007 -0.693355 0.0359045 
1576806441.308657 1576806441.407114 0.000359228 0.195193 0 0.999998 -0 0 -0.00195265 -76.1342 119.124 1271.61 0.999997 -8.84671e-05 0.00227028 3.2729e-05 -40.0043 7.86135 0 0.721397 0 0 0.692522 -23163.2 43.8658 -1371.22 0.72084 0.0250475 -0.691716 0.0359325 
1576806441.407114 1576806441.608480 0.00189605 0.387388 0 0.999987 -0 0 -0.00501626 -22.4513 250.145 2550.65 0.999987 -0.00120936 0.00505265 4.68908e-05 -40.3913 7.87906 0 0.724862 0 0 0.688894 -25724.7 73.7671 -1290.42 0.724354 0.0243894 -0.68802 0.0366758 
1576806441.608480 1576806441.811735 0.00232792 0.39918 0 0.999981 -0 0 -0.00619857 -91.3789 245.317 2500.5 0.999983 -0.000272468 0.00589191 0.000128775 -40.7899 7.90168 0 0.729118 0 0 0.684388 -28238.5 101.799 -1255.19 0.728397 0.0244963 -0.683727 0.0368122 
1576806441.811735 1576806442.012830 0.00288513 0.378866 0 0.999973 -0 0 -0.00739918 64.1051 222.895 2477.51 0.999977 -6.64246e-05 0.00684483 -0.000182685 -41.1678 7.92852 0 0.734162 0 0 0.678974 -30717.2 111.985 -1036.33 0.733068 0.0245744 -0.678727 0.036556 
1576806442.012830 1576806442.111277 0.000491728 0.188644 0 0.999997 -0 0 -0.00237504 -94.5938 215.272 1238.78 0.999995 -0.000135472 0.00305816 0.000957895 -41.3558 7.94372 0 0.735772 0 0 0.677229 -31973.6 218.402 -1037.62 0.735108 0.0252369 -0.676453 0.0372748 
1576806442.111277 1576806442.312393 0.00106746 0.379477 0 0.999996 -0 0 -0.00266625 -72.7025 186.42 2418.24 0.99999 0.00318413 0.00307195 -0.000195354 -41.7339 7.97618 0 0.737575 0 0 0.675265 -34396.6 190.889 -910.503 0.737106 0.0275597 -0.674312 0.0348994 
1576806442.312393 1576806442.517462 0.00200696 0.380857 0 0.99998 -0 0 -0.00626372 -138.328 241.267 2557.95 0.999973 0.00168512 0.00707516 -0.00080408 -42.1131 8.0117 0 0.741791 0 0 0.670632 -36968 204.906 -821.951 0.741839 0.0285058 -0.66916 0.0329745 
1576806442.517462 1576806442.718588 0.00431517 0.383392 0 0.999926 -0 0 -0.0121952 95.0047 191.053 2491.72 0.999932 0.000177983 0.0115468 -0.00164912 -42.4941 8.05453 0 0.749914 0 0 0.661535 -39444.1 180.913 -471.591 0.749564 0.0279131 -0.660601 0.0313006 
1576806442.718588 1576806442.818897 0.00146786 0.192524 0 0.999969 -0 0 -0.00781947 67.0188 119.161 1257.72 0.999968 0.00070534 0.00790832 -0.000435769 -42.685 8.08 0 0.755064 0 0 0.655651 -40689 195.686 -247.009 0.754759 0.0284006 -0.654687 0.0302863 
1576806442.818897 1576806443.019952 0.00827939 0.404641 0 0.999767 -0 0 -0.0215961 353.261 196.919 2469.47 0.999808 0.000395437 0.0195273 -0.0014789 -43.0845 8.14495 0 0.769047 0 0 0.639192 -43091.8 191.141 451.929 0.767432 0.0283168 -0.639877 0.0283508 
1576806443.019952 1576806443.221179 0.00946734 0.383418 0 0.999688 -0 0 -0.0249785 455.26 333.647 2447.19 0.99969 -0.000298575 0.0248763 0.00110779 -43.4597 8.22437 0 0.784773 0 0 0.619783 -45436.2 331.88 1341.48 0.783089 0.029493 -0.620548 0.0286788 
1576806443.221179 1576806443.321529 0.0024619 0.191518 0 0.999917 -0 0 -0.0129134 248.856 94.7295 1227.59 0.999917 0.000120973 0.0128465 -0.000436571 -43.6454 8.27115 0 0.792711 0 0 0.609597 -46578.1 327.96 1864.77 0.791005 0.0296828 -0.610453 0.0278806 
1576806443.321529 1576806443.523580 0.0104115 0.384978 0 0.99962 -0 0 -0.0275771 504.227 191.695 2461.48 0.999606 0.00106074 0.0280297 -0.000659899 -44.0148 8.38007 0 0.809221 0 0 0.587504 -48839 323.611 2977.63 0.807791 0.0308888 -0.58809 0.0258681 
1576806443.523580 1576806443.725589 0.012026 0.382276 0 0.999478 -0 0 -0.032296 587.934 275.374 2489.88 0.99947 0.000994477 0.0325217 -0.000333884 -44.3746 8.50988 0 0.827773 0 0 0.561063 -51041.7 401.292 4305.41 0.826467 0.0323207 -0.561544 0.0239953 
1576806443.725589 1576806443.926436 0.0138374 0.380295 0 0.999326 -0 0 -0.0367211 766.601 87.0532 2370.03 0.999328 0.00103764 0.0364814 -0.00337701 -44.7227 8.6636 0 0.847817 0 0 0.530288 -52962.2 300.156 5890.84 0.846445 0.0321356 -0.53115 0.0194264 
1576806443.926436 1576806444.024968 0.00359139 0.191835 0 0.999824 -0 0 -0.0187694 394.52 194.248 1240.71 0.999824 0.000756472 0.0187331 0.000771007 -44.8936 8.75078 0 0.857621 0 0 0.514282 -53917.7 400.261 6790.73 0.856207 0.0335437 -0.51519 0.0190718 
1576806444.024968 1576806444.228435 0.0148151 0.384443 0 0.999239 -0 0 -0.0390025 810.966 212.657 2391.72 0.999209 0.00190951 0.0397089 -0.000718605 -45.2257 8.94493 0 0.877027 0 0 0.480441 -55659.1 426.358 8631.96 0.875937 0.0355392 -0.480844 0.0161257 
1576806444.228435 1576806444.427571 0.0160283 0.383913 0 0.99912 -0 0 -0.0419348 926.874 160.954 2412.35 0.999086 0.000740291 0.0426907 -0.00193782 -45.5406 9.16512 0 0.896403 0 0 0.443241 -57200.7 393.724 10712.1 0.895669 0.0359118 -0.443091 0.0125404 
1576806444.427571 1576806444.528105 0.00416377 0.194074 0 0.99977 -0 0 -0.0214363 471.845 230.574 1214.91 0.999767 0.000130551 0.0214934 0.00193323 -45.6923 9.28624 0 0.905698 0 0 0.423923 -57890 527.557 11834 0.904955 0.0371465 -0.423669 0.0134393 
1576806444.528105 1576806444.730578 0.0187111 0.41101 0 0.998968 -0 0 -0.0454222 979.447 222.715 2455.25 0.999024 0.000740705 0.0441466 -0.00135165 -45.996 9.5639 0 0.924019 0 0 0.382347 -59155.2 549.542 14165.5 0.922766 0.0378012 -0.383365 0.0102493 
1576806444.730578 1576806444.930635 0.017772 0.400985 0 0.999016 -0 0 -0.0443455 1000.2 310.977 2501 0.998995 -0.000247655 0.044812 -0.000122836 -46.2667 9.8602 0 0.940065 0 0 0.340995 -60231.6 655.364 16651.9 0.939029 0.0379469 -0.341631 0.00852665 
1576806444.930635 1576806445.031179 0.00454012 0.204052 0 0.999753 -0 0 -0.022217 465.699 119.81 1279.76 0.999744 -0.000368438 0.0226358 -0.000195547 -46.3941 10.0197 0 0.947409 0 0 0.320025 -60700 671.534 17936.2 0.946537 0.0377174 -0.320292 0.00760775 
1576806445.031179 1576806445.232283 0.0183674 0.415997 0 0.999054 -0 0 -0.0434754 1012.69 272.731 2546.37 0.999032 0.000845785 0.0439693 -0.000554806 -46.6317 10.3616 0 0.960427 0 0 0.278533 -61448.2 739.35 20585.6 0.959677 0.0386383 -0.278391 0.00514594 
1576806445.232283 1576806445.332407 0.00442734 0.211306 0 0.999784 -0 0 -0.020801 453.259 145.61 1289.53 0.99977 0.000562625 0.0214177 -0.000312799 -46.741 10.5425 0 0.966012 0 0 0.258495 -61758.3 779.916 21924.2 0.965399 0.0391925 -0.257788 0.0038604 
1576806445.332407 1576806445.535503 0.0172046 0.431497 0 0.999245 -0 0 -0.0388447 838.693 226.749 2696.46 0.999199 -0.000747676 0.0400121 -0.000104199 -46.9416 10.9249 0 0.975325 0 0 0.220776 -62378.7 785.85 24688.4 0.97497 0.0385669 -0.218955 0.00238128 
1576806445.535503 1576806445.636212 0.00399926 0.219813 0 0.999838 -0 0 -0.0179789 330.42 254.386 1396.5 0.999827 0.00101226 0.0185643 7.50785e-05 -47.0327 11.1251 0 0.979136 0 0 0.203205 -62681.4 928.952 26106.8 0.978827 0.0396078 -0.200817 0.00151646 
1576806445.636212 1576806445.835693 0.0158867 0.438517 0 0.999336 -0 0 -0.0364239 819.697 195.874 2728.21 0.999325 9.75006e-05 0.0366794 -0.00182217 -47.1926 11.5337 0 0.985888 0 0 0.167406 -63003.8 900.402 28943.9 0.985531 0.0393662 -0.164851 -0.00174052 
1576806445.835693 1576806445.936260 0.00395013 0.218786 0 0.99984 -0 0 -0.0179098 359.511 151.213 1368.95 0.99983 0.000660893 0.0184008 0.00051609 -47.2611 11.7415 0 0.988728 0 0 0.149722 -63110.3 939.81 30362.7 0.988372 0.0400639 -0.146667 -0.00206492 
1576806445.936260 1576806446.137243 0.0142308 0.440471 0 0.999518 -0 0 -0.0310501 722.06 277.581 2742.89 0.999494 0.000834315 0.0318053 0.00053692 -47.3779 12.1664 0 0.9929 0 0 0.11895 -63217.1 989.499 33210.2 0.992504 0.0408813 -0.115134 -0.00292981 
1576806446.137243 1576806446.237781 0.00311839 0.21987 0 0.9999 -0 0 -0.0141622 237.23 149.103 1385.66 0.999888 0.000740789 0.0149119 -0.00115402 -47.4268 12.3808 0 0.994485 0 0 0.104876 -63303.7 1022.98 34620.8 0.994076 0.0414354 -0.100366 -0.00476976 
1576806446.237781 1576806446.439274 0.0122448 0.435711 0 0.999618 -0 0 -0.0276382 571.539 260.58 2767.01 0.9996 0.000362055 0.0282788 -0.000291374 -47.5057 12.8095 0 0.997004 0 0 0.0773503 -63296.6 1047.18 37458.1 0.9965 0.0416146 -0.0722249 -0.00626558 
1576806446.439274 1576806446.541171 0.00337505 0.243379 0 0.999907 -0 0 -0.0136423 211.634 154.89 1378.86 0.999921 5.11594e-05 0.0125277 0.000808604 -47.5399 13.0505 0 0.997966 0 0 0.0637417 -63285.4 1084.5 38861.2 0.997329 0.0416422 -0.0597014 -0.00598434 
1576806446.541171 1576806446.740763 0.0105765 0.439581 0 0.999718 -0 0 -0.0237582 447.305 251.914 2790.41 0.999721 0.000559693 0.0235933 -0.00129108 -47.5854 13.4878 0 0.999199 0 0 0.0400138 -63173.2 1098.17 41696.2 0.998428 0.0419705 -0.0362049 -0.00828619 
1576806446.740763 1576806446.844381 0.00261063 0.222186 0 0.999932 -0 0 -0.0116403 210.552 135.361 1411.06 0.99993 0.00020226 0.0117867 -0.000205845 -47.6005 13.7095 0 0.999597 0 0 0.0283802 -63064.4 1111.5 43125.1 0.998775 0.0420644 -0.0244412 -0.00899315 
1576806446.844381 1576806447.042004 0.0103552 0.453832 0 0.999759 -0 0 -0.0219305 449.582 322.002 2869.75 0.999757 0.000969085 0.0219669 0.0017338 -47.6159 14.1632 0 0.999979 0 0 0.0064517 -62752.6 1183.44 46030 0.999044 0.0428669 -0.00241358 -0.008207 
1576806447.042004 1576806447.146520 0.00208227 0.233391 0 0.999963 -0 0 -0.0085604 110.265 148.074 1481.28 0.999957 0.000790764 0.00924413 8.66143e-05 -47.6169 14.3966 0 0.999998 -0 0 -0.00210876 -62648.2 1202.3 47519 0.99899 0.0435794 0.00683202 -0.00851829 
1576806447.146520 1576806447.343532 0.0063947 0.478744 0 0.999924 -0 0 -0.0122962 155.215 272.76 3062.55 0.999903 0.000519705 0.0138674 -0.000945405 -47.6084 14.8753 0 0.999896 -0 0 -0.0144047 -62448.7 1204.42 50591.1 0.998768 0.0439827 0.020648 -0.0100627 
1576806447.343532 1576806447.447765 0.00100825 0.245023 0 0.999992 -0 0 -0.00388325 3.81652 143.142 1563.58 0.999989 -0.000147265 0.00461918 0.000309253 -47.6004 15.1202 0 0.999833 -0 0 -0.0182875 -62378.6 1208.89 52159.7 0.998672 0.0437823 0.0252734 -0.00995993 
1576806447.447765 1576806447.545667 0.000694294 0.249751 0 0.999997 -0 0 -0.00252197 -37.3328 166.516 1597.84 0.999995 -0.000427936 0.00316417 0.000848516 -47.5906 15.3698 0 0.999783 -0 0 -0.020809 -62332.9 1234.86 53765.7 0.998613 0.0433017 0.0284661 -0.00926183 
1576806447.545667 1576806447.746656 0.000621741 0.509121 0 1 0 0 -0.000685299 -161.499 347.353 3345.11 0.999999 -0.000812585 0.00139341 0.000195968 -47.5688 15.8784 0 0.999769 0 0 -0.0214941 -62299.4 1292.38 57132.1 0.998609 0.0424717 0.0298585 -0.00914959 
1576806447.746656 1576806447.847207 -2.03641e-05 0.261187 0 1 0 0 -2.3562e-05 -102.786 147.157 1685.26 0.999999 -0.000323011 0.000298624 -0.000980844 -47.5575 16.1394 0 0.999768 -0 0 -0.0215177 -62299.7 1296.73 58826.9 0.998605 0.0421757 0.0301121 -0.0101514 
1576806447.847207 1576806447.947236 3.7874e-06 0.265307 0 1 -0 0 -0.000169104 -119.093 179.949 1724.7 1 0.000252151 0.000456716 -0.000467392 -47.5461 16.4044 0 0.999765 -0 0 -0.0216867 -62312.2 1331.78 60564.6 0.998575 0.0424369 0.030551 -0.0106298 
1576806447.947236 1576806448.048207 0.00014681 0.270353 0 1 -0 0 -0.000662623 -118.883 154.298 1725.04 1 -9.37126e-05 0.000675253 0.000645937 -47.5343 16.6745 0 0.99975 -0 0 -0.0223492 -62323.5 1340.38 62300.5 0.998565 0.0423164 0.0312517 -0.0100163 
1576806448.048207 1576806448.248783 0.00145586 0.54603 0 0.999997 -0 0 -0.00257858 -150.185 354.468 3538.47 0.999998 0.000157137 0.001673 0.00131384 -47.5084 17.22 0 0.999689 -0 0 -0.0249271 -62247.4 1394.86 65858.7 0.998517 0.0424154 0.0329794 -0.00877021 
1576806448.248783 1576806448.349269 0.000346449 0.278316 0 0.999999 -0 0 -0.00121255 -114.221 168.53 1806.15 0.999999 -0.000557327 0.00106824 -0.000161048 -47.4942 17.4979 0 0.999658 -0 0 -0.0261392 -62240.4 1410.4 67676.2 0.998503 0.0418548 0.0340343 -0.0089947 
1576806448.349269 1576806448.451552 0.00041206 0.306341 0 0.999999 -0 0 -0.00128035 -112.287 177.157 1824.39 0.999999 -0.000510122 0.00102459 -0.00046969 -47.4778 17.8038 0 0.999624 -0 0 -0.0274191 -62226.1 1435 69512.3 0.998485 0.0413522 0.0350331 -0.00952393 
1576806448.451552 1576806448.550434 0.000258872 0.287042 0 1 -0 0 -0.000909531 -111.905 193.736 1850.02 0.999999 -6.56262e-05 0.0009772 -0.000378774 -47.4618 18.0904 0 0.999599 -0 0 -0.0283283 -62205.5 1475.83 71375.3 0.998449 0.0412906 0.0359925 -0.00994483 
1576806448.550434 1576806448.652593 0.000231705 0.289783 0 1 -0 0 -0.000741326 -114.695 185.441 1860.83 0.999999 7.00123e-05 0.00114307 0.000245034 -47.4451 18.3797 0 0.999577 -0 0 -0.0290693 -62183.4 1507.78 73248.4 0.998407 0.0413403 0.0371446 -0.00974485 
1576806448.652593 1576806448.751918 0.000210137 0.293754 0 1 -0 0 -0.000762018 -107.238 191.775 1919.17 1 0.000315179 0.000771681 -0.000232737 -47.4278 18.673 0 0.999555 -0 0 -0.029831 -62145.2 1540.81 75179.5 0.998363 0.0416561 0.0379085 -0.00999741 
1576806448.751918 1576806448.852477 0.000268911 0.29696 0 1 -0 0 -0.000853225 -111.932 169.416 1902.53 1 0.000103145 0.000709095 -0.000137992 -47.4099 18.9694 0 0.999529 -0 0 -0.0306838 -62110.4 1551.79 77092.5 0.99833 0.0417572 0.0386117 -0.0101608 
1576806448.852477 1576806449.055369 0.000324871 0.604097 0 1 -0 0 -0.000590432 -230.848 367.871 3913.91 0.999999 -0.000675014 0.00111788 0.000639476 -47.3725 19.5723 0 0.999511 -0 0 -0.031274 -62033.5 1592.85 81029.4 0.99832 0.0410472 0.0397475 -0.00959512 
1576806449.055369 1576806449.155927 9.88832e-05 0.307023 0 1 -0 0 -0.000511125 -119.849 193.879 2008.27 0.999999 -3.62586e-05 0.00038865 0.00109319 -47.3532 19.8787 0 0.999495 -0 0 -0.0317848 -61990.8 1621.82 83050 0.998316 0.0409638 0.04018 -0.00852116 
1576806449.155927 1576806449.254832 0.000116042 0.311235 0 1 -0 0 -0.000386221 -117.884 175.951 1998.73 1 -5.88169e-05 0.000322315 0.000884416 -47.3333 20.1893 0 0.999482 -0 0 -0.0321709 -61945.7 1633.93 85059.3 0.998313 0.0408668 0.0405375 -0.0076538 
1576806449.254832 1576806449.359667 -4.16679e-05 0.315638 0 1 0 0 0.000164133 -145.995 188.844 2047.24 1 0.00025423 0.000412495 -0.000221133 -47.313 20.5043 0 0.999488 0 0 -0.0320068 -61923.3 1655.56 87120.2 0.998284 0.0411264 0.0409422 -0.00788111 
1576806449.359667 1576806449.456059 -0.000150609 0.316606 0 1 0 0 0.000422113 -168.401 190.507 2056.95 1 0.00031292 0.000231188 -0.000710342 -47.2929 20.8203 0 0.999501 0 0 -0.0315849 -61920.7 1677.25 89192.7 0.998255 0.041466 0.0411462 -0.00858692 
1576806449.456059 1576806449.556680 -5.33285e-05 0.321118 0 1 0 0 6.69316e-05 -180.712 180.006 2046.3 1 7.44219e-06 0.000236378 -0.000509971 -47.2727 21.1408 0 0.999503 0 0 -0.031518 -61930.4 1688.24 91254.8 0.998241 0.0414924 0.0413611 -0.0091055 
1576806449.556680 1576806449.657225 -2.50481e-05 0.32424 0 1 0 0 1.75609e-05 -163.685 208.216 2105.13 1 0.000322252 0.000133124 -0.00026012 -47.2523 21.4644 0 0.999504 0 0 -0.0315005 -61916.8 1722.15 93376.2 0.998219 0.0418236 0.0414861 -0.00935735 
1576806449.657225 1576806449.757801 -5.92692e-05 0.32745 0 1 0 0 0.000127473 -140.949 172.243 2137.16 1 0.000257962 -1.61885e-05 0.000192056 -47.2318 21.7912 0 0.999508 0 0 -0.0313731 -61878 1715.79 95524.5 0.998211 0.0420733 0.0414804 -0.00915426 
1576806449.757801 1576806449.857906 -3.8311e-05 0.33068 0 1 0 0 0.000103067 -140.091 179.862 2165.46 0.999999 0.00065821 -0.000250799 0.000745063 -47.2111 22.1212 0 0.999511 0 0 -0.03127 -61836.1 1713.52 97701.6 0.9982 0.0427017 0.0412674 -0.00837267 
1576806449.857906 1576806449.958754 -6.53369e-05 0.333804 0 1 0 0 0.000212294 -120.428 223.607 2155.91 1 0.000507358 -0.000198135 0.00063755 -47.1903 22.4543 0 0.999518 0 0 -0.0310578 -61775.5 1752.59 99871.2 0.998192 0.0431835 0.0411011 -0.00770687 
1576806449.958754 1576806450.059480 -0.000231035 0.336473 0 1 0 0 0.000623146 -186.368 208.345 2162.84 1 0.000123803 0.000187612 -0.000357054 -47.1696 22.7902 0 0.999537 0 0 -0.030435 -61781.2 1774.51 102052 0.998176 0.0433203 0.0412739 -0.00806629 
1576806450.059480 1576806450.160978 -9.40713e-05 0.378991 0 1 0 0 0.00015106 -160.466 211.345 2228.99 1 -0.000303756 -0.000367843 -0.000495454 -47.1466 23.1685 0 0.999541 0 0 -0.030284 -61754.8 1792.79 104296 0.9982 0.0430405 0.0408828 -0.00855744 
1576806450.160978 1576806450.262604 -5.73777e-05 0.34335 0 1 0 0 3.94588e-05 -170.699 208.617 2237.27 0.999999 -0.000161917 -0.00025265 -0.00102455 -47.1259 23.5112 0 0.999543 -0 0 -0.0302446 -61739.7 1809.11 106550 0.998208 0.0429229 0.0405851 -0.00957589 
1576806450.262604 1576806450.364251 3.25715e-05 0.345868 0 1 0 0 -1.72152e-05 -196.708 221.962 2284.93 1 -0.000413807 -0.000105325 -0.000102491 -47.105 23.8564 0 0.999542 0 0 -0.0302618 -61747.4 1835.72 108854 0.998229 0.042515 0.0404716 -0.00969047 
1576806450.364251 1576806450.463594 -0.000110091 0.35064 0 1 0 0 0.000280077 -195.486 223.397 2244.78 1 -0.000388252 -8.6459e-05 0.000265592 -47.0839 24.2064 0 0.99955 0 0 -0.0299818 -61757.6 1869.08 111118 0.998251 0.0421175 0.0403928 -0.00943738 
1576806450.463594 1576806450.562730 -0.000220204 0.351547 0 1 0 0 0.000591893 -185.15 225.818 2281.63 1 -0.000155206 -0.000203507 -0.000113888 -47.063 24.5574 0 0.999568 0 0 -0.0293902 -61754.9 1903.32 113418 0.998265 0.0419691 0.0401834 -0.00954877 
1576806450.562730 1576806450.663487 -0.000143519 0.354145 0 1 0 0 0.000575956 -157.303 223.235 2324.93 1 -0.000132788 -0.00026423 0.000225234 -47.0423 24.9109 0 0.999585 0 0 -0.0288145 -61722 1931.6 115758 0.998283 0.04183 0.0399278 -0.00931817 
1576806450.663487 1576806450.763244 -2.22014e-05 0.358119 0 1 0 0 -5.83017e-05 -243.259 209.153 2319.21 1 -0.000235133 0.000400906 -0.000289781 -47.0217 25.2684 0 0.999583 -0 0 -0.0288728 -61776.8 1948.28 118099 0.998274 0.0416031 0.0403137 -0.00963361 
1576806450.763244 1576806450.863777 8.13362e-05 0.359839 0 1 0 0 9.28018e-06 -138.883 229.065 2368.2 0.999999 -0.000612453 -0.000574887 -0.000567197 -47.0009 25.6277 0 0.999583 0 0 -0.0288635 -61721.3 1980.16 120481 0.998317 0.0410201 0.0397103 -0.0102006 
1576806450.863777 1576806450.964391 3.60935e-05 0.363411 0 1 0 0 -8.51408e-05 -213.831 244.3 2361.29 1 -0.000111565 0.000304982 -0.000738512 -46.9799 25.9905 0 0.999581 0 0 -0.0289486 -61743.4 2031.94 122864 0.998301 0.0409349 0.0399833 -0.0109548 
1576806450.964391 1576806451.065437 -6.83292e-05 0.366867 0 1 0 0 0.000128079 -185.092 218.162 2393.19 1 0.00020244 -0.000183774 -0.000269977 -46.9587 26.3567 0 0.999585 0 0 -0.0288206 -61733.5 2055.07 125274 0.998297 0.0411498 0.039791 -0.0112087 
1576806451.065437 1576806451.166025 -0.00015108 0.369843 0 1 0 0 0.000397967 -185.64 212.431 2401.36 1 0.000875597 2.27116e-05 0.00027506 -46.9376 26.726 0 0.999596 0 0 -0.0284228 -61724.5 2070.84 127692 0.998263 0.0420127 0.0398348 -0.0109002 
1576806451.166025 1576806451.266539 -3.52376e-05 0.371173 0 1 0 0 2.36982e-05 -183.607 237.067 2409.24 1 0.000879168 -8.32607e-05 0.000379734 -46.9165 27.0965 0 0.999597 -0 0 -0.0283991 -61712.1 2106.21 130120 0.998233 0.0428761 0.0397772 -0.0104826 
1576806451.266539 1576806451.369028 -1.83935e-05 0.372888 0 1 0 0 4.22515e-05 -155.023 219.922 2444.27 1 -0.00044709 -0.000234427 0.000576566 -46.8953 27.4688 0 0.999598 0 0 -0.0283568 -61669.3 2116.72 132578 0.998267 0.0424093 0.0395632 -0.00991478 
1576806451.369028 1576806451.467304 0.00014648 0.375835 0 1 -0 0 -0.000405465 -174.836 274.643 2460.16 1 -0.000473373 -3.33119e-05 0.000380914 -46.8739 27.8441 0 0.999586 -0 0 -0.0287621 -61645 2182.96 135059 0.998292 0.041922 0.0395414 -0.00955184 
1576806451.467304 1576806451.569824 -2.11386e-05 0.410096 0 1 0 0 0.000187489 -189.056 236.62 2474.91 1 -6.13689e-05 -4.63266e-05 0.000424895 -46.8503 28.2535 0 0.999592 0 0 -0.0285747 -61634.7 2212.67 137552 0.998301 0.0418444 0.0395124 -0.00912816 
1576806451.569824 1576806451.671788 -0.000396853 0.381202 0 0.999999 0 0 0.00101779 -234.553 242.031 2448.49 1 0.000653594 0.000268144 -0.000564442 -46.829 28.6341 0 0.99962 0 0 -0.0275573 -61672 2250.98 140023 0.998257 0.0425167 0.0397624 -0.00967703 
1576806451.671788 1576806451.769216 -0.000285822 0.348852 0 1 0 0 0.000815167 -169.653 225.804 2490.2 0.999999 0.000508959 -0.000629888 -0.00121621 -46.81 28.9824 0 0.999642 0 0 -0.0267425 -61640.3 2265.33 142529 0.998248 0.0430792 0.0390868 -0.0108441 
1576806451.769216 1576806451.869310 -0.00015902 0.383355 0 1 0 0 0.00039851 -232.898 213.492 2491.69 1 -0.000290113 -8.50408e-05 -0.000618809 -46.7897 29.3652 0 0.999653 0 0 -0.0263441 -61675 2265.82 145040 0.998257 0.0428147 0.0389721 -0.0114695 
1576806451.869310 1576806451.970206 -0.000116623 0.418005 0 1 0 0 0.00037373 -230.668 262.405 2535.94 1 -0.000655182 2.06996e-05 5.09994e-05 -46.7678 29.7827 0 0.999663 0 0 -0.0259705 -61703.2 2312.67 147600 0.998284 0.0421584 0.0389874 -0.011445 
1576806451.970206 1576806452.072295 -3.19923e-05 0.387281 0 1 0 0 -9.27362e-06 -172.383 235.413 2527.69 1 -0.000184425 -0.000279891 0.000790149 -46.7477 30.1694 0 0.999662 -0 0 -0.0259798 -61674.5 2335.54 150144 0.998312 0.0419467 0.0387392 -0.0106516 
1576806452.072295 1576806452.173396 -4.69832e-05 0.388518 0 1 0 0 0.000230159 -153.466 252.564 2520.46 0.999999 0.000246854 -0.000296297 0.00119919 -46.7276 30.5574 0 0.999668 0 0 -0.0257497 -61628.6 2376.75 152681 0.998325 0.0421498 0.0384963 -0.00943243 
1576806452.173396 1576806452.271757 -7.55913e-05 0.390209 0 1 0 0 0.000169809 -195.545 269.48 2598.25 1 -0.000180497 -4.74777e-05 0.000476827 -46.7076 30.9471 0 0.999673 0 0 -0.0255799 -61619.9 2427.72 155300 0.998339 0.0419517 0.0384673 -0.00896135 
1576806452.271757 1576806452.372274 -4.34954e-05 0.391869 0 1 0 0 -5.99405e-07 -209.825 250.94 2559.03 1 -0.000227949 0.000266392 -0.000283113 -46.6876 31.3385 0 0.999673 -0 0 -0.0255805 -61629.2 2464.69 157879 0.998335 0.0417326 0.0387193 -0.00926393 
1576806452.372274 1576806452.473413 0.000118704 0.393556 0 1 -0 0 -0.000253366 -192.827 213.206 2602.58 1 -0.000492089 -0.000210463 -0.000692956 -46.6673 31.7315 0 0.999666 -0 0 -0.0258338 -61617.6 2461.33 160498 0.998357 0.0412701 0.0384757 -0.009966 
1576806452.473413 1576806452.573547 1.88172e-05 0.361619 0 1 -0 0 -8.43279e-05 -212.487 219.309 2564.33 0.999999 -0.000257504 0.0001824 -0.00104498 -46.6486 32.0926 0 0.999664 -0 0 -0.0259181 -61629.4 2470.13 163080 0.99835 0.0410514 0.0386121 -0.0110267 
1576806452.573547 1576806452.673927 -6.87596e-05 0.428645 0 1 0 0 0.000331422 -224.649 241.503 2600.99 1 0.000475367 5.77759e-05 -0.000711462 -46.6265 32.5207 0 0.999673 0 0 -0.0255868 -61649.1 2499.58 165702 0.99832 0.0415528 0.0386458 -0.011721 
1576806452.673927 1576806452.774482 -0.000147396 0.397233 0 1 0 0 0.000398597 -204.453 237.136 2602.15 1 0.000378812 -0.000237463 0.000467379 -46.6063 32.9174 0 0.999683 0 0 -0.0251883 -61648.3 2521.71 168323 0.998319 0.0419157 0.0384326 -0.0112299 
1576806452.774482 1576806452.875091 -0.000128255 0.398419 0 1 0 0 0.000157862 -182.727 241.155 2597.28 0.999999 0.000118725 -0.000241959 0.00130878 -46.5864 33.3154 0 0.999687 -0 0 -0.0250305 -61627.4 2545.86 170937 0.998337 0.0419866 0.0382472 -0.0099086 
1576806452.875091 1576806452.977459 7.49516e-05 0.398927 0 1 -0 0 -0.000184531 -197.562 270.933 2628.45 0.999999 0.000192406 0.000196711 0.00144751 -46.5663 33.7138 0 0.999682 -0 0 -0.025215 -61619.6 2596.71 173586 0.998334 0.0421213 0.0385062 -0.00846438 
1576806452.977459 1576806453.076346 7.96091e-05 0.399796 0 1 0 0 -0.00012562 -166.498 274.27 2617.34 1 0.000281002 -0.000231101 0.000487756 -46.5461 34.1131 0 0.999679 0 0 -0.0253406 -61580.7 2650.41 176223 0.998335 0.042385 0.0382984 -0.00795688 
1576806453.076346 1576806453.177360 -2.64786e-06 0.399902 0 1 0 0 0.000102875 -199.794 261.272 2663.02 1 0.000455661 -0.000185459 -0.000263939 -46.5258 34.5124 0 0.999681 0 0 -0.0252377 -61573 2686.25 178906 0.998321 0.0428515 0.0381057 -0.00819507 
1576806453.177360 1576806453.279118 -0.000217883 0.400222 0 1 0 0 0.000593075 -212.64 258.905 2615.02 1 -0.000122036 -0.000150194 -0.000885188 -46.5059 34.9122 0 0.999696 0 0 -0.0246448 -61582.8 2721.58 181542 0.998324 0.0427646 0.0379168 -0.00907698 
1576806453.279118 1576806453.379740 -0.000286496 0.399251 0 1 0 0 0.000609691 -228.056 257.989 2632.01 1 -0.000380206 -0.000132642 -0.000592378 -46.4865 35.3109 0 0.999711 0 0 -0.0240353 -61607.4 2755.43 184196 0.99834 0.0424087 0.0377556 -0.00967711 
1576806453.379740 1576806453.480826 -0.000359996 0.445565 0 1 0 0 0.000836114 -177.353 256.618 2629.34 0.999999 -0.00117918 -0.000358207 -0.000323611 -46.4654 35.756 0 0.999731 0 0 -0.0231995 -61582.4 2789.37 186843 0.998399 0.0412471 0.0373728 -0.0100295 
1576806453.480826 1576806453.578705 -0.000387601 0.39853 0 1 0 0 0.000973855 -228.955 269.692 2635.53 1 -0.000450167 -0.000174429 -0.000674554 -46.4473 36.1541 0 0.999753 0 0 -0.0222258 -61609.9 2842.93 189502 0.998417 0.0408246 0.0371663 -0.0107126 
1576806453.578705 1576806453.679467 -2.178e-05 0.351078 0 1 0 0 4.45507e-05 -177.809 248.168 2606.48 0.999999 0.000340314 -0.000564211 0.0009846 -46.4317 36.5049 0 0.999754 0 0 -0.0221813 -61590 2878.92 192126 0.998434 0.0411338 0.0366468 -0.00969387 
1576806453.679467 1576806453.780043 -2.38606e-05 0.442066 0 1 0 0 0.00012804 -225.797 242.14 2627.43 0.999999 0.000391309 0.000113935 0.00125401 -46.4122 36.9465 0 0.999757 0 0 -0.0220533 -61619.6 2906.2 194774 0.998425 0.0414774 0.0368159 -0.00843216 
1576806453.780043 1576806453.880652 -2.18205e-05 0.394826 0 1 0 0 0.000151937 -208.784 182.42 2591 0.999999 -0.000101106 2.37683e-05 0.00104701 -46.3948 37.3409 0 0.99976 0 0 -0.0219014 -61635.4 2874.64 197379 0.998437 0.0413377 0.0368822 -0.00739151 
1576806453.880652 1576806453.981747 -0.00013764 0.394186 0 1 0 0 0.000331858 -210.281 236.352 2604.71 0.999999 0.000503082 -8.15595e-05 -0.00117732 -46.3776 37.7348 0 0.999767 -0 0 -0.0215696 -61650.7 2896.19 200003 0.99841 0.041884 0.0367558 -0.00854506 
1576806453.981747 1576806454.081985 -6.49575e-05 0.390114 0 1 0 0 0.00010244 -207.146 209.516 2563.9 1 0.000699508 -2.98988e-05 -0.000165019 -46.3609 38.1245 0 0.99977 -0 0 -0.0214672 -61666.7 2891.8 202584 0.99838 0.0425887 0.036725 -0.00868285 
1576806454.081985 1576806454.185052 0.000333545 0.38884 0 1 -0 0 -0.000736895 -201.814 155.415 2552.59 0.999999 0.00124856 -3.89295e-05 0.000191581 -46.3439 38.513 0 0.999753 -0 0 -0.0222039 -61679.4 2830.79 205148 0.998329 0.0438285 0.0367051 -0.00844406 
1576806454.185052 1576806454.285225 9.97739e-05 0.384386 0 1 0 0 -9.51979e-05 -179.981 249.251 2543.02 0.999999 0.00118833 0.000185113 -0.000481408 -46.3267 38.897 0 0.999751 0 0 -0.0222991 -61669.4 2857.39 207709 0.998265 0.0450309 0.0368788 -0.00888915 
1576806454.285225 1576806454.383574 -0.00019546 0.383434 0 1 0 0 0.000592584 -193.909 259.02 2570.94 1 -0.000455244 -0.000135308 -0.000232381 -46.3098 39.28 0 0.999764 0 0 -0.0217067 -61670.1 2885.29 210301 0.998288 0.0445862 0.0367292 -0.00913182 
1576806454.383574 1576806454.484109 -8.06435e-05 0.381102 0 1 0 0 0.000204717 -190.065 276.203 2531.65 1 -0.000564647 -2.77916e-05 -0.000224155 -46.2933 39.6608 0 0.999769 0 0 -0.021502 -61670.1 2936.13 212854 0.998312 0.044031 0.0366863 -0.00937509 
1576806454.484109 1576806454.584870 -3.37025e-05 0.37934 0 1 0 0 0.000144759 -167.589 231.827 2527.22 1 -0.000729167 -5.3321e-05 0.000219652 -46.2771 40.0398 0 0.999772 0 0 -0.0213573 -61649 2945.69 215397 0.998348 0.0432955 0.0366359 -0.00918021 
1576806454.584870 1576806454.687301 3.66283e-05 0.378475 0 1 -0 0 -0.000152517 -185.456 236.834 2520.58 1 -0.000319088 -9.2486e-05 0.000659934 -46.2609 40.4179 0 0.999769 -0 0 -0.0215097 -61646.5 2964.82 217935 0.998371 0.0429536 0.0365692 -0.00852905 
1576806454.687301 1576806454.789767 -0.000147582 0.404021 0 1 0 0 0.00046511 -145.816 213.654 2490.81 1 -0.000525398 -0.000232337 -0.000234158 -46.2436 40.8216 0 0.999779 0 0 -0.0210447 -61607.5 2964.49 220439 0.9984 0.0424396 0.0363227 -0.00877206 
1576806454.789767 1576806454.887128 -7.23472e-05 0.33923 0 1 0 0 0.000231089 -198.753 257.395 2489.33 1 -0.000738315 -8.95977e-05 4.5488e-05 -46.2294 41.1605 0 0.999783 -0 0 -0.0208137 -61621.7 3011.25 222949 0.998435 0.0417016 0.0362287 -0.00874966 
1576806454.887128 1576806454.987516 -0.00017305 0.371095 0 1 0 0 0.000556026 -191.785 206.855 2459 0.999999 -0.00108418 -0.000142418 -0.000404992 -46.2141 41.5313 0 0.999795 0 0 -0.0202578 -61632.7 3013.8 225424 0.998481 0.040635 0.0360601 -0.00918735 
1576806454.987516 1576806455.088043 -0.000115965 0.367344 0 1 0 0 0.000235639 -216.293 219.047 2481.71 1 0.000416204 0.000138583 -0.000710612 -46.1994 41.8983 0 0.9998 0 0 -0.0200222 -61666.8 3032.39 227925 0.998452 0.0410749 0.0361734 -0.0098875 
1576806455.088043 1576806455.190261 1.17285e-05 0.395667 0 1 -0 0 -0.000212744 -184.053 230.517 2400.94 1 0.000842992 -0.000177968 0.000203312 -46.1835 42.2937 0 0.999795 -0 0 -0.0202349 -61673.7 3066.52 230344 0.998426 0.041911 0.0360124 -0.0096467 
1576806455.190261 1576806455.289133 0.000133086 0.330059 0 1 -0 0 -0.000405558 -161.996 254.736 2416.04 1 0.000323696 -3.90464e-05 -6.51381e-05 -46.17 42.6235 0 0.999787 -0 0 -0.0206404 -61657.7 3119.07 232778 0.998413 0.0422369 0.0359738 -0.00969844 
1576806455.289133 1576806455.389692 2.14748e-05 0.360106 0 1 0 0 -8.75197e-05 -182.793 222.109 2401.4 1 -0.000563473 0.000211782 0.000725986 -46.1552 42.9833 0 0.999785 0 0 -0.0207279 -61664.5 3139.12 235196 0.998435 0.0416461 0.0362104 -0.00900281 
1576806455.389692 1576806455.492252 1.74894e-05 0.385067 0 1 0 0 -4.22954e-05 -188.892 233.246 2370.5 1 -0.000173368 6.03033e-05 0.000308433 -46.1392 43.368 0 0.999784 0 0 -0.0207702 -61678.4 3175.67 237585 0.998443 0.0414613 0.0362819 -0.00870365 
1576806455.492252 1576806455.592993 -5.01026e-05 0.353292 0 1 0 0 0.000127259 -163.358 179.503 2368.34 1 -5.64952e-05 0.000117222 -0.000350837 -46.1246 43.721 0 0.999787 0 0 -0.0206429 -61667.7 3159.29 239966 0.998438 0.0414166 0.0363839 -0.00906085 
1576806455.592993 1576806455.693111 -7.30424e-05 0.349894 0 1 0 0 0.00021176 -177.441 200.578 2320.64 0.999999 0.000550878 0.00010052 -0.00111888 -46.1102 44.0706 0 0.999791 -0 0 -0.0204312 -61673.6 3168.37 242302 0.998401 0.0420064 0.0364429 -0.0101621 
1576806455.693111 1576806455.791920 9.71706e-05 0.346495 0 1 -0 0 -0.000314557 -196.203 215.429 2319.31 1 -0.000258605 9.73957e-05 -0.000375991 -46.0959 44.4168 0 0.999785 -0 0 -0.0207457 -61697.4 3190.12 244639 0.998404 0.0417609 0.0365217 -0.010551 
1576806455.791920 1576806455.891966 -3.11432e-05 0.342949 0 1 0 0 0.00024685 -179.415 225.459 2314.89 1 -0.000398064 0.000126408 -0.000414741 -46.0817 44.7594 0 0.99979 0 0 -0.0204989 -61704.1 3223.15 246972 0.998412 0.0413773 0.0366264 -0.0109849 
1576806455.891966 1576806455.993692 3.87885e-05 0.341112 0 1 0 0 -6.59916e-05 -176.622 203.763 2287.79 1 -0.000583419 0.000185428 0.000224889 -46.0677 45.1003 0 0.999789 0 0 -0.0205649 -61709.8 3238.64 249275 0.998431 0.0407845 0.0368144 -0.0107894 
1576806455.993692 1576806456.095681 -7.50428e-05 0.339131 0 1 0 0 0.000272114 -183.474 201.436 2282.99 1 6.76477e-05 -5.03087e-05 -2.46791e-05 -46.0539 45.4391 0 0.999794 0 0 -0.0202928 -61722 3255.02 251575 0.99843 0.0408535 0.0367639 -0.0108095 
1576806456.095681 1576806456.194932 -7.81923e-05 0.306834 0 1 0 0 0.000265268 -174.942 209.748 2231.69 1 -3.69331e-05 0.000176762 0.000130479 -46.0415 45.7457 0 0.999799 0 0 -0.0200276 -61729.4 3283.44 253823 0.998426 0.0408099 0.0369453 -0.0106878 
1576806456.194932 1576806456.295106 -1.15462e-05 0.36165 0 1 0 0 -1.82632e-05 -191.722 227.687 2269 1 -0.000690278 8.93275e-05 0.000115028 -46.027 46.107 0 0.999799 0 0 -0.0200459 -61749.6 3327.13 256111 0.998452 0.0401155 0.0370318 -0.0106021 
1576806456.295106 1576806456.396298 1.39598e-05 0.328701 0 1 0 0 1.72304e-05 -169.046 231.735 2227.17 1 -0.000690099 3.24673e-05 -0.000191543 -46.0138 46.4355 0 0.999799 0 0 -0.0200286 -61749.8 3380.99 258356 0.998476 0.0394332 0.0370492 -0.0108202 
1576806456.396298 1576806456.496033 0.000132357 0.326741 0 1 -0 0 -0.000416141 -183.808 201.963 2191.89 1 -0.000787816 8.02613e-05 -0.000253637 -46.0006 46.762 0 0.999791 -0 0 -0.0204447 -61767.8 3411.35 260564 0.998501 0.0386551 0.0371108 -0.0111058 
1576806456.496033 1576806456.598193 1.35885e-05 0.323339 0 1 -0 0 -9.6483e-05 -153.556 189.358 2194.91 1 -0.000419687 8.13778e-05 -2.58172e-05 -45.9874 47.085 0 0.999789 -0 0 -0.0205412 -61755.3 3431.81 262772 0.998514 0.0382361 0.0371864 -0.0111503 
1576806456.598193 1576806456.697039 3.7344e-06 0.32005 0 1 0 0 3.5822e-05 -137.422 171.161 2162.93 1 0.000167347 -5.98208e-05 0.000176755 -45.9742 47.4048 0 0.99979 0 0 -0.0205054 -61729.3 3438.15 264946 0.998512 0.0383973 0.0371353 -0.0109653 
1576806456.697039 1576806456.797734 -6.40734e-05 0.316009 0 1 0 0 0.000236159 -185.642 193.284 2116.32 1 0.000289951 0.00016577 -0.00017476 -45.9613 47.7206 0 0.999795 0 0 -0.0202692 -61754.4 3470.35 267079 0.998493 0.0386915 0.0372973 -0.0111354 
1576806456.797734 1576806456.903389 -8.8789e-05 0.347031 0 1 0 0 0.000188217 -170.642 192.436 2108.98 1 -0.000306703 0.000194025 -0.000612186 -45.9473 48.0673 0 0.999798 -0 0 -0.0200811 -61764.4 3500.76 269203 0.99849 0.0384059 0.0374639 -0.0117656 
1576806456.903389 1576806456.998713 3.63457e-06 0.274893 0 1 0 0 -6.79724e-05 -189.692 191.644 2085.66 1 -0.000466977 0.000204362 -0.000204764 -45.9363 48.342 0 0.999797 0 0 -0.020149 -61794.3 3533.9 271306 0.998498 0.0379449 0.0376546 -0.0119954 
1576806456.998713 1576806457.101511 -0.000109589 0.339491 0 1 0 0 7.15013e-05 -179.562 191.835 2083.01 1 0.000375578 0.000182191 -0.000477448 -45.9227 48.6812 0 0.999798 0 0 -0.0200775 -61813.4 3569.19 273405 0.998471 0.0383357 0.0378229 -0.0124649 
1576806457.101511 1576806457.199425 7.13727e-05 0.267127 0 1 0 0 -0.000109786 -165.427 196.552 2010.63 1 0.000470316 4.38042e-05 -0.000234373 -45.9119 48.9481 0 0.999796 0 0 -0.0201873 -61822.9 3612.92 275432 0.998448 0.0388136 0.0378635 -0.0126828 
1576806457.199425 1576806457.400617 -5.66767e-05 0.624645 0 1 0 0 0.000295515 -340.736 381.978 4014.86 1 0.000290673 0.000147021 -0.000249386 -45.8868 49.5722 0 0.999802 0 0 -0.0198918 -61852.2 3686.22 279478 0.998428 0.0391114 0.0380043 -0.0129265 
1576806457.400617 1576806457.501148 -7.26028e-06 0.289816 0 1 0 0 4.22465e-05 -160.723 203.582 1973.31 1 0.000146637 0.000240541 0.000750016 -45.8753 49.8618 0 0.999803 -0 0 -0.0198496 -61858.8 3736.73 281468 0.998423 0.0392262 0.0382757 -0.0121815 
1576806457.501148 1576806457.601850 2.20065e-05 0.286541 0 1 0 0 -8.41357e-05 -123.506 159.35 1929.32 1 -4.31579e-05 -0.000111411 0.000437769 -45.8639 50.1481 0 0.999801 0 0 -0.0199337 -61831.9 3745.25 283407 0.998434 0.0391677 0.0381811 -0.0117417 
1576806457.601850 1576806457.704293 3.10165e-05 0.283016 0 1 0 0 -4.20325e-05 -176.097 158.553 1934.39 1 6.82567e-05 0.000328097 3.11916e-05 -45.8526 50.4309 0 0.9998 0 0 -0.0199757 -61857.6 3753.85 285356 0.998419 0.0392308 0.0385107 -0.0117208 
1576806457.704293 1576806457.803132 1.70718e-05 0.279537 0 1 0 0 -4.17888e-05 -153.863 148.113 1892.56 1 8.55103e-06 4.73823e-05 -0.000626767 -45.8414 50.7102 0 0.9998 0 0 -0.0200175 -61863.2 3754.63 287261 0.998409 0.0392629 0.0385335 -0.0123481 
1576806457.803132 1576806457.903653 6.01794e-05 0.27738 0 1 -0 0 -0.000221412 -127.42 146.575 1866.91 1 0.000127878 -8.83348e-05 -0.000776629 -45.8302 50.9874 0 0.999795 -0 0 -0.0202389 -61844.3 3755.32 289138 0.998398 0.0394216 0.0384164 -0.0131151 
1576806457.903653 1576806458.105919 0.000197062 0.541212 0 1 0 0 -0.000232015 -294.932 324.733 3697.39 0.999999 0.000555529 4.99991e-05 -0.000993377 -45.8081 51.5282 0 0.99979 0 0 -0.0204709 -61849 3790.99 292861 0.99836 0.0400137 0.0384344 -0.0140875 
1576806458.105919 1576806458.205551 6.12022e-06 0.266571 0 1 0 0 -6.64709e-05 -122.182 160.824 1822.14 1 0.000124452 -5.68677e-05 -2.45971e-05 -45.7972 51.7945 0 0.999789 0 0 -0.0205373 -61828 3806.74 294694 0.998357 0.0401397 0.0383784 -0.014105 
1576806458.205551 1576806458.307647 -1.81184e-05 0.263535 0 1 0 0 0.000127057 -136.308 149.137 1783.85 1 0.000172374 4.85819e-05 0.00021869 -45.7864 52.0578 0 0.999792 0 0 -0.0204103 -61824.5 3813.86 296489 0.998351 0.0403027 0.0384381 -0.013882 
1576806458.307647 1576806458.413923 -7.81292e-05 0.282197 0 1 0 0 0.000272192 -126.012 135.288 1751.99 1 4.34948e-05 1.73218e-05 0.000592906 -45.775 52.3398 0 0.999797 0 0 -0.0201382 -61813.4 3808.9 298251 0.998357 0.0403231 0.0384799 -0.0132891 
1576806458.413923 1576806458.610035 -1.1463e-05 0.508067 0 1 -0 0 -7.99202e-05 -227.307 298.852 3453.35 1 0.000114269 -0.000335526 0.000666166 -45.7545 52.8474 0 0.999796 -0 0 -0.0202181 -61769.5 3830.43 301724 0.998374 0.040416 0.0381733 -0.0126061 
1576806458.610035 1576806458.708201 5.05256e-05 0.227466 0 1 0 0 -0.000193454 -165.271 165.68 1698.79 1 -0.000135811 0.000357424 0.000447552 -45.7453 53.0747 0 0.999792 0 0 -0.0204115 -61801.8 3860.43 303438 0.998371 0.0402588 0.0385465 -0.0121789 
1576806458.708201 1576806458.808946 2.9781e-06 0.246404 0 1 -0 0 -0.000108762 -134.359 150.242 1657.39 1 -0.000509056 -4.34569e-06 0.000547736 -45.7352 53.3209 0 0.999789 -0 0 -0.0205202 -61805.6 3878.21 305108 0.998398 0.0397295 0.038558 -0.0116515 
1576806458.808946 1576806458.910021 2.52551e-05 0.263563 0 1 0 0 -6.0156e-05 -110.915 176.025 1654.81 1 8.83078e-06 -4.38392e-06 0.000220245 -45.7244 53.5843 0 0.999788 0 0 -0.0205804 -61785.7 3923.1 306775 0.998401 0.0397299 0.0385625 -0.0114311 
1576806458.910021 1576806459.111643 -0.000285148 0.476092 0 1 0 0 0.000526242 -247.041 271.508 3250.06 0.999999 0.00058836 -0.000232323 -0.000808528 -45.7051 54.06 0 0.999799 -0 0 -0.0200542 -61777.6 3937.86 310046 0.998376 0.0403511 0.0383051 -0.0122064 
1576806459.111643 1576806459.214192 -8.23419e-05 0.233015 0 1 0 0 0.000460958 -121.138 112.181 1569.97 1 0.000167831 6.89175e-05 -0.000378061 -45.6958 54.2928 0 0.999808 0 0 -0.0195934 -61776.7 3924.26 311624 0.998362 0.0405323 0.0383607 -0.0125802 
1576806459.214192 1576806459.413092 -0.000235971 0.452952 0 1 0 0 0.000383559 -233.849 285.329 3090.37 1 -0.000130236 1.41998e-05 0.000808196 -45.6783 54.7454 0 0.999815 0 0 -0.0192099 -61768.2 3960.62 314736 0.998377 0.0403711 0.038406 -0.0117789 
1576806459.413092 1576806459.519394 2.9227e-05 0.221765 0 1 -0 0 -0.000253296 -78.8597 152.927 1482.43 1 0.000150483 1.87058e-05 0.000556871 -45.6697 54.967 0 0.999811 -0 0 -0.0194631 -61730.4 3993.77 316228 0.998376 0.0404997 0.0384489 -0.0112179 
1576806459.519394 1576806459.722235 6.71442e-05 0.457346 0 1 0 0 -0.000127269 -210.5 269.466 3043.6 1 -6.81181e-05 0.000220239 0.000315453 -45.6519 55.424 0 0.999808 0 0 -0.0195904 -61702.5 4017.59 319290 0.998374 0.0404171 0.0386808 -0.0109145 
1576806459.722235 1576806459.822983 -9.15763e-06 0.211617 0 1 0 0 8.46473e-05 -93.3733 133.831 1440.86 1 -0.00011865 4.21426e-05 8.22258e-05 -45.6436 55.6355 0 0.99981 0 0 -0.0195057 -61682.2 4035.2 320740 0.998378 0.040295 0.0387249 -0.0108387 
1576806459.822983 1576806460.021952 -0.000245601 0.415137 0 1 0 0 0.000592821 -193.59 279.597 2816.43 1 0.00035018 0.000236744 0.000564296 -45.6276 56.0503 0 0.999821 0 0 -0.018913 -61652.9 4088.43 323576 0.998361 0.0406202 0.0389878 -0.0102713 
