groundtruth: cam2wheel_ryp.roll = 0.413635, cam2wheel_ryp.yaw = -3.10907, cam2wheel_ryp.pitch = -6.59755, cam2wheel_xyz.x = 1.89726, cam2wheel_xyz.y = -0.265, cam2wheel_xyz.z = 1.31122
from_timestamp to_timestamp delta_pos_wheel delta_q_wheel delta_pos_cam delta_q_cam pos_wheel q_wheel pos_cam q_cam 
1571662906.942993 1571662953.738393 0 0 0 1 0 0 0 -20.7546 -2.90855 -13.1478 1 -5.03004e-05 0.000289021 0.000307354 0 0 0 1 0 0 0 129038 -2061.43 -56797.4 0.99949 0.029712 -0.00378895 -0.0110385 
1571662953.738393 1571662953.938372 0 0 0 1 0 0 0 13.5439 13.3343 13.3191 1 0.000200301 -0.000138997 -1.38711e-05 0 0 0 1 0 0 0 129052 -2049.22 -56783.2 0.999484 0.0299137 -0.00392608 -0.011049 
1571662953.938372 1571662956.838053 -0.0399143 0.705043 0 0.99877 0 0 0.049587 -1216.32 275.979 3792.1 0.998864 -0.00045727 -0.0476055 0.00227653 -0.0399143 0.705043 0 0.99877 0 0 0.049587 127810 -1973.07 -52990.2 0.9982 0.0299576 -0.0514395 -0.00733524 
1571662956.838053 1571662957.637969 -0.0136365 0.702629 0 0.999896 0 0 0.0144336 -483.291 297.999 3308.17 0.999901 0.000884997 -0.014027 -0.000152191 -0.12308 1.40287 0 0.99795 0 0 0.0639977 126991 -1862.43 -49736.9 0.997352 0.0309331 -0.0654342 -0.00711174 
1571662957.637969 1571662958.237905 -0.00295264 0.65892 0 0.999989 0 0 0.00464517 -255.518 233.822 3064.41 0.999988 0.000530805 -0.00476954 0.000407033 -0.210175 2.05601 0 0.997642 0 0 0.0686326 126339 -1810.65 -46723.2 0.997015 0.0315227 -0.070174 -0.0065929 
1571662958.237905 1571662958.737854 -0.00504267 0.638035 0 0.999964 0 0 0.00852987 -265.069 275.047 2981.11 0.999971 -0.000854663 -0.00723342 0.00212829 -0.302544 2.68735 0 0.99702 0 0 0.0771399 125661 -1716.14 -43796.8 0.996519 0.0308667 -0.0773223 -0.00418278 
1571662958.737854 1571662959.237803 -0.00950844 0.711051 0 0.999892 0 0 0.0147016 -426.971 255.199 3375.72 0.999892 -0.00129331 -0.0146152 0.00067612 -0.421313 3.38847 0 0.995778 0 0 0.0917893 124719 -1661.33 -40517.7 0.995325 0.029688 -0.0918629 -0.00295744 
1571662959.237803 1571662959.637771 -0.011445 0.605226 0 0.999806 0 0 0.0196885 -558.702 211.988 2843.78 0.999837 0.000757797 -0.0179272 -0.00205331 -0.543202 3.98141 0 0.993778 0 0 0.111377 123649 -1609.9 -37816.3 0.993487 0.0303018 -0.10975 -0.00453806 
1571662959.637771 1571662960.037715 -0.0158737 0.632211 0 0.999645 0 0 0.0266327 -644.167 239.773 3023.09 0.999669 -0.00143949 -0.0255632 0.00250344 -0.698634 4.59442 0 0.990459 0 0 0.137804 122361 -1539.49 -34997.2 0.990407 0.0292524 -0.135041 -0.00111683 
1571662960.037715 1571662960.437676 -0.0254653 0.645844 0 0.999102 0 0 0.0423656 -928.756 245.452 3095.67 0.999133 -0.00161745 -0.041538 0.00216452 -0.899434 5.20878 0 0.983732 0 0 0.179642 120636 -1463.5 -32253.9 0.983989 0.0279638 -0.176002 0.0024614 
1571662960.437676 1571662960.837634 -0.0347769 0.671237 0 0.998648 0 0 0.0519746 -1187.3 210.182 3196.95 0.998732 5.01378e-05 -0.0503215 0.00170728 -1.16921 5.8244 0 0.973066 0 0 0.230528 118412 -1426.42 -29660 0.973879 0.0281543 -0.225247 0.00553658 
1571662960.837634 1571662961.237597 -0.0403454 0.704094 0 0.998314 0 0 0.0580499 -1357.89 252.199 3360.81 0.998365 -0.0018764 -0.0571208 0.000785233 -1.52115 6.43556 0 0.958043 0 0 0.286626 115713 -1364.74 -27228.5 0.959469 0.0261415 -0.280475 0.0083231 
1571662961.237597 1571662961.637564 -0.0482769 0.738801 0 0.997785 0 0 0.0665273 -1544.02 277.119 3539.1 0.997827 -0.00246403 -0.0658191 0.00188675 -1.96724 7.02646 0 0.936852 0 0 0.349727 112500 -1284.12 -25070.1 0.938972 0.0237019 -0.342947 0.012527 
1571662961.637564 1571662961.937534 -0.0313856 0.561611 0 0.998427 0 0 0.0560705 -1231.05 218.894 2671.36 0.998476 -0.0024515 -0.0550912 0.00202283 -2.35897 7.43012 0 0.915768 0 0 0.401707 109832 -1216.34 -23815.9 0.918681 0.0213675 -0.394075 0.0165538 
1571662961.937534 1571662962.337504 -0.0562568 0.735124 0 0.997055 0 0 0.0766884 -1766.01 272.871 3526.46 0.997064 -0.00266979 -0.0765123 0.00172937 -2.93793 7.8866 0 0.882265 0 0 0.470752 106051 -1152.3 -22660.7 0.88586 0.018267 -0.463127 0.0207809 
1571662962.337504 1571662962.637479 -0.0310014 0.542135 0 0.998352 0 0 0.0573838 -1301.61 228.102 2614.76 0.998341 -0.000262228 -0.0575553 0.00181064 -3.40552 8.1627 0 0.853798 0 0 0.520604 103154 -1085.4 -22235.3 0.857702 0.0176469 -0.513306 0.0235232 
1571662962.637479 1571662963.037439 -0.0523047 0.698464 0 0.997236 0 0 0.0743039 -1727.85 263.232 3361.98 0.997182 -0.00296933 -0.0749224 0.00232558 -4.05039 8.43606 0 0.812755 0 0 0.582606 99365.2 -1044.01 -22168.4 0.816825 0.0144817 -0.57601 0.0282979 
1571662963.037439 1571662963.437392 -0.0415972 0.631039 0 0.997829 0 0 0.0658537 -1556.32 221.752 3075.42 0.997799 0.000810945 -0.0663017 -0.00029413 -4.66136 8.59932 0 0.772624 0 0 0.634864 95938.8 -1041.7 -22602.7 0.776833 0.0130666 -0.628926 0.0284884 
1571662963.437392 1571662963.937347 -0.0380136 0.634298 0 0.99834 0 0 0.0575872 -1404.63 273.266 3132.53 0.998262 -0.00288426 -0.0588491 0.00079134 -5.29099 8.68502 0 0.734782 0 0 0.678304 92572.4 -983.902 -23327.2 0.738487 0.00962449 -0.673457 0.0316366 
1571662963.937347 1571662964.937243 -0.0281878 0.664024 0 0.999343 0 0 0.0362297 -1036.16 235.995 3179.7 0.999296 -0.000321081 -0.0374804 0.00168943 -5.95515 8.70991 0 0.709725 0 0 0.704479 89303.3 -964.099 -24070.4 0.712675 0.0093326 -0.700635 0.0334389 
1571662964.937243 1571662966.037151 -2.9304e-05 0.0925376 0 1 0 0 -0.000281601 4.81176 -3.12056 174.865 0.999999 -0.000350778 -0.000139645 0.00139498 -6.04768 8.71057 0 0.709923 0 0 0.704279 89129.1 -977.566 -24062.3 0.712533 0.0100553 -0.700709 0.0346801 
1571662966.037151 1571662968.036958 0.00461724 -0.58577 0 0.999984 0 0 0.00567421 71.1518 -205.625 -3121.43 0.999994 -0.00101575 -0.00302926 -0.00116572 -5.4619 8.71051 0 0.705915 0 0 0.708296 92258 -983.707 -24039.7 0.710457 0.0084096 -0.70284 0.0345915 
1571662968.036958 1571662968.436922 0.000468133 -0.330225 0 0.999999 0 0 0.00147965 31.0817 -117.598 -1572.89 0.999998 0.000703494 -0.00195627 0.000647158 -5.13167 8.71209 0 0.704866 0 0 0.70934 93835.3 -1004.57 -24023.1 0.709052 0.00929656 -0.704247 0.0345732 
1571662968.436922 1571662968.836876 0.000525669 -0.374833 0 0.999999 0 0 0.00118622 16.6613 -144.839 -1804.54 0.999997 0.00137984 -0.00153068 0.000876119 -4.75685 8.71499 0 0.704024 0 0 0.710176 95645.5 -1036.77 -24015.5 0.707929 0.010839 -0.70537 0.0342368 
1571662968.836876 1571662969.136971 0.000244136 -0.298932 0 1 0 0 0.000762058 46.0297 -119.413 -1413.9 0.999999 0.000348944 -0.00104718 0.000183349 -4.45793 8.71783 0 0.703483 0 0 0.710712 97064.2 -1064.36 -23972.2 0.70718 0.0111795 -0.706121 0.0341318 
1571662969.136971 1571662969.436824 0.000479385 -0.315377 0 0.999999 0 0 0.00148169 40.3665 -115.477 -1480.33 0.999999 0.000183239 -0.0011363 -0.000271463 -4.14258 8.72154 0 0.702429 0 0 0.711754 98548.9 -1083.47 -23931.9 0.706384 0.0110786 -0.706933 0.0338231 
1571662969.436824 1571662969.736794 0.000401763 -0.317048 0 0.999999 0 0 0.00118524 51.5868 -110.247 -1515.28 0.999999 -0.000989376 -0.00108615 0.000631076 -3.82556 8.72612 0 0.701585 0 0 0.712586 100068 -1095.6 -23877.1 0.705605 0.0107891 -0.707659 0.0349803 
1571662969.736794 1571662970.136757 0.000443285 -0.373771 0 1 0 0 0.000924481 62.1132 -142.467 -1803.49 0.999999 -0.000483245 -0.00118842 0.000643759 -3.45184 8.73238 0 0.700926 0 0 0.713234 101877 -1118.82 -23806.9 0.704746 0.0108621 -0.708473 0.0357893 
1571662970.136757 1571662970.536713 0.00018191 -0.280573 0 1 0 0 0.000600952 34.5786 -108.562 -1346.23 1 0.000340673 -0.000868846 0.000129869 -3.17132 8.73744 0 0.700497 0 0 0.713655 103227 -1136.99 -23763 0.704122 0.0111631 -0.709096 0.0356489 
1571662970.536713 1571662971.436624 -6.52627e-05 -0.318459 0 1 0 0 -0.000397781 53.3378 -112.151 -1429.48 0.999999 0.000294995 -0.00102068 0.000234782 -2.85291 8.7433 0 0.700781 0 0 0.713376 104660 -1152.25 -23697.4 0.703386 0.0115009 -0.709822 0.0356164 
1571662971.436624 1571662972.236536 8.24307e-05 -0.0605612 0 0.999999 0 0 0.00114933 -2.59758 -1.82393 -10.9772 1 -4.87876e-05 -3.1756e-05 -0.00064601 -2.79236 8.74447 0 0.699961 0 0 0.714181 104671 -1153.42 -23699.8 0.703387 0.0110069 -0.70985 0.035197 
1571662972.236536 1571662988.934752 5.14859e-07 -0.00567287 0 1 0 0 0.000341571 -2.57761 6.18006 -5.53103 1 -2.5804e-05 7.18309e-05 7.04638e-05 -2.78669 8.74458 0 0.699717 0 0 0.71442 104676 -1146.99 -23702.6 0.703436 0.0110413 -0.709798 0.0352641 
1571662988.934752 1571662990.534622 0.000854915 0.264291 0 0.999997 -0 0 -0.00228259 -38.3002 122.402 1595.51 0.999999 -0.000131137 0.0014536 0.000798964 -3.05094 8.73994 0 0.701346 0 0 0.712821 103077 -1130.87 -23757.6 0.70444 0.0115674 -0.708761 0.0359031 
1571662990.534622 1571662991.034578 0.000300549 0.338281 0 1 -0 0 -0.000693862 -37.0851 126.887 1595.15 0.999999 -0.000516216 0.00128774 -0.000150366 -3.38918 8.73475 0 0.70184 0 0 0.712334 101477 -1112.79 -23807 0.705363 0.0111434 -0.707836 0.0361481 
1571662991.034578 1571662991.434539 4.19283e-05 0.349575 0 1 0 0 -0.000144096 -68.2015 117.11 1669.62 1 0.000592848 0.000436234 -0.000221999 -3.73872 8.7296 0 0.701943 0 0 0.712233 99803.7 -1110.11 -23883.2 0.705673 0.0114202 -0.707552 0.035567 
1571662991.434539 1571662991.734507 0.000115564 0.297814 0 1 0 0 -0.000252068 -66.1086 114.356 1409.14 1 0.000525383 0.000270623 -0.000216763 -4.0365 8.72539 0 0.702122 0 0 0.712056 98390.3 -1091.96 -23955.3 0.705866 0.0116472 -0.707382 0.0350392 
1571662991.734507 1571662992.134489 -0.000333583 0.431404 0 0.999999 0 0 0.00109997 -85.9413 161.7 2034.35 0.999999 -0.000369759 -0.00093086 7.38231e-05 -4.46786 8.71899 0 0.701339 0 0 0.712828 96350 -1067.83 -24048.7 0.705209 0.0114058 -0.708025 0.0353637 
1571662992.134489 1571662992.334484 -0.000182193 0.229307 0 1 0 0 0.000888846 -43.5362 89.7767 1093.32 1 -0.000128876 -0.000671613 -0.000338922 -4.69713 8.71508 0 0.700705 0 0 0.713451 95253.4 -1052.11 -24098.4 0.704747 0.0110512 -0.708498 0.0352236 
1571662992.334484 1571662992.634444 -0.000529389 0.360314 0 0.999999 0 0 0.00131704 -75.9358 144.51 1719.43 0.999998 -0.00153414 -0.00087274 -0.000554273 -5.05738 8.70806 0 0.699765 0 0 0.714374 93528.7 -1023.18 -24186.4 0.704164 0.00954656 -0.709064 0.0359295 
1571662992.634444 1571662992.934415 -0.00049241 0.368381 0 0.999999 0 0 0.0012669 -76.117 128.959 1764.2 0.999999 -0.000482678 -0.00115192 -0.000529285 -5.42567 8.69996 0 0.698859 0 0 0.71526 91760.6 -1011.01 -24277.4 0.70337 0.00878998 -0.709862 0.03591 
1571662992.934415 1571662993.234406 -0.000512727 0.379011 0 0.999999 0 0 0.00126857 -112.472 133.452 1791.53 1 0.000423605 -0.000757005 0.00026709 -5.80457 8.69065 0 0.697951 0 0 0.716146 89965.4 -995.685 -24409.2 0.702819 0.00925034 -0.710407 0.0358038 
1571662993.234406 1571662993.434364 -0.000179302 0.256846 0 1 0 0 0.000635088 -48.2946 82.7323 1225.95 1 0.000389957 -0.000638169 0.000322345 -6.06132 8.68387 0 0.697496 0 0 0.716589 88737.4 -993.28 -24472.3 0.70235 0.00973055 -0.710866 0.0357592 
1571662993.434364 1571662993.734349 -0.000170727 0.390351 0 1 0 0 0.000313714 -98.4171 134.807 1849.03 1 0.00068912 -0.000253234 0.000375597 -6.45153 8.67316 0 0.697271 0 0 0.716807 86885 -981.703 -24595.7 0.70215 0.0104725 -0.711065 0.0355356 
1571662993.734349 1571662993.934334 -0.000113089 0.263555 0 1 0 0 0.000507841 -58.3934 93.5143 1257.08 1 0.000438449 -0.000216595 0.000508174 -6.71498 8.66576 0 0.696907 0 0 0.717161 85625.4 -972.506 -24671.8 0.701973 0.011134 -0.711227 0.0355829 
1571662993.934334 1571662994.234300 -0.000261016 0.40224 0 1 0 0 0.000677021 -80.0929 153.66 1923.05 1 -0.000513436 -4.94485e-05 0.000290738 -7.11705 8.65398 0 0.696421 0 0 0.717633 83697.7 -949.401 -24780.2 0.701933 0.0109786 -0.71124 0.0361527 
1571662994.234300 1571662994.434285 -9.35567e-05 0.273124 0 1 0 0 0.000253625 -63.0491 92.0213 1290.42 1 -0.000640931 6.3327e-05 2.78419e-05 -7.39004 8.6457 0 0.696239 0 0 0.71781 82405.1 -946.108 -24861.9 0.701984 0.0105508 -0.711172 0.0366274 
1571662994.434285 1571662994.634265 -3.93283e-05 0.277568 0 1 0 0 0.000126953 -38.6074 111.837 1302.01 0.999999 -0.000884275 -0.000182237 0.000697615 -7.66748 8.63719 0 0.696148 0 0 0.717898 81099.2 -923.12 -24920 0.701838 0.0104195 -0.71126 0.0377479 
1571662994.634265 1571662994.934241 -0.000135068 0.422571 0 1 0 0 0.000169209 -58.7001 162.397 2013 0.999999 -0.001109 -0.000252284 -0.000112702 -8.08985 8.62406 0 0.696027 0 0 0.718016 79080.9 -900.995 -25009.1 0.701674 0.00955146 -0.711396 0.0384602 
1571662994.934241 1571662995.134219 -1.00197e-05 0.286174 0 1 0 0 4.23373e-05 -52.1889 115.623 1364.15 1 -0.000190603 -6.78011e-05 -0.000368264 -8.37588 8.61515 0 0.695996 0 0 0.718045 77713 -880.775 -25082.9 0.701641 0.00915313 -0.711439 0.038338 
1571662995.134219 1571662995.334207 -6.66688e-06 0.285981 0 1 0 0 0.000108326 -54.9757 104.036 1381 1 0.00052733 -0.000123069 -3.25958e-05 -8.66173 8.60623 0 0.695919 0 0 0.718121 76329.1 -872.375 -25159.4 0.70155 0.00949522 -0.711546 0.0379411 
1571662995.334207 1571662995.634167 -0.000450901 0.432295 0 0.999999 0 0 0.00111954 -109.04 150.96 2073.47 1 0.000812316 -0.000122228 -0.000360431 -9.09379 8.5922 0 0.695114 0 0 0.718899 74252.2 -865.787 -25300.9 0.701469 0.009804 -0.711666 0.0371114 
1571662995.634167 1571662995.834153 -1.03318e-05 0.286178 0 1 0 0 0.000152134 -57.307 101.836 1372.62 1 -0.000658152 -0.000103862 -3.23081e-05 -9.37981 8.58257 0 0.695005 0 0 0.719005 72876.9 -857.819 -25380.2 0.701402 0.00931547 -0.711714 0.0375581 
1571662995.834153 1571662996.034121 -0.000163505 0.284655 0 1 0 0 0.000567263 -55.8333 93.2722 1348.09 1 0.000105143 -0.000298654 0.000178268 -9.66429 8.57275 0 0.694597 0 0 0.719399 71526.6 -856.715 -25457.6 0.701182 0.00950488 -0.711926 0.0376111 
1571662996.034121 1571662996.334096 -0.000300587 0.411628 0 1 0 0 0.000702667 -82.2076 135.552 1961.38 1 0.000796781 -0.000362438 0.000117236 -10.0757 8.55801 0 0.694091 0 0 0.719887 69562.2 -855.976 -25572.4 0.700912 0.0101334 -0.712209 0.0371295 
1571662996.334096 1571662996.534077 -0.000160188 0.261495 0 1 0 0 0.000550331 -66.1115 86.2719 1257.74 1 0.000109182 -0.000153787 -0.000350938 -10.337 8.54831 0 0.693695 0 0 0.720269 68302.8 -856.832 -25660.2 0.700814 0.00995427 -0.712324 0.0368073 
1571662996.534077 1571662996.834045 -0.000154243 0.374608 0 1 0 0 0.000507025 -77.548 151.46 1781.42 1 -0.000313349 -0.000161149 -0.000226349 -10.7113 8.53408 0 0.69333 0 0 0.720621 66516.9 -826.981 -25770.3 0.700711 0.00956751 -0.712428 0.0368735 
1571662996.834045 1571662997.134033 -0.000313923 0.361734 0 1 0 0 0.000821432 -80.3759 139.954 1724.66 1 -0.000424208 -0.00041971 0.000534578 -11.0728 8.51981 0 0.692737 0 0 0.72119 64788.5 -804.228 -25882.4 0.700396 0.00963563 -0.712701 0.0375543 
1571662997.134033 1571662997.433995 -6.21158e-06 0.332119 0 1 0 0 0.000853292 -53.4177 -21.9629 1486.16 0.999964 0.000322661 -0.000232629 0.00850675 -11.4046 8.50644 0 0.692122 0 0 0.721781 63308.4 -927.815 -25958.8 0.699882 0.0159153 -0.712768 0.0432833 
1571662997.433995 1571662997.633976 -0.000174971 0.231469 0 1 0 0 0.000287737 -74.944 175.495 1123.96 0.999977 0.000949309 -0.00024064 -0.00664442 -11.6359 8.49656 0 0.691914 0 0 0.72198 62175.4 -850.295 -26059.2 0.699967 0.011833 -0.713067 0.0379592 
1571662997.633976 1571662997.933945 -0.000117053 0.362124 0 1 0 0 0.000699885 -78.5283 293.804 1804.97 0.999988 -0.00109544 -0.000380951 -0.00476905 -11.9977 8.48105 0 0.691409 0 0 0.722464 60356.2 -687.881 -26179.8 0.699881 0.00765098 -0.71334 0.0354062 
1571662997.933945 1571662998.233922 -0.000372567 0.365477 0 1 0 0 0.000609567 -65.2247 -7.91548 1675.53 0.999995 -0.000162122 -0.000542099 0.00309603 -12.3628 8.46463 0 0.690968 0 0 0.722885 58685.9 -800.877 -26274.5 0.699383 0.0097268 -0.713687 0.0376927 
1571662998.233922 1571662998.533888 -0.000109557 0.337354 0 1 0 0 0.000423541 -85.3411 148.539 1633.3 0.999996 0.00208005 -0.000543442 -0.00202009 -12.6998 8.4493 0 0.690662 0 0 0.723178 57048.5 -766.199 -26396.6 0.699048 0.00971932 -0.714162 0.0348005 
1571662998.533888 1571662998.833858 -0.000160629 0.308967 0 1 0 0 0.000507727 -80.7557 101.593 1475.59 1 0.00017879 -4.90499e-05 -0.00020995 -13.0084 8.43493 0 0.690295 0 0 0.723528 55571.7 -761.077 -26510.8 0.699018 0.00969265 -0.714204 0.0345265 
1571662998.833858 1571662999.133837 -0.000184262 0.288933 0 1 0 0 0.000871559 -57.4964 105.437 1364.99 1 0.000517497 -0.000548083 0.000424853 -13.297 8.42117 0 0.689664 0 0 0.72413 54204.4 -743.706 -26599.8 0.698607 0.0103389 -0.714601 0.0344592 
1571662999.133837 1571662999.533806 -0.000111777 0.388906 0 1 0 0 0.00027194 -90.5013 124.096 1841.24 1 0.000123824 -0.000195198 0.00031532 -13.6855 8.40211 0 0.689467 0 0 0.724317 52361.7 -740.229 -26734.2 0.698455 0.010644 -0.714738 0.034593 
1571662999.533806 1571662999.833776 -0.000356996 0.266055 0 1 0 0 0.000584593 -53.7712 81.274 1340.43 0.999997 -0.000314435 -0.000472928 -0.00229948 -13.9512 8.38864 0 0.689043 0 0 0.72472 51020.5 -747.162 -26820.1 0.698198 0.00876447 -0.71508 0.0332166 
1571662999.833776 1571663000.333735 0.000343244 0.37851 0 0.999999 0 0 0.00119543 -91.0596 131.745 1727.01 0.999998 0.00156735 -4.97802e-05 0.00150848 -14.3292 8.3699 0 0.688176 0 0 0.725543 49291.5 -721.988 -26955.2 0.698097 0.0109358 -0.715152 0.0331494 
1571663000.333735 1571663000.733692 0.000421571 0.257932 0 1 0 0 -0.000989257 -31.0603 101.101 1238.97 0.999998 -0.00182349 -0.000575353 -0.00079599 -14.5868 8.35669 0 0.688894 0 0 0.724862 48049.8 -699.747 -27018.1 0.69773 0.00907447 -0.7155 0.033904 
1571663000.733692 1571663001.633608 -0.000304523 0.337413 0 0.999999 0 0 0.00120266 -81.0523 119.602 1590.07 0.999996 0.0004065 5.29567e-05 0.00279628 -14.9238 8.33923 0 0.688022 0 0 0.72569 46458.1 -680.502 -27141.6 0.697667 0.0113606 -0.715449 0.0355636 
1571663001.633608 1571663002.433525 -0.00023146 0.36445 0 1 0 0 0.000705914 -75.2852 126.759 1766.46 1 0.000689667 -0.000395424 0.000200862 -15.2877 8.31959 0 0.687509 0 0 0.726176 44689.7 -674.502 -27263.7 0.697369 0.0119714 -0.715747 0.0352148 
1571663002.433525 1571663003.133455 -7.06538e-05 0.287109 0 1 0 0 0.000368386 -65.8813 108.295 1330.56 0.999999 0.000338635 -6.81178e-05 -0.00104177 -15.5744 8.30383 0 0.687242 0 0 0.726429 43357.2 -657.902 -27366.2 0.697352 0.0114595 -0.715818 0.0342467 
1571663003.133455 1571663005.033193 -2.45993e-05 0.0773874 0 1 0 0 0.000211858 -2.66393 -2.16396 28.6508 1 -1.98697e-06 7.8671e-05 0.00075815 -15.6516 8.29951 0 0.687088 0 0 0.726575 43328.8 -662.006 -27369.5 0.697382 0.0120035 -0.715754 0.0347759 
1571663005.033193 1571663019.131881 0 0 0 1 0 0 0 -3.93061 1.01942 -1.5644 1 -3.45985e-05 -0.000308824 -3.52619e-05 -15.6516 8.29951 0 0.687088 0 0 0.726575 43330.4 -661.009 -27373.5 0.697163 0.0119434 -0.715969 0.0347798 
1571663019.131881 1571663019.431890 0 0 0 1 0 0 0 -3.37613 3.0823 1.78354 1 -1.60946e-05 8.42737e-05 3.71436e-05 -15.6516 8.29951 0 0.687088 0 0 0.726575 43328.5 -658.159 -27377 0.697222 0.0119617 -0.715909 0.0348162 
1571663019.431890 1571663021.231668 -0.00138291 0.249916 0 0.999989 0 0 0.00478211 -144.027 102.592 1565.06 0.999989 -0.000586186 -0.00444677 0.00125834 -15.9011 8.28418 0 0.683605 0 0 0.729852 41764.6 -664.496 -27563.9 0.693994 0.0122989 -0.718966 0.036166 
1571663021.231668 1571663021.931599 -0.00152617 0.372961 0 0.999993 0 0 0.00385821 -146.067 150.774 1810.01 0.999994 -0.000381061 -0.00344252 0.000522031 -16.2731 8.25828 0 0.680784 0 0 0.732484 39955.1 -643.937 -27776.9 0.691501 0.0122852 -0.721331 0.0368444 
1571663021.931599 1571663022.431554 -0.000639247 0.311127 0 0.999998 0 0 0.00196301 -99.2891 119.565 1502.19 0.999999 -0.000296492 -0.00169903 -0.000156323 -16.5834 8.23491 0 0.679345 0 0 0.733819 38454 -633.402 -27941.8 0.690284 0.0119048 -0.722496 0.036971 
1571663022.431554 1571663023.031501 -0.000387094 0.330343 0 0.999999 0 0 0.00103752 -82.0702 134.483 1570.26 0.999999 -0.000792891 -0.0010164 -0.000126353 -16.9127 8.20909 0 0.678583 0 0 0.734523 36883.7 -611.798 -28098.3 0.689563 0.0112286 -0.723169 0.0374687 
1571663023.031501 1571663023.731432 -0.000347678 0.315608 0 0.999999 0 0 0.00102129 -88.4503 113.322 1518.71 1 -0.00037256 -0.00029853 -0.000403232 -17.2273 8.1838 0 0.677833 0 0 0.735216 35367 -607.777 -28261.1 0.689366 0.0106689 -0.723365 0.0374634 
1571663023.731432 1571663025.731231 -6.88207e-05 0.150309 0 0.999999 0 0 0.00150909 -4.42879 27.532 262.286 1 0.000198115 -0.000119285 7.24299e-05 -17.3771 8.17154 0 0.676722 0 0 0.736238 35104 -598.563 -28278.9 0.689275 0.0108534 -0.723454 0.0373713 
1571663025.731231 1571663026.031202 0 0 0 1 0 0 0 11.2475 0.526029 4.30248 1 8.12871e-06 -9.19779e-05 6.29407e-05 -17.3771 8.17154 0 0.676722 0 0 0.736238 35099.1 -597.933 -28267.9 0.689206 0.0109011 -0.723517 0.0374098 
1571663026.031202 1571663059.227886 0 0 0 1 0 0 0 -7.55368 6.75642 -1.25676 1 -6.62959e-05 7.90737e-06 1.39519e-05 -17.3771 8.17154 0 0.676722 0 0 0.736238 35100.3 -591.38 -28275.6 0.689212 0.0108658 -0.723509 0.0374673 
1571663059.227886 1571663070.426794 -0.000664253 0.169222 0 0.999998 0 0 0.00222375 -84.5857 121.898 1656.27 1 1.56939e-05 -0.000196371 0.000105787 -17.5457 8.15665 0 0.675084 0 0 0.737741 33445.8 -587.495 -28442.9 0.689066 0.0109458 -0.723644 0.037531 
1571663070.426794 1571663071.026745 -8.77908e-06 0.0446231 0 1 0 0 0.000691971 1.83648 7.83517 85.9014 1 -5.0292e-05 -9.00873e-05 -6.89086e-05 -17.5901 8.15269 0 0.674573 0 0 0.738208 33359.6 -585.58 -28445.5 0.689004 0.0108579 -0.723705 0.0375209 
1571663071.026745 1571663071.226722 -2.09004e-06 -0.00912794 0 1 0 0 -0.000211765 11.6934 13.8793 7.65393 1 2.38475e-05 -4.74492e-05 0.000106336 -17.5811 8.15351 0 0.674729 0 0 0.738065 33350.4 -571.852 -28434.7 0.688965 0.0109495 -0.723737 0.0375774 
1571663071.226722 1571663092.324533 -1.2791e-06 -0.00904064 0 1 0 0 -0.000634655 2.77342 -13.4532 -6.03918 1 -1.32127e-05 -0.000146809 -0.000328402 -17.572 8.15432 0 0.675198 0 0 0.737637 33357.2 -584.745 -28431.2 0.688871 0.0106972 -0.723841 0.0373623 
1571663092.324533 1571663093.424440 0.000219876 0.25655 0 1 0 0 -0.000284763 -71.3877 104.459 1502.63 0.999997 -0.000230097 0.000324944 0.00229539 -17.8276 8.1319 0 0.675408 0 0 0.737445 31856.5 -586.593 -28578.8 0.689021 0.0122123 -0.723582 0.0391065 
1571663093.424440 1571663093.824392 7.92834e-05 0.389562 0 1 0 0 8.63996e-05 -68.7082 139.849 1840.97 1 -0.000591461 9.40549e-05 7.94748e-06 -18.2157 8.09784 0 0.675344 0 0 0.737503 30016 -584.87 -28740.3 0.689096 0.0118142 -0.723494 0.0395388 
1571663093.824392 1571663094.124372 -0.000892506 0.377018 0 0.999996 0 0 0.00298677 -103.2 103.153 1794.06 0.999995 6.96027e-06 -0.00311469 -0.000683883 -18.5912 8.06384 0 0.673138 0 0 0.739517 28226.6 -617.782 -28932.1 0.686866 0.011201 -0.725645 0.0390991 
1571663094.124372 1571663094.324361 -0.000965006 0.284123 0 0.999993 0 0 0.00364902 -125.612 115.736 1359.16 0.999994 0.000843193 -0.00346674 -0.00021449 -18.8739 8.03624 0 0.670435 0 0 0.741968 26871.9 -605.171 -29134.8 0.684345 0.0114889 -0.728057 0.0383785 
1571663094.324361 1571663094.524334 -0.00115366 0.30212 0 0.999993 0 0 0.0036379 -124.212 93.2824 1412.63 0.999994 0.000370416 -0.00348584 -0.000320499 -19.1744 8.00456 0 0.667731 0 0 0.744402 25466.8 -617.791 -29347.7 0.681811 0.0113752 -0.730456 0.0379293 
1571663094.524334 1571663094.724314 -0.00117227 0.314357 0 0.999993 0 0 0.00375031 -114.445 111.162 1484.7 0.999995 -0.000577089 -0.00309868 0.000171477 -19.4868 7.96936 0 0.664935 0 0 0.746901 23989.7 -616.294 -29566.3 0.679544 0.0109894 -0.732541 0.0385028 
1571663094.724314 1571663094.924300 -0.000795318 0.32361 0 0.999998 0 0 0.00198244 -99.2261 113.531 1545.33 0.999999 -0.000344115 -0.00152727 -0.0001662 -19.8081 7.93112 0 0.663453 0 0 0.748218 22452.3 -616.974 -29783.5 0.678435 0.010575 -0.733567 0.0386587 
1571663094.924300 1571663095.124287 7.20389e-05 0.3292 0 1 -0 0 -0.000430178 -66.3834 125.314 1564.75 0.999999 0.000568372 0.000290112 -0.000935298 -20.135 7.8918 0 0.663775 0 0 0.747932 20892.8 -605.715 -29974.5 0.678677 0.0102857 -0.733401 0.0376041 
1571663095.124287 1571663095.324316 0.000621663 0.337291 0 0.999998 -0 0 -0.00217397 -23.466 144.772 1595.31 0.999997 0.000231668 0.00202475 -0.00105734 -20.47 7.85235 0 0.665399 0 0 0.746488 19298.2 -572.493 -30125.1 0.680198 0.00974359 -0.732045 0.0366957 
1571663095.324316 1571663095.524286 0.00135743 0.342706 0 0.999991 -0 0 -0.00427051 13.117 123.503 1626.31 0.999991 -0.000405083 0.00398389 -0.00105747 -20.8106 7.81446 0 0.668581 0 0 0.743639 17670.9 -557.811 -30234 0.683151 0.00884004 -0.729324 0.0362338 
1571663095.524286 1571663095.724239 0.00202128 0.344823 0 0.999982 -0 0 -0.00605181 91.9472 141.784 1631.13 0.999986 -0.000224693 0.0051173 -0.000992976 -21.1537 7.77992 0 0.673069 0 0 0.73958 16031.6 -518.964 -30252.5 0.686912 0.00814764 -0.725819 0.0356736 
1571663095.724239 1571663095.924212 0.00264373 0.347281 0 0.999969 -0 0 -0.00792731 82.9368 122.29 1628.24 0.99997 0.000466969 0.00770445 -0.00108835 -21.4996 7.74992 0 0.678911 0 0 0.734221 14396.8 -496.462 -30262.3 0.692518 0.00795306 -0.72053 0.0345232 
1571663095.924212 1571663096.124189 0.00347546 0.349281 0 0.999947 -0 0 -0.010286 163.075 100.07 1597.04 0.999951 0.000991439 0.00981504 -0.000512466 -21.8481 7.72609 0 0.686427 0 0 0.727199 12791.4 -487.76 -30164.7 0.699566 0.00860886 -0.713736 0.0333742 
1571663096.124189 1571663096.324180 0.00440439 0.344113 0 0.999906 -0 0 -0.0136861 218.049 91.769 1628.16 0.999911 0.000547767 0.0132432 -0.00133779 -22.1919 7.71065 0 0.696315 0 0 0.717736 11156.4 -485.885 -29981 0.708996 0.00847845 -0.704438 0.0319304 
1571663096.324180 1571663096.524156 0.00576383 0.342599 0 0.999847 -0 0 -0.0175155 229.521 110.033 1571.23 0.999845 0.00117941 0.0175516 -0.00086718 -22.5345 7.70604 0 0.70878 0 0 0.70543 9582.72 -458.015 -29743.6 0.721268 0.00926289 -0.69193 0.030331 
1571663096.524156 1571663096.724139 0.00687372 0.340885 0 0.999789 -0 0 -0.0205254 321.68 69.8464 1559.69 0.999797 0.00202073 0.0200259 -0.00102005 -22.8754 7.71452 0 0.72311 0 0 0.690733 8035.93 -464.665 -29358.4 0.73499 0.0106201 -0.677416 0.0280054 
1571663096.724139 1571663096.924125 0.00770345 0.336169 0 0.99972 -0 0 -0.0236727 374.516 110.241 1533.98 0.999708 0.00177195 0.0241102 0.000466512 -23.2109 7.73761 0 0.739259 0 0 0.673421 6533.41 -426.743 -28861.9 0.751076 0.0129106 -0.659542 0.0268837 
1571663096.924125 1571663097.124100 0.00853304 0.328394 0 0.999637 -0 0 -0.0269457 482.869 79.8985 1498.25 0.999631 0.00122184 0.0271285 -0.000392611 -23.537 7.77665 0 0.757136 0 0 0.653257 5107.58 -417.897 -28190.2 0.768686 0.0142939 -0.638961 0.0254228 
1571663097.124100 1571663097.324086 0.00936737 0.312459 0 0.999525 -0 0 -0.0308172 518.523 107.794 1412.85 0.999506 0.000831989 0.0314017 -0.00014102 -23.8447 7.83169 0 0.776908 0 0 0.629614 3809.01 -376.44 -27423 0.788363 0.0156346 -0.614531 0.0243214 
1571663097.324086 1571663097.524067 0.00944684 0.294505 0 0.99947 -0 0 -0.0325454 571.321 108.106 1314.4 0.999443 -1.9149e-05 0.0333656 0.000383882 -24.1309 7.90195 0 0.796988 0 0 0.603996 2669.33 -329.276 -26548.6 0.808419 0.0166582 -0.587878 0.0241006 
1571663097.524067 1571663097.724049 0.00874831 0.278292 0 0.999509 -0 0 -0.0313451 542.38 100.842 1241.48 0.999469 0.000473883 0.0325552 0.000855354 -24.3965 7.98561 0 0.815528 0 0 0.578717 1651.25 -286.712 -25650 0.8271 0.0183199 -0.561245 0.0239584 
1571663097.724049 1571663098.024019 0.016843 0.385575 0 0.999047 -0 0 -0.0436534 826.594 144.411 1705.14 0.999007 0.00167231 0.0445094 0.000674114 -24.7549 8.12882 0 0.840014 0 0 0.542565 365.883 -224.332 -24251.6 0.851213 0.0211296 -0.523902 0.0227382 
1571663098.024019 1571663098.323995 0.014238 0.352635 0 0.999195 -0 0 -0.040107 680.081 64.2459 1577.43 0.999123 0.0044096 0.0415641 -0.00266492 -25.0704 8.28682 0 0.861099 0 0 0.508438 -737.375 -243.266 -22933.5 0.872209 0.0244135 -0.488219 0.0172614 
1571663098.323995 1571663098.623963 0.0119276 0.324897 0 0.999318 -0 0 -0.0369273 640.887 98.363 1428.14 0.999276 0.00211625 0.037984 -0.000866171 -25.3492 8.45418 0 0.879287 0 0 0.476293 -1622.78 -225.95 -21639 0.890085 0.0264744 -0.454793 0.0145329 
1571663098.623963 1571663098.923939 0.0103261 0.298112 0 0.999404 -0 0 -0.0345309 614.794 84.3504 1321.02 0.999382 0.00102739 0.0351204 -0.000490834 -25.5932 8.62569 0 0.895209 0 0 0.445646 -2335.28 -220.374 -20365.3 0.905488 0.0276597 -0.42328 0.01269 
1571663098.923939 1571663099.323898 0.0134203 0.338098 0 0.999215 -0 0 -0.0396137 729.823 119.021 1496.29 0.999211 0.000448423 0.0397032 0.00122343 -25.8549 8.8402 0 0.91216 0 0 0.409834 -3018.67 -192.916 -18842.8 0.921551 0.0290656 -0.386967 0.0124998 
1571663099.323898 1571663099.723861 0.00774643 0.260506 0 0.99956 -0 0 -0.0296752 521.418 87.5299 1151.05 0.999519 0.00117555 0.0309986 -0.000223524 -26.0445 9.01899 0 0.92392 0 0 0.382585 -3477.67 -178.076 -17662.3 0.933071 0.0304359 -0.358235 0.0109319 
1571663099.723861 1571663100.423736 0.0156728 0.365399 0 0.999071 -0 0 -0.0431043 794.726 125.694 1595.11 0.999055 0.00128968 0.0434529 0.000155191 -26.2918 9.2885 0 0.939553 0 0 0.342404 -3957.72 -156.855 -15941.6 0.947714 0.0321411 -0.317361 0.00928183 
1571663100.423736 1571663101.023580 0.0108808 0.296453 0 0.999344 -0 0 -0.0362087 638.318 123.94 1322.01 0.999356 0.00141342 0.035861 -0.000158465 -26.4742 9.52244 0 0.951335 0 0 0.30816 -4247.25 -123.312 -14497.4 0.958441 0.0337425 -0.283189 0.0075245 
1571663101.023580 1571663101.723519 0.0156594 0.359616 0 0.999075 -0 0 -0.0429904 767.247 112.193 1621.81 0.999033 0.00113954 0.0439212 -0.00163404 -26.6723 9.82294 0 0.963703 0 0 0.266977 -4486.47 -126.794 -12715.8 0.969926 0.0346698 -0.240883 0.00414638 
1571663101.723519 1571663102.323468 0.0128548 0.328035 0 0.999243 -0 0 -0.0389099 682.965 176.719 1486.89 0.99921 0.00144065 0.0396782 -0.00179486 -26.8301 10.1108 0 0.973361 0 0 0.229277 -4581.52 -59.3902 -11074.1 0.978675 0.0357719 -0.202276 0.000679558 
1571663102.323468 1571663102.823476 0.0101961 0.29686 0 0.999418 -0 0 -0.0341059 634.741 115.446 1378.98 0.999388 -1.71038e-05 0.0349764 -0.00104475 -26.9535 10.381 0 0.980615 0 0 0.195946 -4546.45 -49.514 -9552.14 0.985152 0.0355457 -0.167959 -0.00159104 
1571663102.823476 1571663103.423380 0.013371 0.340677 0 0.999248 -0 0 -0.038783 727.294 134.87 1549.31 0.999211 0.000530791 0.0397083 -0.000676846 -27.0721 10.7007 0 0.987476 0 0 0.157768 -4374.27 -33.6292 -7844.03 0.991024 0.0358637 -0.128731 -0.00375719 
1571663103.423380 1571663104.423281 0.00831659 0.281947 0 0.999634 0 0 -0.0270427 457.538 87.2342 1037.33 0.999658 0.000136316 0.0261365 -0.000290057 -27.152 10.9712 0 0.991382 0 0 0.131006 -4197.02 -26.9875 -6720.85 0.994044 0.035851 -0.102795 -0.00499826 
1571663104.423281 1571663104.823242 5.2097e-05 -0.0234051 0 0.999998 0 0 0.00210678 -6.02705 -3.31646 -37.0419 0.999996 -0.00101563 -0.00220331 0.00108559 -27.1459 10.9486 0 0.991103 0 0 0.133094 -4195.35 -27.5888 -6758.48 0.993856 0.0349639 -0.104951 -0.00373573 
1571663104.823242 1571663105.923061 0.00784408 -0.35392 0 0.999868 0 0 0.0162472 -256.052 -124.223 -1957.16 0.999859 -0.00103154 -0.0167484 -0.00110335 -27.0449 10.6093 0 0.98881 0 0 0.149179 -4036.97 -13.2398 -8729.82 0.991989 0.0338805 -0.121624 -0.00413792 
1571663105.923061 1571663106.322996 0.000546764 -0.301287 0 0.999999 0 0 0.00161679 36.0893 -108.695 -1482.76 0.999998 0.000538499 -0.0019574 0.000568018 -26.9555 10.3216 0 0.988568 0 0 0.150778 -3643.74 -24.0992 -10164 0.991733 0.0344918 -0.123544 -0.00357362 
1571663106.322996 1571663106.722935 -0.00127735 -0.354422 0 0.999982 -0 0 -0.00595703 159.282 -129.963 -1756.61 0.999985 0.0016846 0.00515815 -0.000706073 -26.8511 9.98288 0 0.989448 0 0 0.144886 -3058.25 -37.6118 -11832.8 0.992295 0.0360563 -0.118445 -0.00465984 
1571663106.722935 1571663107.122877 -0.006708 -0.391595 0 0.999817 -0 0 -0.0191376 417.117 -118.399 -1941.95 0.999832 3.86296e-06 0.0180483 0.00315937 -26.7453 9.6058 0 0.99204 0 0 0.125924 -2195.81 -26.3015 -13626 0.994281 0.0363442 -0.100402 -0.00217524 
1571663107.122877 1571663107.422867 -0.00674204 -0.317067 0 0.999771 -0 0 -0.02139 467.066 -108.947 -1588.65 0.999778 -0.000514667 0.0210004 0.00166008 -26.6726 9.2971 0 0.994506 0 0 0.104676 -1420.4 -26.2671 -15093.1 0.996191 0.0359454 -0.0794402 -0.00123574 
1571663107.422867 1571663107.722863 -0.0077915 -0.326505 0 0.999697 -0 0 -0.0246254 481.084 -150.596 -1664.55 0.999699 0.000631594 0.024533 -0.000568084 -26.6122 8.97613 0 0.996783 0 0 0.0801537 -681.298 -61.5222 -16667.1 0.997816 0.0364883 -0.0549963 -0.00273331 
1571663107.722863 1571663108.022847 -0.00863549 -0.326406 0 0.999659 -0 0 -0.0261054 555.221 -149.754 -1675.45 0.999661 0.000451045 0.0260429 6.39891e-05 -26.5686 8.65254 0 0.998535 0 0 0.054105 54.5598 -94.6337 -18278.1 0.998893 0.0368583 -0.028988 -0.0036436 
1571663108.022847 1571663108.322820 -0.00558429 -0.286046 0 0.999821 -0 0 -0.01891 435.527 -128.054 -1501.3 0.999794 0.00163444 0.0202308 -0.000980622 -26.5432 8.36757 0 0.99938 0 0 0.035213 576.031 -116.207 -19757.1 0.99921 0.0383812 -0.00880378 -0.00541544 
1571663108.322820 1571663109.522728 -0.00508283 -0.314871 0 0.999873 -0 0 -0.0159639 314.998 -85.6749 -1138.37 0.999906 -0.00108423 0.0134357 -0.00257363 -26.5261 8.05312 0 0.999815 0 0 0.0192545 910.594 -118.04 -20893.1 0.999262 0.0371988 0.0045175 -0.00849266 
1571663109.522728 1571663109.922701 -8.99636e-06 -0.0116255 0 1 0 0 0.000120093 10.7384 0.88188 -2.32191 1 6.62273e-05 0.000559121 -0.000265243 -26.5257 8.0415 0 0.999812 0 0 0.0193746 921.326 -117.166 -20895.5 0.999254 0.0372614 0.0050669 -0.0087782 
1571663109.922701 1571663111.422586 0.00148168 0.361544 0 0.999997 -0 0 -0.00249163 -80.9893 138.478 2061.53 0.999998 0.00196013 -0.000632899 0.000853529 -26.5382 8.40283 0 0.999857 0 0 0.0168833 862.362 -131.404 -18828.6 0.999189 0.0392212 0.00448347 -0.00789177 
1571663111.422586 1571663111.822561 0.000452502 0.314489 0 0.999999 -0 0 -0.0011444 -39.8308 139.122 1520.76 0.999999 -0.000221142 0.00106142 0.000496928 -26.5484 8.71715 0 0.999876 0 0 0.0157391 837.465 -111.417 -17301.3 0.999196 0.0389896 0.00556177 -0.00743786 
1571663111.822561 1571663112.222529 0.000112508 0.36969 0 1 0 0 -0.000100555 -58.0589 154.297 1817.04 1 1.99439e-05 0.000278093 -0.000274426 -26.5599 9.08666 0 0.999878 0 0 0.0156386 800.918 -98.4962 -15477.2 0.999192 0.039009 0.00582909 -0.0077228 
1571663112.222529 1571663112.522511 -2.44313e-05 0.30387 0 1 0 0 8.45565e-05 -51.3966 138.425 1477.63 1 -6.51916e-05 -0.000104849 -0.000729043 -26.5694 9.39039 0 0.999876 0 0 0.0157231 768.053 -75.0606 -13992.7 0.999189 0.0389489 0.00569538 -0.00844754 
1571663112.522511 1571663112.822494 -0.000203391 0.318002 0 1 0 0 0.000550035 -94.6279 120.844 1547.81 0.999999 -0.000396552 -0.000352447 -0.00101606 -26.5796 9.70822 0 0.999868 0 0 0.0162731 692.136 -73.6674 -12439.2 0.999197 0.0385614 0.00530029 -0.0094513 
1571663112.822494 1571663113.122474 -0.000397755 0.314368 0 0.999999 0 0 0.00160073 -96.011 85.5944 1559.78 0.999996 -0.00167212 -0.000707458 -0.0019434 -26.5903 10.0224 0 0.99984 0 0 0.0178736 613.184 -106.923 -10876.5 0.999244 0.0369075 0.00450264 -0.0113747 
1571663113.122474 1571663113.522476 -0.000853198 0.399887 0 0.999999 0 0 0.00153186 -85.6573 169.262 1953.25 0.999999 -0.000337474 -0.00101785 0.00104903 -26.6054 10.422 0 0.999812 0 0 0.0194052 547.392 -80.5173 -8915.32 0.999272 0.0365771 0.00352043 -0.0102904 
1571663113.522476 1571663113.822453 -0.000176069 0.283949 0 1 0 0 0.00071956 -111.606 111.987 1387.31 1 -0.000163939 -0.000308686 -0.000555822 -26.6166 10.7057 0 0.999797 0 0 0.0201246 446.861 -68.1018 -7522.71 0.999273 0.0364184 0.00318995 -0.0108351 
1571663113.822453 1571663114.222401 -0.000342358 0.353617 0 0.999999 0 0 0.00112473 -87.8487 119.042 1736.56 0.999999 -0.000598925 -0.000966541 -0.000427214 -26.6312 11.0591 0 0.999774 0 0 0.0212491 371.341 -74.0347 -5781.5 0.999292 0.0358317 0.00220206 -0.0112287 
1571663114.222401 1571663114.622390 -0.000464653 0.328776 0 0.999999 0 0 0.00131262 -79.0757 120.158 1597.12 0.999999 -0.00072483 -0.000845951 0.000396061 -26.6456 11.3875 0 0.999745 0 0 0.0225614 300.745 -66.9061 -4179.49 0.999324 0.035116 0.00136276 -0.0108042 
1571663114.622390 1571663115.022347 -0.000340594 0.309718 0 0.999999 0 0 0.00116131 -85.2519 115.24 1521.43 1 0.00011505 -0.000934099 -4.54974e-05 -26.6599 11.6969 0 0.999719 0 0 0.0237224 221.002 -56.97 -2653.44 0.99932 0.0352411 0.000428937 -0.0108167 
1571663115.022347 1571663115.422313 -0.000376883 0.293423 0 0.999999 0 0 0.00122788 -84.6158 107.409 1439.86 0.999999 -0.000181191 -0.000981756 7.26225e-05 -26.6742 11.99 0 0.999689 0 0 0.0249499 138.868 -49.4552 -1209.45 0.999327 0.0350706 -0.000551552 -0.0107096 
1571663115.422313 1571663116.222239 -7.52783e-05 0.322082 0 1 -0 0 -0.000320155 -77.3481 124.352 1338.8 0.999998 -0.00160693 -0.000549 0.00056863 -26.6904 12.3117 0 0.999697 0 0 0.0246298 61.7133 -17.6054 134.74 0.999388 0.0334709 -0.00109745 -0.0101212 
1571663116.222239 1571663117.022157 8.47471e-06 0.0385354 0 1 0 0 -0.000143021 -4.56838 0.170055 -0.547417 0.999999 0.00134692 3.0213e-05 0.000139271 -26.6922 12.3501 0 0.9997 0 0 0.0244868 57.1508 -17.3064 134.198 0.999343 0.0348168 -0.00104896 -0.00998449 
1571663117.022157 1571663117.322126 0 0 0 1 0 0 0 -6.73681 -1.40459 -1.22332 1 -7.07943e-05 8.1016e-05 5.85036e-05 -26.6922 12.3501 0 0.9997 0 0 0.0244868 50.3909 -18.4873 132.871 0.999346 0.0347453 -0.000966667 -0.00992877 
1571663117.322126 1571663156.718211 0 0 0 1 0 0 0 14.0803 -1.54305 0.281572 1 -1.58639e-05 -0.000125006 -0.000116858 -26.6922 12.3501 0 0.9997 0 0 0.0244868 64.4371 -20.3262 133.062 0.999346 0.0347306 -0.00109581 -0.0100412 
1571663156.718211 1571663159.517935 -0.000436167 0.304971 0 1 0 0 0.00088162 -79.0186 144.059 1906.35 1 8.88561e-05 -0.000203309 -0.000282657 -26.7076 12.6547 0 0.999678 0 0 0.0253682 -17.19 -7.34089 2044.7 0.999339 0.0348211 -0.00130791 -0.0103167 
1571663159.517935 1571663160.317868 0.000224401 0.315945 0 1 -0 0 -0.000558115 -79.2437 130.448 1576.18 1 0.000142984 0.000384835 -0.000867381 -26.7234 12.9703 0 0.999692 0 0 0.0248102 -98.9914 14.7505 3625.98 0.999326 0.0349589 -0.000952058 -0.0111971 
1571663160.317868 1571663160.917813 0.000507811 0.346324 0 0.999998 -0 0 -0.00186321 -41.4034 121.214 1709.42 0.999997 -0.000158186 0.00237629 -0.000831078 -26.7401 13.3162 0 0.999737 0 0 0.0229476 -142.271 17.1661 5339.64 0.999321 0.0347733 0.00139181 -0.0121105 
1571663160.917813 1571663161.417772 0.00201958 0.355168 0 0.99998 -0 0 -0.0063273 67.4499 143.433 1720.91 0.99998 -0.00069901 0.00632101 -7.4225e-05 -26.7544 13.6711 0 0.999862 0 0 0.0166215 -68.0176 38.9242 7066.1 0.999315 0.0339976 0.00769745 -0.0124052 
1571663161.417772 1571663161.817729 0.00277233 0.321222 0 0.999958 -0 0 -0.00911343 104.471 123.089 1545.23 0.999956 0.000542077 0.00929642 -0.00113204 -26.7623 13.9922 0 0.999972 0 0 0.00750862 61.9937 53.8631 8614.23 0.999167 0.0344312 0.0169554 -0.0138478 
1571663161.817729 1571663162.217698 0.00467961 0.351411 0 0.999903 -0 0 -0.0139467 165.857 143.475 1659.08 0.999902 0.00104853 0.013935 -0.000565006 -26.7629 14.3437 0 0.999979 -0 0 -0.00643843 286.461 77.6142 10272.4 0.998789 0.0352921 0.0308722 -0.014873 
1571663162.217698 1571663162.517660 0.00367454 0.280784 0 0.999908 -0 0 -0.0135731 231.65 102.505 1343.37 0.99991 8.13581e-05 0.0134094 -0.000990313 -26.7556 14.6244 0 0.9998 -0 0 -0.0200106 602.271 77.5012 11602.5 0.998267 0.0352013 0.0442288 -0.0163315 
1571663162.517660 1571663162.917624 0.00847543 0.391158 0 0.999758 -0 0 -0.0219828 373.184 142.828 1860.9 0.999751 0.000658521 0.0222932 -0.000236143 -26.7315 15.0149 0 0.999118 -0 0 -0.0419842 1141.08 75.4196 13428 0.997006 0.0354963 0.0664748 -0.0173188 
1571663162.917624 1571663163.217596 0.00552117 0.306666 0 0.999841 -0 0 -0.0178468 319.79 103.41 1461.65 0.999842 0.000954703 0.0177216 0.000122322 -26.7002 15.32 0 0.99821 -0 0 -0.0598086 1653.86 62.1515 14837.3 0.995639 0.0361275 0.0841537 -0.0177597 
1571663163.217596 1571663163.517567 0.00539841 0.315882 0 0.999855 -0 0 -0.0170545 309.631 116.346 1509.62 0.999854 0.000514995 0.0170807 8.93379e-05 -26.6571 15.633 0 0.997045 -0 0 -0.0768239 2214.77 55.9388 16277.4 0.994039 0.0363241 0.10116 -0.0182419 
1571663163.517567 1571663163.817541 0.00516061 0.324439 0 0.999883 -0 0 -0.0153114 253.148 122.181 1550.16 0.999882 0.000381584 0.0153646 -0.000388855 -26.6023 15.9528 0 0.995752 -0 0 -0.0920811 2777.6 52.7292 17748.8 0.992347 0.0364582 0.116414 -0.0191458 
1571663163.817541 1571663164.117509 0.00389683 0.330237 0 0.999941 -0 0 -0.0108201 162.045 122.093 1590.82 0.999936 -0.000255185 0.0112931 -0.000555756 -26.538 16.2767 0 0.994697 -0 0 -0.10285 3306.14 47.4255 19262.9 0.990967 0.0360511 0.127588 -0.0201375 
1571663164.117509 1571663164.417486 0.00213486 0.329266 0 0.999984 -0 0 -0.00563086 63.2868 134.608 1588.2 0.999981 0.000468104 0.00607657 0.000810797 -26.4685 16.5986 0 0.994102 -0 0 -0.108449 3773.23 57.9912 20788.1 0.990173 0.0362885 0.133646 -0.019493 
1571663164.417486 1571663164.717453 0.000469955 0.32169 0 1 0 0 -0.000941669 -9.84696 130.372 1592.35 0.999999 1.18357e-05 0.00158617 0.000259193 -26.3987 16.9126 0 0.993999 0 0 -0.109385 4189.23 65.4765 22330.7 0.989964 0.0362346 0.135226 -0.0192923 
1571663164.717453 1571663165.117411 -0.00118229 0.408428 0 0.999991 0 0 0.00428157 -164.887 153.421 2019.76 0.999994 -0.000363736 -0.00354586 0.00025352 -26.311 17.3115 0 0.994459 0 0 -0.105128 4575.8 67.6235 24325.9 0.990455 0.0359084 0.131717 -0.0189619 
1571663165.117411 1571663165.417390 -0.00203686 0.28099 0 0.99997 0 0 0.00770858 -194.572 88.7727 1404.69 0.99997 -0.000150321 -0.00767338 0.000692814 -26.2543 17.5867 0 0.995239 0 0 -0.0974594 4756.89 54.637 25735.1 0.991455 0.0358127 0.124135 -0.0180194 
1571663165.417390 1571663165.817348 -0.00355511 0.331378 0 0.999942 0 0 0.0108037 -263.411 122.88 1676.19 0.999938 0.0003281 -0.011072 0.0010367 -26.1935 17.9125 0 0.996234 0 0 -0.0867015 4917.68 57.6612 27428.7 0.992775 0.0362066 0.113193 -0.0165532 
1571663165.817348 1571663166.217333 -0.00314445 0.288899 0 0.999932 0 0 0.0116298 -321.421 116.017 1437.84 0.999933 9.05261e-05 -0.0115482 -3.17044e-05 -26.1466 18.1976 0 0.997175 0 0 -0.0751096 4930.87 72.4859 28906.4 0.994012 0.0364888 0.101721 -0.0161552 
1571663166.217333 1571663166.817261 -0.00790004 0.382123 0 0.999773 0 0 0.0212862 -497.387 134.582 1936.9 0.999781 -0.00132725 -0.0208679 -0.000416461 -26.0972 18.5766 0 0.998548 0 0 -0.0538666 4838.76 72.0513 30908.6 0.995959 0.035541 0.0809192 -0.0159392 
1571663166.817261 1571663167.317208 -0.00464741 0.281549 0 0.999869 0 0 0.0161717 -395.741 105.766 1456.03 0.999867 -0.000468546 -0.0162978 -0.000802191 -26.0716 18.857 0 0.999289 0 0 -0.0377113 4685.41 80.9498 32413.3 0.997149 0.0353943 0.0646405 -0.0161947 
1571663167.317208 1571663168.017139 -0.00568446 0.326295 0 0.999851 0 0 0.0172867 -442.616 153.779 1591.38 0.999851 3.60393e-05 -0.0172825 -0.000118589 -26.0526 19.1828 0 0.999791 0 0 -0.0204313 4455.72 130.87 34055.5 0.998114 0.0357125 0.047394 -0.0156965 
1571663168.017139 1571663174.716493 -0.0036956 0.278738 0 0.999961 0 0 0.00882488 -265.627 90.7958 1031.68 0.999941 -0.000308264 -0.0108691 -6.73072e-05 -26.0449 19.4615 0 0.999933 0 0 -0.0116075 4291.02 153.73 35111.7 0.99858 0.0355765 0.0365354 -0.0153892 
1571663174.716493 1571663176.016361 -0.000943615 -0.0465226 0 0.999899 -0 0 -0.0142403 198.163 -49.7772 -665.923 0.999961 -0.000118571 0.00880691 -4.96156e-05 -26.047 19.415 0 0.999666 -0 0 -0.0258457 4439.04 146.591 34431.1 0.998223 0.035323 0.0453248 -0.0157558 
1571663176.016361 1571663177.016196 -0.0102334 -0.353779 0 0.9996 -0 0 -0.0282742 557.232 -160.552 -1904.3 0.999627 0.000301248 0.0273101 -0.000479702 -26.0755 19.0622 0 0.998536 -0 0 -0.0541001 4817.94 107.787 32477.2 0.996595 0.035202 0.0725573 -0.0171798 
1571663177.016196 1571663177.616140 -0.00803673 -0.331176 0 0.999728 -0 0 -0.023337 481.749 -120.624 -1703.73 0.999751 0.000799905 0.0222919 0.000809558 -26.1192 18.7338 0 0.997001 -0 0 -0.0773882 5045.26 97.2862 30717.2 0.994715 0.0355487 0.0947975 -0.0170954 
1571663177.616140 1571663178.116091 -0.00621971 -0.33183 0 0.99983 -0 0 -0.018439 411.396 -127.977 -1663.19 0.999842 0.00128287 0.0177402 -0.000219747 -26.1766 18.4069 0 0.995405 -0 0 -0.0957587 5132.16 81.5023 29001.4 0.992826 0.0365367 0.112443 -0.0178203 
1571663178.116091 1571663178.616038 -0.00634471 -0.360333 0 0.999857 -0 0 -0.0168829 387.91 -143.611 -1815.39 0.999854 0.000532394 0.0170782 0.000196631 -26.2515 18.0544 0 0.993646 -0 0 -0.11255 5100.79 66.8068 27139.8 0.990745 0.0367335 0.129399 -0.0181866 
1571663178.616038 1571663179.016001 -0.00373147 -0.295737 0 0.99992 -0 0 -0.0126514 263.475 -116.949 -1509.67 0.999915 -0.000380615 0.0129874 -0.00115088 -26.3213 17.767 0 0.992143 -0 0 -0.125112 4964.87 60.2513 25608.9 0.988973 0.036266 0.142206 -0.0198516 
1571663179.016001 1571663179.415966 -0.00438219 -0.32244 0 0.99991 -0 0 -0.0134006 302.227 -109.868 -1616.06 0.999913 -7.77984e-05 0.0131497 -0.00103965 -26.4056 17.4557 0 0.990377 -0 0 -0.138396 4796.96 67.0576 23969.8 0.986999 0.0360727 0.155159 -0.021366 
1571663179.415966 1571663179.815937 -0.00518566 -0.356466 0 0.999901 -0 0 -0.0140898 321.033 -136.807 -1780.66 0.999903 0.000146242 0.01394 0.000143048 -26.5083 17.1144 0 0.988329 -0 0 -0.152337 4552.3 59.3884 22171.8 0.984738 0.0358935 0.168911 -0.0217029 
1571663179.815937 1571663180.115900 -0.00294184 -0.280902 0 0.999947 -0 0 -0.0103218 234.665 -121.774 -1414.09 0.99995 0.000194603 0.00999155 0.000113721 -26.5957 16.8474 0 0.986704 -0 0 -0.16253 4298.45 41.1896 20755.9 0.982997 0.0358473 0.17875 -0.0219156 
1571663180.115900 1571663180.515866 -0.00433863 -0.369521 0 0.999932 -0 0 -0.0116252 274.213 -162.24 -1822.71 0.999933 0.00012779 0.0115219 -0.00130356 -26.7183 16.4988 0 0.984747 -0 0 -0.17399 3908.13 13.9588 18947.4 0.980838 0.035951 0.19002 -0.0235857 
1571663180.515866 1571663180.915832 -0.00400149 -0.379803 0 0.999947 -0 0 -0.0102684 252.582 -130.911 -1871.67 0.999946 0.000304242 0.0103514 0.000110176 -26.8522 16.1433 0 0.982909 -0 0 -0.184092 3439.84 24.0718 17113.1 0.97881 0.0359824 0.200174 -0.0237907 
1571663180.915832 1571663181.215810 -0.0019479 -0.295001 0 0.999979 -0 0 -0.00652214 173.002 -117.124 -1459.29 0.999977 -0.000203393 0.00681091 -0.000226052 -26.9608 15.869 0 0.981687 -0 0 -0.190499 3022.29 18.5101 15699.3 0.977426 0.0356657 0.206823 -0.0242972 
1571663181.215810 1571663181.515786 -0.00167779 -0.290011 0 0.999984 -0 0 -0.00565419 148.212 -101.071 -1428.4 0.999985 0.000415009 0.0054298 -0.000373764 -27.0708 15.6007 0 0.980595 -0 0 -0.196047 2576.32 26.9078 14330.5 0.976265 0.0360162 0.212124 -0.02477 
1571663181.515786 1571663181.915743 -0.00189196 -0.376214 0 0.999992 0 0 -0.00396842 151.432 -141.793 -1858.77 0.999993 0.000586565 0.0037718 0.0005754 -27.2172 15.2541 0 0.979809 0 0 -0.199937 1938.37 30.8933 12572.4 0.97545 0.0363731 0.21584 -0.0242195 
1571663181.915743 1571663182.215710 0.000495315 -0.269246 0 0.999997 0 0 0.00250547 13.0304 -100.5 -1284.46 0.999996 0.000173031 -0.00290864 0.000223522 -27.3222 15.0062 0 0.980307 0 0 -0.197481 1405.24 34.9407 11399.4 0.976073 0.0365639 0.213014 -0.0238582 
1571663182.215710 1571663182.715659 0.00447171 -0.400411 0 0.999917 0 0 0.0128539 -178.889 -143.432 -1927.74 0.999911 -0.000925765 -0.0133076 -0.000787131 -27.4731 14.6353 0 0.982764 0 0 -0.184864 435.622 54.7926 9717.71 0.978836 0.0361422 0.199955 -0.024335 
1571663182.715659 1571663183.115615 0.00359457 -0.267771 0 0.999902 0 0 0.0139772 -214.193 -103.177 -1279.45 0.999893 -0.000835138 -0.0146143 0.000494032 -27.5671 14.3845 0 0.985252 0 0 -0.17111 -266.181 62.0937 8621.84 0.981695 0.0355777 0.185626 -0.0234876 
1571663183.115615 1571663183.715560 0.00746135 -0.325606 0 0.999699 0 0 0.024538 -394.09 -121.362 -1517.66 0.999694 -0.000904325 -0.0247 0.00134879 -27.6699 14.0755 0 0.989154 0 0 -0.146882 -1190.46 73.3875 7349.48 0.986043 0.0350088 0.161348 -0.0214454 
1571663183.715560 1571663184.515485 0.0120928 -0.359931 0 0.999418 0 0 0.0341 -528.212 -142.296 -1711.45 0.999403 -0.000143179 -0.0345207 0.00126159 -27.7629 13.7276 0 0.993587 0 0 -0.113067 -2240.31 77.9466 5891.35 0.991057 0.0353835 0.127254 -0.0190032 
1571663184.515485 1571663185.215412 0.0101705 -0.321621 0 0.999515 0 0 0.0311434 -501.664 -122.984 -1545.97 0.999511 -0.000538807 -0.0312446 0.00141094 -27.8252 13.4119 0 0.996627 0 0 -0.0820681 -3118.97 85.6396 4518.51 0.994594 0.0352464 0.0962662 -0.0165586 
1571663185.215412 1571663186.115327 0.00257859 -0.174667 0 0.999913 0 0 0.0131616 -211.351 -17.1965 -563.675 0.999947 0.000323808 -0.0102992 0.000570313 -27.8513 13.2391 0 0.997621 0 0 -0.0689438 -3434.25 115.34 4006.25 0.99553 0.0356822 0.086043 -0.0155963 
1571663186.115327 1571663187.215223 0.0018115 0.118248 0 0.999905 -0 0 -0.0137585 237.468 53.0755 798.151 0.999895 0.00133111 0.0144213 -0.000715987 -27.8332 13.356 0 0.996578 -0 0 -0.082663 -3062.59 103.491 4753.23 0.994126 0.0368403 0.100386 -0.0167075 
1571663187.215223 1571663187.815161 0.00839722 0.354064 0 0.999768 -0 0 -0.0215404 346.623 99.676 1712.28 0.999788 0.000172451 0.0205705 -0.000389808 -27.7666 13.7039 0 0.994566 -0 0 -0.10411 -2379.45 62.7261 6363.71 0.991838 0.0366994 0.120803 -0.017832 
1571663187.815161 1571663188.215119 0.00367228 0.325765 0 0.999953 -0 0 -0.00968561 151.194 152.895 1569.74 0.99995 -0.000202241 0.00998708 3.8832e-06 -27.6955 14.0218 0 0.993511 -0 0 -0.113739 -1851.89 90.0647 7857.45 0.990589 0.0363184 0.130699 -0.0182182 
1571663188.215119 1571663188.615090 0.00109922 0.379913 0 0.999998 0 0 -0.0019374 -51.1096 130.584 1820.09 0.999998 -6.18121e-05 0.00213854 -0.000357861 -27.6086 14.3916 0 0.993288 0 0 -0.115663 -1426.39 81.9485 9632.63 0.990303 0.0362649 0.132803 -0.0186584 
1571663188.615090 1571663188.915058 -0.000530408 0.312832 0 0.999997 0 0 0.00247877 -80.1342 137.956 1520.7 0.999999 0.000228885 -0.00154337 0.000338295 -27.5372 14.6962 0 0.993572 0 0 -0.113201 -1099.28 104.872 11126.1 0.990505 0.0364754 0.131291 -0.018237 
1571663188.915058 1571663189.215023 -0.00239353 0.319776 0 0.999966 0 0 0.00825597 -198.92 128.426 1594.35 0.999969 -0.000925998 -0.00765417 0.00151925 -27.4676 15.0083 0 0.994473 0 0 -0.104994 -872.788 115.312 12721.9 0.991541 0.0354972 0.123744 -0.016574 
1571663189.215023 1571663189.514994 -0.00417456 0.307949 0 0.999894 0 0 0.0145835 -328.433 127.072 1559.1 0.999895 -0.000509213 -0.0144702 0.000178419 -27.4074 15.3104 0 0.995898 0 0 -0.0904798 -804.931 133.757 14318.7 0.993248 0.0352063 0.109381 -0.0159447 
1571663189.514994 1571663189.914962 -0.00844221 0.37227 0 0.999737 0 0 0.0229159 -566.893 120.405 1850.02 0.999744 -0.000459257 -0.0226196 0.000437855 -27.3486 15.6781 0 0.99771 0 0 -0.0676342 -953.324 131.554 16251.7 0.995491 0.0350539 0.0868942 -0.0147596 
1571663189.914962 1571663190.214926 -0.00420811 0.255416 0 0.999861 0 0 0.0166703 -364.875 114.422 1295.5 0.999855 -5.85348e-05 -0.0169537 0.00128566 -27.3183 15.9317 0 0.998699 0 0 -0.0509927 -1085.68 160.406 17595.7 0.996842 0.0351291 0.0700486 -0.0128884 
1571663190.214926 1571663190.714880 -0.00925975 0.378721 0 0.999704 0 0 0.0243491 -600.475 149.259 1911.24 0.999705 -0.000821482 -0.0242918 0.000301029 -27.2889 16.3094 0 0.999645 0 0 -0.0266601 -1410.31 184.414 19578 0.998281 0.0345918 0.0458128 -0.0117887 
1571663190.714880 1571663191.314826 -0.00521106 0.28967 0 0.999845 0 0 0.0176019 -422.764 108.573 1421.72 0.999842 -0.000552912 -0.0177836 0.000611347 -27.2787 16.5989 0 0.999959 0 0 -0.00906039 -1699.4 201.581 21036.8 0.998964 0.034216 0.0280671 -0.0105867 
1571663191.314826 1571663192.614696 -0.00520798 0.333898 0 0.999913 0 0 0.0131557 -357.949 123.319 1681.34 0.999908 0.000564429 -0.0135537 0.000896483 -27.2779 16.9329 0 0.999992 0 0 0.00409551 -1960.8 215.529 22740.2 0.999242 0.034895 0.0145615 -0.00921057 
1571663192.614696 1571663202.313732 -0.000373708 0.176511 0 0.999995 0 0 0.00328693 -31.5425 42.5328 519.179 1 -0.000274267 -0.000662756 0.000231288 -27.2797 17.1094 0 0.999973 0 0 0.00738239 -1976.72 222.154 23261.8 0.999264 0.0346237 0.0139048 -0.00896033 
1571663202.313732 1571663202.513712 0 0 0 1 0 0 0 6.11359 2.36949 -11.5816 1 0.000112441 -3.65103e-05 -2.36386e-05 -27.2797 17.1094 0 0.999973 0 0 0.00738239 -1970.88 225.218 23250.2 0.99926 0.0347367 0.0138685 -0.00898112 
1571663202.513712 1571663255.208531 -0.000202714 -0.14984 0 1 0 0 -0.000258017 13.1786 -69.2489 -1085.53 1 -0.000546879 -0.000551983 -0.000233357 -27.2777 16.9596 0 0.999975 0 0 0.00712438 -1988.43 231.554 22162.6 0.999284 0.0341984 0.0133039 -0.00920271 
1571663255.208531 1571663256.008481 0.000469562 -0.370628 0 0.999999 0 0 0.00129075 51.3977 -155.702 -1860.27 0.999999 0.000195999 -0.00122683 -0.000781716 -27.2719 16.589 0 0.999965 0 0 0.0084151 -1988.35 202.945 20295.3 0.999285 0.0344159 0.012053 -0.00993929 
1571663256.008481 1571663256.608391 0.000162848 -0.311867 0 1 0 0 0.000594007 19.6443 -120.458 -1517.62 1 -0.000187532 -0.000869796 0.000187011 -27.2665 16.2772 0 0.999959 0 0 0.00900908 -2006.73 187.171 18773 0.999304 0.0342349 0.0111884 -0.00972474 
1571663256.608391 1571663257.508306 -0.000257401 -0.305047 0 1 0 0 -0.000701672 47.0153 -89.6539 -1491.64 1 -5.18223e-05 -0.000880629 0.00015837 -27.2613 15.9722 0 0.999965 0 0 0.00830744 -1993.91 199.253 17278 0.999317 0.0341899 0.0103133 -0.00953691 
1571663257.508306 1571663258.308216 0.00040964 -0.344141 0 0.999999 0 0 0.00104173 49.5901 -142.595 -1735.99 0.999999 -0.000199885 -0.0012623 -0.00104472 -27.2552 15.6281 0 0.999956 0 0 0.00934913 -1981.81 175.074 15535.7 0.999325 0.0340129 0.00901422 -0.0105398 
1571663258.308216 1571663259.008143 0.000288252 -0.327235 0 1 0 0 0.000676588 51.9183 -126.047 -1610.96 0.999999 4.21647e-05 -0.00124002 -0.000970228 -27.2487 15.3009 0 0.99995 0 0 0.0100257 -1960.51 158.104 13919.2 0.999323 0.0340768 0.00774247 -0.0114668 
1571663259.008143 1571663259.708078 0.000157751 -0.335403 0 1 0 0 0.000616666 40.8349 -125.053 -1657.86 0.999999 0.000231246 -0.00095815 -0.000673795 -27.2419 14.9656 0 0.999943 0 0 0.0106423 -1946.98 145.668 12256.2 0.999315 0.0343241 0.00676466 -0.0121057 
1571663259.708078 1571663260.408007 0.000292267 -0.320601 0 1 0 0 0.000926648 56.2488 -130.652 -1581.24 0.999999 -0.000199993 -0.00107208 0.00101613 -27.2347 14.645 0 0.999933 0 0 0.0115689 -1914.04 122.761 10669.1 0.99934 0.0341303 0.00572576 -0.0110548 
1571663260.408007 1571663261.207925 0.00023236 -0.330932 0 1 0 0 0.000770407 51.6443 -138.932 -1627.35 0.999999 -0.000168411 -0.00111057 -0.000162951 -27.2269 14.3142 0 0.999924 0 0 0.0123393 -1882.93 94.2818 9035.57 0.99935 0.0339752 0.0046085 -0.0111807 
1571663261.207925 1571663262.107841 0.000312209 -0.330045 0 1 0 0 0.000545243 45.6308 -138.541 -1612.63 0.999999 0.000348945 -0.00111045 0.000218999 -27.2184 13.9843 0 0.999917 0 0 0.0128845 -1854.08 64.7644 7416.88 0.999345 0.0343353 0.00351011 -0.0109225 
1571663262.107841 1571663270.706990 0.000144133 -0.116603 0 0.999998 0 0 0.00184688 9.94917 -5.41605 -150.025 1 -0.000259646 -0.000237647 5.8786e-05 -27.2153 13.8677 0 0.999891 0 0 0.0147312 -1845.2 69.4546 7266.76 0.999355 0.0340782 0.0032718 -0.0108565 
1571663270.706990 1571663378.296302 0 0 0 1 0 0 0 -21.5515 -4.96748 -33.0266 1 -0.000118051 0.000178511 -0.000768927 -27.2153 13.8677 0 0.999891 0 0 0.0147312 -1867.04 67.2146 7233.63 0.99935 0.0339608 0.00342271 -0.0116314 
1571663378.296302 1571663382.495890 0.000486878 0.201843 0 1 0 0 -0.000823058 -38.9465 102.682 1252.9 1 0.000209998 0.000783995 -0.000436791 -27.2207 14.0695 0 0.999903 0 0 0.0139082 -1895.99 85.3844 8490.87 0.999334 0.034163 0.0041938 -0.0120938 
1571663382.495890 1571663385.195618 7.59099e-05 0.143254 0 0.999999 0 0 0.00148242 -1.83457 43.4923 529.152 1 -0.000366322 0.000201308 0.000238978 -27.2246 14.2127 0 0.999882 0 0 0.0153905 -1892.76 92.6217 9021.75 0.999349 0.0337935 0.00439871 -0.0118634 
1571663385.195618 1571663385.395595 0 0 0 1 0 0 0 -4.80742 1.42566 8.86212 1 0.000133396 0.000102692 3.95032e-05 -27.2246 14.2127 0 0.999882 0 0 0.0153905 -1897.46 93.5568 9030.74 0.999344 0.0339254 0.00450425 -0.0118268 
1571663385.395595 1571663441.290042 0 0 0 1 0 0 0 0.195773 0.69606 3.38639 0.999999 -0.000203788 4.34866e-05 0.00102907 -27.2246 14.2127 0 0.999882 0 0 0.0153905 -1897.22 94.0165 9034.16 0.999363 0.0337166 0.00458021 -0.0108008 
1571663441.290042 1571663442.989878 -0.00105222 0.216687 0 0.999997 0 0 0.00236223 -45.5753 116.55 1427.56 1 0.000696727 0.000365045 0.000177822 -27.2323 14.4292 0 0.999842 0 0 0.0177524 -1928.2 114.899 10466.7 0.999339 0.0344081 0.00495854 -0.0106322 
1571663442.989878 1571663443.589831 1.91749e-05 0.325701 0 1 0 0 -6.55304e-05 -65.9251 134.956 1622.89 0.999999 0.000365079 0.000425412 -0.00110991 -27.2439 14.7547 0 0.999844 0 0 0.0176868 -1976.3 139.106 12095.6 0.999312 0.0347739 0.00534936 -0.0117542 
1571663443.589831 1571663444.091121 1.61146e-05 0.354742 0 1 0 0 0.000124738 -70.1579 134.984 1750.14 1 -0.000207075 0.000642914 0.000426949 -27.2564 15.1092 0 0.999841 0 0 0.0178116 -2025.93 153.493 13851.6 0.99932 0.0345571 0.00600424 -0.011351 
1571663444.091121 1571663444.489732 0.000144047 0.32008 0 1 -0 0 -0.000372345 -54.1344 113.453 1567.97 0.999999 -0.00033486 0.000607313 0.00095714 -27.2677 15.4291 0 0.999848 0 0 0.0174393 -2059.84 159.343 15424.2 0.999338 0.0342098 0.00664041 -0.0104175 
1571663444.489732 1571663444.889692 9.06887e-05 0.352692 0 1 0 0 -0.000251963 -49.2498 143.754 1725.54 0.999999 0.000288786 0.000645792 0.0013031 -27.2799 15.7816 0 0.999852 0 0 0.0171873 -2084.34 185.511 17156.1 0.999337 0.034483 0.00733336 -0.00913543 
1571663444.889692 1571663445.189668 9.35401e-05 0.28628 0 1 -0 0 -0.000278335 -29.7443 92.5637 1402.34 1 -0.000190404 0.000281814 -0.000105081 -27.2896 16.0677 0 0.999857 0 0 0.016909 -2092.67 181.529 18561.8 0.99934 0.0342909 0.00760962 -0.00925155 
1571663445.189668 1571663445.589623 0.000180263 0.405891 0 1 0 0 -0.000442056 -63.849 138.469 1958.3 1 0.000410502 0.000619191 -0.000105813 -27.3032 16.4734 0 0.999864 0 0 0.0164671 -2125.33 186.306 20525.7 0.99932 0.0346962 0.00822857 -0.0093754 
1571663445.589623 1571663445.889605 0.000170424 0.320463 0 1 -0 0 -0.000677422 -41.6095 126.276 1553.31 0.999999 -3.5355e-05 0.000596137 0.000893916 -27.3136 16.7937 0 0.999875 0 0 0.0157897 -2139.95 205.057 22084.5 0.999324 0.0346479 0.00885498 -0.00850306 
1571663445.889605 1571663446.189567 -9.11454e-05 0.335922 0 1 0 0 8.45777e-05 -55.3727 133.344 1642.45 1 0.00055977 0.000317586 -0.000328485 -27.3243 17.1294 0 0.999874 0 0 0.0158743 -2164.86 224.984 23733 0.999299 0.0352075 0.00916573 -0.00883737 
1571663446.189567 1571663446.489546 0.000190626 0.346275 0 1 0 0 -0.000549387 -72.7767 125.668 1696.45 1 9.65183e-05 0.000561946 -0.000440254 -27.3351 17.4755 0 0.999883 0 0 0.015325 -2205.29 231.912 25435.2 0.999286 0.035303 0.00971263 -0.00929621 
1571663446.489546 1571663446.689523 2.88673e-05 0.237251 0 1 0 0 -8.34324e-05 -38.785 73.4088 1166.23 1 0.000212078 0.000225544 -0.000636776 -27.3423 17.7127 0 0.999884 0 0 0.0152415 -2220.77 223.325 26604.2 0.99927 0.035519 0.0099175 -0.00993843 
1571663446.689523 1571663446.989498 -0.000221284 0.361468 0 1 0 0 0.000550539 -56.9766 116.764 1766.13 0.999999 0.000558482 0.000373023 -0.00085028 -27.3535 18.074 0 0.999875 0 0 0.015792 -2241.57 215.144 28375 0.999238 0.0360818 0.0102656 -0.0107958 
1571663446.989498 1571663447.289469 -0.000341327 0.370959 0 1 0 0 0.000590506 -78.263 161.237 1809.05 0.999999 -0.00103321 0.000262221 -0.000954874 -27.3656 18.4447 0 0.999866 0 0 0.0163824 -2280.49 246.706 30192.2 0.999261 0.0350563 0.010482 -0.01177 
1571663447.289469 1571663447.489449 0.00011277 0.257652 0 1 -0 0 -0.000421068 -26.1157 115.028 1254.53 0.999999 -0.000750917 0.000228522 0.000632945 -27.3739 18.7023 0 0.999873 0 0 0.0159614 -2278.56 273.811 31452 0.999292 0.0342966 0.0107237 -0.0111534 
1571663447.489449 1571663447.789416 0.000260418 0.397363 0 1 0 0 -0.000609074 -60.2393 161.916 1944.6 1 -0.000514785 0.000393749 0.00035207 -27.3863 19.0994 0 0.999882 0 0 0.0153524 -2294.85 302.847 33403.9 0.999309 0.033774 0.0111235 -0.0108206 
1571663447.789416 1571663447.989396 2.64998e-05 0.269345 0 1 0 0 8.23032e-05 -49.2385 95.4537 1317.14 1 -0.00082496 0.000323863 -2.88386e-07 -27.3946 19.3686 0 0.999881 0 0 0.0154347 -2313.61 309.862 34725.3 0.999333 0.0329461 0.0114382 -0.010841 
1571663447.989396 1571663448.289373 0.000304507 0.415171 0 1 -0 0 -0.000676485 -41.5139 154.937 2022.53 0.999999 -0.000532799 0.000458433 0.000966964 -27.4071 19.7836 0 0.999891 0 0 0.0147583 -2306.84 331.613 36754 0.999355 0.0323976 0.0119224 -0.00989587 
1571663448.289373 1571663448.489352 -1.8296e-06 0.281345 0 1 0 0 -8.57134e-05 -60.5286 95.4315 1397.91 1 -0.000757375 0.000228797 -0.00050142 -27.4154 20.0648 0 0.999892 0 0 0.0146726 -2332.96 337.127 38156.3 0.999371 0.0316444 0.0121273 -0.0104134 
1571663448.489352 1571663448.689347 1.72795e-06 0.287106 0 1 -0 0 -6.89659e-05 -42.1424 106.475 1396.88 1 7.38338e-06 0.000377608 -0.000507158 -27.4238 20.3518 0 0.999893 0 0 0.0146037 -2339.85 355.507 39557.7 0.999361 0.031654 0.0124887 -0.0109321 
1571663448.689347 1571663448.989308 0.000252417 0.431254 0 1 -0 0 -0.000785573 -98.2452 139.757 2089.54 0.999999 -0.000821435 0.000617061 -0.00101637 -27.4362 20.7829 0 0.999905 0 0 0.0138182 -2384.16 364.249 41653.7 0.999367 0.030839 0.0130642 -0.0119776 
1571663448.989308 1571663449.189287 0.000260887 0.289735 0 1 0 0 -0.000602938 -54.0258 80.7358 1397.02 1 0.000137513 0.00019893 -0.000715209 -27.4439 21.0725 0 0.999913 0 0 0.0132153 -2400.71 359.51 43054 0.999352 0.0309834 0.0132426 -0.0126967 
1571663449.189287 1571663449.389266 -0.000210923 0.294833 0 1 0 0 0.000803162 -84.366 105.968 1414.79 0.999998 0.00129898 0.000123916 -0.00148786 -27.4519 21.3673 0 0.999902 0 0 0.0140184 -2445.91 379.223 44474.4 0.999289 0.0322996 0.0133368 -0.0141702 
1571663449.389266 1571663449.589243 -0.000124167 0.298919 0 1 0 0 0.000467675 -40.9671 123.61 1446.1 0.999999 0.00094146 -7.41041e-05 0.000564043 -27.4604 21.6661 0 0.999895 0 0 0.014486 -2446.02 409.754 45926 0.999267 0.0332339 0.0132943 -0.0135916 
1571663449.589243 1571663449.889219 0.000139676 0.454301 0 1 0 0 0.000170477 -75.7616 156.114 2206.28 0.999999 0.000216457 -0.000267511 0.001197 -27.4734 22.1202 0 0.999893 0 0 0.0146565 -2460.72 420.12 48139 0.999279 0.0334379 0.0130697 -0.0123837 
1571663449.889219 1571663450.089193 -0.000213221 0.308108 0 1 0 0 0.000484472 -59.3868 124.84 1478.21 0.999999 0.00094156 -0.000268366 0.000311734 -27.4827 22.4281 0 0.999885 0 0 0.0151409 -2479.48 446.798 49623.3 0.999254 0.034378 0.0128236 -0.0120509 
1571663450.089193 1571663450.289173 -0.000154133 0.309979 0 1 0 0 0.00045836 -57.8599 110.55 1500.58 1 0.000699253 -0.000611411 5.33484e-05 -27.4922 22.738 0 0.999878 0 0 0.0155992 -2497.33 454.836 51129 0.999238 0.0350834 0.0122229 -0.0119676 
1571663450.289173 1571663450.489153 -9.40473e-05 0.309565 0 1 0 0 0.00037696 -88.7382 113.318 1506.36 0.999999 0.000638299 -0.000263696 -0.00124081 -27.502 23.0474 0 0.999872 0 0 0.0159761 -2547.68 463.832 52641.3 0.999203 0.0357395 0.0119235 -0.0131904 
1571663450.489153 1571663450.689173 -0.000153884 0.311964 0 1 0 0 0.000549445 -75.7153 127.354 1534.8 1 -0.000255306 -0.000367822 -0.000525929 -27.5121 23.3592 0 0.999863 0 0 0.0165255 -2584.76 482.647 54182.7 0.999209 0.0354955 0.0115338 -0.0137058 
1571663450.689173 1571663450.889120 -0.000313093 0.311198 0 1 0 0 0.000952269 -62.4553 104.615 1527.27 1 0.000158653 -0.000556092 -3.14984e-05 -27.5227 23.6702 0 0.999847 0 0 0.0174776 -2610.51 479.799 55714.6 0.999209 0.035662 0.0109792 -0.0137157 
1571663450.889120 1571663451.089099 -4.38717e-05 0.311424 0 1 0 0 7.98677e-05 -32.4017 101.118 1526.57 0.999999 -0.000200769 -0.000630349 0.00126772 -27.5336 23.9814 0 0.999846 0 0 0.0175575 -2608.04 472.23 57244.8 0.99924 0.0354561 0.0103918 -0.0124287 
1571663451.089099 1571663451.389069 -0.000413499 0.466461 0 0.999999 0 0 0.00115479 -105.611 164.665 2257.6 0.999999 0.000897293 -0.000549275 0.000367774 -27.5504 24.4476 0 0.999825 0 0 0.0187121 -2664.48 478.423 59510.2 0.999218 0.0363557 0.00986713 -0.0120324 
1571663451.389069 1571663451.589054 -0.000304083 0.311468 0 1 0 0 0.00091779 -66.6633 118.352 1524.11 0.999999 -0.000698976 -0.000663465 -0.000290156 -27.5624 24.7588 0 0.999807 0 0 0.0196297 -2699.46 486.888 61039.9 0.999246 0.0356681 0.00918522 -0.0123051 
1571663451.589054 1571663451.789031 -0.000310083 0.314766 0 1 0 0 0.000971198 -66.5441 141.868 1533.9 0.999999 -0.000528038 -0.00071072 -0.000785901 -27.575 25.0733 0 0.999788 0 0 0.0206007 -2735.58 520.258 62581 0.999261 0.0351564 0.0084405 -0.0130699 
1571663451.789031 1571663451.989011 -6.77256e-05 0.315501 0 1 0 0 0.000271041 -74.2579 107.233 1518.08 1 0.000578499 -0.00032704 0.000746857 -27.5881 25.3886 0 0.999782 0 0 0.0208717 -2782.73 522.088 64104 0.999252 0.0357324 0.00814751 -0.0123072 
1571663451.989011 1571663452.188994 -4.20339e-05 0.3054 0 1 0 0 0.000179719 -55.4841 91.419 1495.41 0.999999 0.00129024 -0.000595746 -8.79737e-05 -27.6009 25.6937 0 0.999778 0 0 0.0210513 -2812.85 507.489 65602.8 0.999209 0.0370297 0.00756494 -0.0123633 
1571663452.188994 1571663452.388972 -0.000328472 0.294343 0 0.999999 0 0 0.00103965 -95.6885 -41.8317 1347.63 0.999974 0.00711192 -0.000475068 -0.00084498 -27.6136 25.9878 0 0.999756 0 0 0.0220907 -2890.42 368.117 66945 0.998913 0.0441473 0.00714669 -0.0131359 
1571663452.388972 1571663452.588955 -0.000242501 0.295968 0 1 0 0 0.000722616 -65.4006 213.051 1478.33 0.999987 -0.0051314 -0.000323322 0.000187127 -27.6269 26.2834 0 0.99974 0 0 0.0228132 -2930.67 451.275 68437.2 0.999131 0.0390238 0.00676448 -0.0129712 
1571663452.588955 1571663452.888926 -0.000743049 0.45034 0 0.999998 0 0 0.00173803 -77.5804 318.855 2271.88 0.999985 -0.00537126 -0.000798579 0.000724813 -27.6482 26.7333 0 0.999699 0 0 0.0245507 -2971.38 593.462 70727.9 0.999341 0.0336621 0.00592511 -0.012252 
1571663452.888926 1571663453.088908 -0.000330566 0.307201 0 1 0 0 0.000829942 -64.7065 20.1463 1438.78 0.999993 0.003677 -0.000638741 0.000868191 -27.6636 27.0401 0 0.999678 0 0 0.0253804 -3019.71 518.106 72165.5 0.999224 0.0373391 0.00536102 -0.011341 
1571663453.088908 1571663453.288887 -0.000123324 0.30245 0 1 0 0 0.000280323 -66.5762 103.612 1458.18 1 -0.000655974 -0.000603812 0.000294699 -27.6791 27.3422 0 0.999671 0 0 0.0256606 -3069.48 513.898 73628 0.999255 0.0366889 0.00476124 -0.0110275 
1571663453.288887 1571663453.488869 -0.000161374 0.307038 0 1 0 0 0.000603627 -86.4718 159.477 1503.16 0.999999 -0.000440188 -0.000473813 -0.000816312 -27.695 27.6488 0 0.999655 0 0 0.0262641 -3139.27 564.408 75139.6 0.999263 0.0362581 0.00425297 -0.0118279 
1571663453.488869 1571663453.688852 -0.000296025 0.309397 0 1 0 0 0.00088776 -67.0263 123.956 1511.6 1 0.000353124 -0.000652294 0.000203493 -27.7115 27.9577 0 0.999631 0 0 0.0271515 -3191.76 579.881 76656.8 0.999255 0.0366178 0.00361271 -0.0115994 
1571663453.688852 1571663453.888829 -0.000179949 0.308189 0 1 0 0 0.00075987 -51.8845 117.78 1501.08 0.999999 -0.00071619 -0.000574545 0.00145692 -27.7284 28.2655 0 0.99961 0 0 0.0279111 -3231.3 588.527 78162.8 0.999299 0.0359035 0.00308363 -0.0101251 
1571663453.888829 1571663454.188807 -0.000806629 0.442815 0 0.999998 0 0 0.00196225 -119.243 117.536 2221.66 0.999966 -0.00793832 -0.000612053 -0.00200054 -27.754 28.7075 0 0.999554 0 0 0.0298725 -3336.04 548.564 80388 0.999532 0.0279819 0.0023197 -0.0121264 
1571663454.188807 1571663454.388787 -0.00026593 0.310188 0 1 0 0 0.000752346 -67.0563 116.081 1460.08 0.999998 0.00149674 -0.000688256 -0.000843143 -27.7727 29.0172 0 0.999531 0 0 0.0306245 -3394.47 584.29 81852.6 0.99948 0.0294882 0.00162632 -0.0129464 
1571663454.388787 1571663454.588773 -0.000153609 0.297095 0 1 0 0 0.000498621 -69.0387 182.83 1419.48 0.999957 0.0090938 -0.000851979 0.0016798 -27.7911 29.3137 0 0.999516 0 0 0.0311229 -3455.2 684.789 83280.6 0.999192 0.0385843 0.00094198 -0.011227 
1571663454.588773 1571663454.788753 -0.000183389 0.308702 0 1 0 0 0.000593007 -65.3573 87.8479 1518.3 0.999986 -0.00533988 -0.000511601 -8.87446e-05 -27.8105 29.6218 0 0.999497 0 0 0.0317156 -3517.02 656.712 84801.4 0.999383 0.033254 0.000367404 -0.0113008 
1571663454.788753 1571663454.988733 -0.00021584 0.309015 0 1 0 0 0.00045621 -81.0531 82.0178 1503.46 0.999998 -0.00162175 -0.000186524 0.00111216 -27.8303 29.9302 0 0.999482 0 0 0.0321716 -3596.23 640.414 86307.1 0.999448 0.0316349 0.000199651 -0.0101837 
1571663454.988733 1571663455.288703 -0.000454811 0.458357 0 0.999999 0 0 0.00148928 -82.6652 181.41 2208.91 0.999989 0.00404013 -0.00105665 0.00204419 -27.8602 30.3875 0 0.999433 0 0 0.0336601 -3675.72 683.416 88523.1 0.99933 0.0356828 -0.000750607 -0.00810629 
1571663455.288703 1571663455.488683 -0.000453195 0.307325 0 0.999999 0 0 0.00146104 -77.7786 105.743 1496.38 0.999999 -0.000168178 -0.000681086 -0.00146238 -27.8813 30.6941 0 0.999383 0 0 0.0351203 -3754.89 683.44 90023.2 0.999322 0.0355191 -0.00148478 -0.00954325 
1571663455.488683 1571663455.688664 -0.000197696 0.308641 0 1 0 0 0.000715578 -83.9232 115.09 1507.07 1 -0.000823304 -0.000516431 8.60699e-05 -27.9032 31.002 0 0.999358 0 0 0.0358354 -3842.11 692.884 91534.4 0.999351 0.0347014 -0.00200566 -0.00943767 
1571663455.688664 1571663455.888642 -0.000155391 0.314399 0 1 0 0 0.000397445 -87.307 124.89 1524.9 1 -0.000386495 -0.000487017 -0.00061331 -27.9259 31.3156 0 0.999343 0 0 0.0362326 -3934.17 713.404 93064 0.999357 0.0343185 -0.00251729 -0.0100329 
1571663455.888642 1571663456.088636 -6.23249e-05 0.317166 0 1 0 0 0.000365733 -70.3643 115.043 1535.25 0.999999 0.00103984 -0.000569369 -0.000469426 -27.9489 31.6319 0 0.99933 0 0 0.0365981 -4011.02 724.346 94603.2 0.999315 0.0353622 -0.00309197 -0.0104851 
1571663456.088636 1571663456.288605 -0.000244309 0.316944 0 1 0 0 0.000801329 -85.098 96.2973 1538.57 0.999999 0.00093353 -0.000457092 -0.000690665 -27.9723 31.948 0 0.9993 0 0 0.0373988 -4104.75 713.543 96144.2 0.999272 0.0362977 -0.00356338 -0.011162 
1571663456.288605 1571663456.488581 -0.00032362 0.317652 0 1 0 0 0.000974856 -82.1986 112.682 1538.57 1 -4.59955e-06 -0.00048317 -0.000339397 -27.9964 32.2647 0 0.999263 0 0 0.038373 -4196.64 716.266 97686.4 0.999267 0.0362973 -0.00405857 -0.0114836 
1571663456.488581 1571663456.688566 -0.00047251 0.319185 0 0.999999 0 0 0.00139808 -56.7234 128.079 1561.69 0.999999 -0.000436346 -0.000788657 0.000886744 -28.0214 32.5829 0 0.999209 0 0 0.03977 -4264.42 732.151 99252.8 0.999289 0.0358739 -0.00481947 -0.0105671 
1571663456.688566 1571663456.888541 -0.000376283 0.318481 0 1 0 0 0.000781377 -58.6454 122.741 1555.63 0.999999 -0.000589633 -0.000638966 0.00105973 -28.047 32.9004 0 0.999177 0 0 0.0405508 -4336.66 744.433 100813 0.999317 0.0352965 -0.00542619 -0.00948235 
1571663456.888541 1571663457.088522 -3.28723e-06 0.318643 0 1 0 0 -3.62267e-06 -50.4445 106.639 1560.53 0.999999 -0.000305096 -0.000652876 0.000757624 -28.0729 33.218 0 0.999178 0 0 0.0405471 -4403.08 741.835 102376 0.999331 0.0350019 -0.00605477 -0.00870054 
1571663457.088522 1571663457.288506 -0.000165677 0.319673 0 1 0 0 0.000381949 -81.041 119.989 1543.26 1 -0.000217125 -0.000621458 -0.000647382 -28.0989 33.5366 0 0.999162 0 0 0.0409288 -4501.68 755.156 103923 0.999329 0.0347864 -0.00670036 -0.00932442 
1571663457.288506 1571663457.488486 -4.36215e-05 0.319403 0 1 0 0 0.000296652 -75.5956 101.124 1556.68 0.999999 0.000221347 -0.000727362 -0.00075641 -28.1251 33.8549 0 0.99915 0 0 0.0412252 -4597.28 749.426 105482 0.999309 0.0350093 -0.00745148 -0.0100565 
1571663457.488486 1571663457.788456 -0.000604668 0.463794 0 0.999999 0 0 0.00132582 -138.725 204.248 2280.83 0.999998 5.74916e-05 -0.000659775 -0.00170707 -28.1639 34.3171 0 0.999094 0 0 0.0425498 -4767.53 796.745 107769 0.999283 0.0350606 -0.00816997 -0.0117397 
