groundtruth: cam2wheel_ryp.roll = -0.957862, cam2wheel_ryp.yaw = -4.04534, cam2wheel_ryp.pitch = -7.22235, cam2wheel_xyz.x = 1.84476, cam2wheel_xyz.y = -0.283707, cam2wheel_xyz.z = 1.29741
from_timestamp to_timestamp delta_pos_wheel delta_q_wheel delta_pos_cam delta_q_cam pos_wheel q_wheel pos_cam q_cam 
1576396063.179443 1576396070.336225 0 0 0 1 0 0 0 7.71503 -5.45339 7.62767 1 -8.73083e-05 -0.000117548 5.05006e-05 0 0 0 1 0 0 0 -22060.9 -11596.1 -201894 0.995633 0.0281608 0.0889981 -0.00102698 
1576396070.336225 1576396070.638440 0 0 0 1 0 0 0 -4.87867 0.977644 0.235105 1 3.45246e-05 5.33947e-05 4.73023e-05 0 0 0 1 0 0 0 -22065.7 -11595.2 -201892 0.995627 0.0281909 0.0890526 -0.000978315 
1576396070.638440 1576396073.059763 -0.00106248 0.672831 0 1 0 0 8.70802e-05 -197.875 329.516 2660.02 0.999998 0.000758401 0.00190311 -0.000506709 -0.00106248 0.672831 0 1 0 0 8.70802e-05 -21786.6 -11416.6 -199225 0.995434 0.0289892 0.0909337 -0.00146892 
1576396073.059763 1576396073.863933 5.11384e-05 0.651598 0 1 -0 0 -3.66665e-05 -177.814 295.038 2337.18 0.999999 -0.000655734 0.000435654 0.000704994 -0.00112483 1.32443 0 1 0 0 5.04137e-05 -21536.1 -11258 -196881 0.995414 0.0282717 0.0913868 -0.000839402 
1576396073.863933 1576396074.567983 0.000457687 0.70592 0 1 -0 0 -0.000636736 -169.532 294.935 2493.44 0.999999 -0.000170268 2.00597e-05 0.00165185 -0.000738314 2.03035 0 1 -0 0 -0.000586322 -21247.3 -11104.8 -194386 0.995417 0.0279512 0.0914532 0.00078875 
1576396074.567983 1576396075.172684 -0.000177175 0.671519 0 1 0 0 0.000320373 -198.499 284.549 2396.74 1 0.000118937 7.18194e-05 -0.000488392 -0.000128036 2.70187 0 1 -0 0 -0.000265949 -21005 -10955.1 -191981 0.995407 0.0281143 0.0915109 0.000311466 
1576396075.172684 1576396075.690074 -0.000195015 0.627155 0 1 0 0 8.01361e-05 -183.296 266.143 2208.36 1 8.10308e-05 0.000131162 -0.000552911 1.05301e-05 3.32902 0 1 0 0 -0.000185812 -20781.6 -10813.9 -189765 0.995393 0.0282456 0.0916259 -0.000235178 
1576396075.690074 1576396076.192521 6.73457e-05 0.630418 0 1 0 0 -0.000145637 -165.638 270.545 2233.49 0.999999 0.00133863 0.000127891 0.000478981 0.000312155 3.95944 0 1 0 0 -0.00033145 -20535.6 -10670.2 -187527 0.995342 0.0295341 0.0917669 0.000360637 
1576396076.192521 1576396076.708384 -0.00021572 0.682032 0 1 0 0 0.000780117 -196.315 282.648 2323.92 1 0.000354558 0.000108708 0.000165206 0.000548553 4.64147 0 1 0 0 0.000448667 -20302.7 -10525.7 -185194 0.995322 0.0298719 0.0918799 0.0005544 
1576396076.708384 1576396077.205485 2.21319e-05 0.678288 0 1 0 0 2.39535e-05 -197.032 304.288 2409.51 0.999999 -0.000593888 -0.000374992 -0.00124232 -3.79664e-05 5.31976 0 1 0 0 0.000472621 -20054.3 -10366.3 -182775 0.995374 0.0293947 0.0914698 -0.00072547 
1576396077.205485 1576396077.703352 -0.000349417 0.690566 0 1 0 0 0.000701225 -202.102 316.468 2497.24 1 -0.000514808 -0.00051588 7.14696e-05 -0.00104014 6.01033 0 0.999999 0 0 0.00117385 -19796.2 -10197.7 -180269 0.995436 0.0288761 0.090958 -0.000686256 
1576396077.703352 1576396078.206634 -0.000365524 0.728908 0 1 0 0 0.000523557 -209.132 301.002 2552.57 1 -0.000162866 -0.000776736 0.000351736 -0.00311691 6.73923 0 0.999999 0 0 0.0016974 -19537.8 -10045 -177708 0.995511 0.0286825 0.0901948 -0.00032851 
1576396078.206634 1576396078.608331 -0.000945449 0.582064 0 1 0 0 0.000997029 -193.486 260.288 2083.74 0.999998 -0.00130515 -0.000774645 -0.000970067 -0.00603834 7.32129 0 0.999996 0 0 0.00269443 -19352.4 -9905.18 -175612 0.995616 0.0274709 0.0893952 -0.00138972 
1576396078.608331 1576396079.013362 -0.000147039 0.593059 0 1 0 0 0.000127606 -189.202 258.028 2118.35 1 7.37328e-05 -0.000591526 0.000187129 -0.00938128 7.91434 0 0.999996 0 0 0.00282203 -19159.7 -9764.36 -173483 0.995667 0.0275284 0.0888115 -0.00118057 
1576396079.013362 1576396079.513886 -0.000429706 0.753143 0 1 0 0 0.000865822 -226.163 314.686 2655.22 0.999998 0.00156108 -0.000960779 0.000324317 -0.0140618 8.66747 0 0.999993 0 0 0.00368785 -18910.6 -9596.83 -170816 0.995708 0.029055 0.0878655 -0.000692566 
1576396079.513886 1576396079.916322 -0.000546921 0.623217 0 0.999999 0 0 0.0010199 -172.044 272.627 2158.72 0.999999 -0.000819335 -0.00106084 0.000829659 -0.0192053 9.29066 0 0.999989 0 0 0.00470774 -18700.6 -9450.47 -168649 0.995825 0.028167 0.0868327 9.23645e-05 
1576396079.916322 1576396080.419376 -0.000518281 0.726326 0 1 0 0 0.000849634 -259.601 319.974 2613.02 0.999999 -0.000655833 -0.000792474 -0.000283355 -0.0265622 10.017 0 0.999985 0 0 0.00555736 -18502.9 -9278.87 -166016 0.995911 0.0275384 0.0860355 -0.000224433 
1576396080.419376 1576396080.922049 -0.000862647 0.573022 0 0.999999 0 0 0.00151653 -175.957 256.455 2081.72 0.999999 -0.000386767 -0.00112002 0.000335483 -0.0337937 10.5899 0 0.999975 0 0 0.00707387 -18318.2 -9137.83 -163924 0.996018 0.0271246 0.0849292 0.000107246 
1576396080.922049 1576396081.426099 -0.00022492 0.305241 0 0.999999 0 0 0.00103182 -97.6379 127.146 1068 0.999999 -0.000687942 -0.000639974 -0.000883103 -0.0383369 10.8951 0 0.999967 0 0 0.00810565 -18233.1 -9069.03 -162850 0.99609 0.0265143 0.0842678 -0.000813408 
1576396081.426099 1576396100.676246 -9.21015e-05 0.110482 0 0.999999 0 0 0.00151132 -1.3453 6.08783 71.0651 0.999999 0.00166455 -0.000167319 -0.000344986 -0.04022 11.0056 0 0.999954 0 0 0.00961691 -18222.5 -9066.72 -162779 0.996058 0.0282015 0.0840932 -0.00101234 
1576396100.676246 1576396100.978384 0 0 0 1 0 0 0 -1.64394 1.26236 0.761189 1 -8.47717e-06 2.16301e-05 -2.79266e-05 -0.04022 11.0056 0 0.999954 0 0 0.00961691 -18224 -9065.5 -162778 0.996057 0.0281954 0.084114 -0.00104148 
1576396100.978384 1576396133.318762 0 0 0 1 0 0 0 -6.28683 6.59475 -8.36392 1 0.000101138 0.00011186 7.6083e-05 -0.04022 11.0056 0 0.999954 0 0 0.00961691 -18231.5 -9058.46 -162785 0.996044 0.0282896 0.0842276 -0.000960343 
1576396133.318762 1576396134.728200 0.00059974 0.276242 0 1 0 0 -0.000550828 -97.2588 136.444 1209.99 0.999998 0.00156568 -0.000852576 -0.00047756 -0.0449333 11.2818 0 0.999959 0 0 0.00906611 -18123.6 -8990.9 -161570 0.99607 0.0298901 0.0833663 -0.00128002 
1576396134.728200 1576396135.036416 -0.000287346 0.295816 0 1 0 0 0.000796793 -87.8196 117.304 985.395 1 0.000245926 -0.00053372 0.000205482 -0.0505842 11.5776 0 0.999951 0 0 0.00986286 -18045.7 -8932.91 -160579 0.996107 0.0301186 0.0828411 -0.00103889 
1576396135.036416 1576396135.331566 -0.000475169 0.399396 0 0.999999 0 0 0.00121397 -123.757 172.153 1408.22 0.999999 0.00127724 -0.000766207 0.000665288 -0.0589372 11.9769 0 0.999939 0 0 0.0110768 -17934.2 -8846.17 -159162 0.996131 0.0313365 0.0820991 -0.000247305 
1576396135.331566 1576396135.535096 -0.000349489 0.359657 0 1 0 0 0.000845614 -101.39 156.801 1233.49 0.999999 0.000433928 -0.000586825 0.000779562 -0.0672538 12.3364 0 0.999929 0 0 0.0119223 -17831.6 -8767.2 -157921 0.996166 0.0317049 0.0815391 0.000583256 
1576396135.535096 1576396135.635829 -6.55678e-05 0.229874 0 1 0 0 0.000325248 -62.2229 107.557 721.226 1 8.21391e-05 -0.000452594 1.04352e-05 -0.0728003 12.5662 0 0.999925 0 0 0.0122475 -17775.4 -8705.75 -157194 0.9962 0.0317856 0.0810885 0.000614698 
1576396135.635829 1576396135.835044 -0.000310405 0.437111 0 1 0 0 0.000693936 -133.334 201.37 1592.54 1 -0.000444124 -0.000844212 0.000291434 -0.0838168 13.0032 0 0.999916 0 0 0.0129414 -17648.8 -8606.33 -155591 0.996282 0.031319 0.080257 0.000895845 
1576396135.835044 1576396135.936329 -0.000192729 0.284384 0 1 0 0 0.000577081 -72.7792 119.475 885.613 1 -2.6948e-05 -0.000573859 4.37475e-05 -0.0913696 13.2875 0 0.999909 0 0 0.0135185 -17578.6 -8542.73 -154700 0.996328 0.0312881 0.0796866 0.000955239 
1576396135.936329 1576396136.037178 -4.08894e-05 0.270597 0 1 0 0 0.000160503 -81.1188 119.031 915.162 1 -0.000249288 -0.000363903 -0.000398135 -0.0987259 13.558 0 0.999906 0 0 0.0136789 -17513 -8481.4 -153777 0.996365 0.0310711 0.0793118 0.000550087 
1576396136.037178 1576396136.240336 -0.000522567 0.587979 0 1 0 0 0.000994188 -198.36 252.008 2028.23 0.999998 -0.000440579 -0.000982087 -0.00155163 -0.115333 14.1457 0 0.999892 0 0 0.014673 -17387.2 -8356.48 -151732 0.996456 0.0307546 0.0782852 -0.00100033 
1576396136.240336 1576396136.338049 -0.000127765 0.315254 0 1 0 0 0.000454649 -99.6149 141.411 1087.64 1 0.000474235 -0.000319276 -0.000597202 -0.124711 14.4609 0 0.999886 0 0 0.0151276 -17315 -8282.45 -150635 0.996465 0.0312742 0.0779491 -0.00154847 
1576396136.338049 1576396136.438594 -5.41524e-05 0.331282 0 1 0 0 0.000236187 -96.4587 143.902 1127.31 1 0.000307804 -0.000240462 0.00044509 -0.134787 14.792 0 0.999882 0 0 0.0153638 -17234.2 -8209.54 -149500 0.996475 0.0315466 0.0777239 -0.00107344 
1576396136.438594 1576396136.539163 -0.000147747 0.346583 0 1 0 0 0.000393814 -89.4958 155.186 1177.41 0.999999 6.86542e-05 -0.000269252 0.00118585 -0.145583 15.1384 0 0.999876 0 0 0.0157576 -17139.2 -8129.13 -148315 0.996494 0.0315231 0.077493 0.000122056 
1576396136.539163 1576396136.641234 -2.30994e-05 0.360401 0 1 0 0 8.52124e-05 -92.2682 173.384 1248.84 0.999999 0.000286134 -0.000233908 0.00149397 -0.156963 15.4986 0 0.999874 0 0 0.0158428 -17036.7 -8035 -147059 0.996502 0.0316924 0.0773069 0.00164034 
1576396136.641234 1576396136.741818 -0.000121532 0.374965 0 1 0 0 0.000328611 -97.3484 167.064 1285.37 1 0.000128991 -0.000168196 0.000834939 -0.168964 15.8734 0 0.999869 0 0 0.0161713 -16934.4 -7949.93 -145766 0.996509 0.0317561 0.0771655 0.00248766 
1576396136.741818 1576396136.840563 -0.000179274 0.387907 0 1 0 0 0.00036941 -104.111 177.289 1338.59 1 0.000293509 -0.00038145 -0.000166515 -0.181687 16.2611 0 0.999863 0 0 0.0165407 -16831.2 -7858.23 -144419 0.99653 0.0320605 0.0767794 0.00235649 
1576396136.840563 1576396136.943054 -0.000106758 0.404867 0 1 0 0 0.000323513 -123.892 177.932 1370.62 1 -8.77986e-05 -0.000173561 -0.000707597 -0.195186 16.6657 0 0.999858 0 0 0.0168642 -16743.6 -7768.95 -143037 0.996547 0.0320269 0.0765839 0.00165017 
1576396136.943054 1576396137.041320 -0.000132923 0.41822 0 1 0 0 0.000521622 -134.104 183.275 1429.06 1 -0.000183104 -0.000205016 -0.000699907 -0.209422 17.0837 0 0.999849 0 0 0.0173857 -16657.6 -7678.01 -141595 0.99657 0.0318977 0.0763575 0.000945223 
1576396137.041320 1576396137.142367 -0.000415427 0.424736 0 1 0 0 0.000915584 -128.48 193.68 1489.17 1 -0.000815769 -0.000363431 -0.000216678 -0.224604 17.5082 0 0.999833 0 0 0.0183011 -16557.3 -7580.05 -140094 0.996623 0.0311009 0.0759891 0.00067859 
1576396137.142367 1576396137.242944 -0.000500478 0.444988 0 0.999999 0 0 0.00110056 -132.425 194.048 1533.59 0.999999 -0.00105827 -0.000375252 -0.000333852 -0.241389 17.9528 0 0.999812 0 0 0.0194015 -16455.2 -7482.09 -138549 0.996684 0.0300713 0.0756054 0.000277119 
1576396137.242944 1576396137.343480 -0.00020453 0.458215 0 1 0 0 0.000327798 -118.615 214.464 1565.91 1 5.87147e-05 -0.00036812 0.000582244 -0.25937 18.4107 0 0.999805 0 0 0.0197292 -16335.5 -7362.42 -136974 0.99671 0.0300857 0.075256 0.000872942 
1576396137.343480 1576396137.444183 0.000113913 0.466085 0 1 0 0 -0.000204268 -127.078 205.019 1623.06 0.999999 0.000392485 -0.00015289 0.000910659 -0.277644 18.8764 0 0.999809 0 0 0.019525 -16217 -7255.7 -135340 0.996708 0.0304082 0.0751306 0.00181474 
1576396137.444183 1576396137.544371 3.29264e-05 0.473265 0 1 0 0 9.68968e-05 -117.193 206.136 1648.38 1 -0.000228816 -0.000245812 0.000847787 -0.296088 19.3493 0 0.999807 0 0 0.0196219 -16085.6 -7150.37 -133684 0.996732 0.030116 0.0749118 0.00265002 
1576396137.544371 1576396137.644845 -0.000300726 0.477587 0 1 0 0 0.000576145 -137.862 210.216 1648.44 1 -6.76274e-05 -0.000367341 -0.000608515 -0.315127 19.8266 0 0.999796 0 0 0.0201979 -15975.7 -7040.2 -132023 0.996763 0.0300932 0.0745275 0.00204949 
1576396137.644845 1576396137.745324 -0.00010027 0.518967 0 1 0 0 4.092e-05 -146.766 195.195 1661.95 1 0.000760824 -0.000139615 -0.000413752 -0.336187 20.3451 0 0.999795 0 0 0.0202388 -15873.6 -6945.82 -130349 0.996751 0.0308821 0.0743743 0.00169798 
1576396137.745324 1576396137.850895 6.14562e-05 0.480695 0 1 0 0 -4.85463e-05 -135.291 195.168 1639.22 0.999999 0.00106226 -0.000305697 -0.000619105 -0.355579 20.8254 0 0.999796 0 0 0.0201903 -15764 -6852.6 -128699 0.996741 0.0319864 0.0740486 0.00116933 
1576396137.850895 1576396137.946410 -0.000184134 0.48043 0 1 0 0 0.000538102 -136.298 226.599 1684.01 1 -0.000199911 -0.000337716 0.000234194 -0.37516 21.3054 0 0.999785 0 0 0.0207283 -15649.5 -6734.52 -127003 0.996772 0.0317694 0.0737197 0.00139876 
1576396137.946410 1576396138.050443 -0.000285271 0.480846 0 1 0 0 0.000575515 -134.399 237.072 1685.1 1 -0.000593671 -0.000493938 0.000533606 -0.395374 21.7858 0 0.999773 0 0 0.0213037 -15534.2 -6605.31 -125304 0.996826 0.0311376 0.0732451 0.00190257 
1576396138.050443 1576396138.147360 -9.04704e-05 0.482729 0 1 0 0 0.000214839 -134.735 223.606 1675.18 0.999999 -0.000815246 -0.000182448 0.000644117 -0.416028 22.2681 0 0.999768 0 0 0.0215185 -15422.5 -6486.79 -123617 0.996863 0.0302774 0.0730848 0.00249061 
1576396138.147360 1576396138.248753 -0.000219022 0.48235 0 1 0 0 0.000762068 -136.916 208.722 1691.76 0.999999 -0.000903525 -0.000385586 -0.000456611 -0.437001 22.75 0 0.999752 0 0 0.0222803 -15311.3 -6381.24 -121914 0.996919 0.0294091 0.0726888 0.00198107 
1576396138.248753 1576396138.349161 -4.27938e-05 0.484079 0 1 0 0 0.000300744 -147.302 213.374 1700.16 0.999999 -0.00106806 -0.000378462 -0.000159887 -0.458609 23.2336 0 0.999745 0 0 0.022581 -15210.4 -6268.65 -120201 0.996978 0.0283552 0.0723089 0.00175517 
1576396138.349161 1576396138.449424 -0.000354405 0.484964 0 1 0 0 0.000684965 -138.411 186.941 1691.51 1 -0.000571792 -0.000391547 -0.0002002 -0.48086 23.7181 0 0.999729 0 0 0.0232658 -15103.2 -6178.27 -118499 0.997022 0.0277989 0.0719138 0.00152533 
1576396138.449424 1576396138.552034 1.68468e-05 0.483364 0 1 0 0 4.11319e-05 -144.7 210.851 1668.76 1 0.000680821 0.000140057 0.000100281 -0.503328 24.2009 0 0.999728 0 0 0.0233069 -15006.7 -6060.9 -116817 0.996993 0.0284707 0.0720552 0.00167038 
1576396138.552034 1576396138.650934 0.000128054 0.481095 0 1 -0 0 -0.000128041 -132.296 204.735 1673.58 1 -1.63663e-05 2.53716e-05 0.000375059 -0.52562 24.6815 0 0.999731 0 0 0.0231789 -14896.9 -5952.09 -115133 0.996991 0.0284274 0.0720912 0.00204241 
1576396138.650934 1576396138.755312 0.000277934 0.480982 0 1 -0 0 -0.000573183 -128.25 226.951 1663.74 1 -0.000211182 0.000278091 0.000478871 -0.547634 25.162 0 0.999744 0 0 0.0226059 -14784.4 -5820.38 -113458 0.996976 0.0281829 0.0723825 0.00249671 
1576396138.755312 1576396138.859200 0.000238542 0.535459 0 1 -0 0 -0.000357502 -110.629 210.16 1671.55 1 0.000107266 7.43325e-05 -0.000805303 -0.571598 25.6969 0 0.999752 0 0 0.0222485 -14652.6 -5704.88 -111779 0.996969 0.0283483 0.0724336 0.00169951 
1576396138.859200 1576396138.957332 0.000160866 0.477593 0 1 -0 0 -0.000593321 -138.647 191.315 1717.9 0.999999 1.34504e-06 0.000700414 -0.000858555 -0.592684 26.174 0 0.999765 0 0 0.0216553 -14541.4 -5611.6 -110051 0.996919 0.028413 0.0731075 0.000823798 
1576396138.957332 1576396139.062618 0.000490725 0.47495 0 1 0 0 -0.000727877 -125.872 196.639 1673.23 0.999999 -0.000807755 0.000825764 -0.00112887 -0.612759 26.6486 0 0.999781 0 0 0.0209276 -14421.5 -5510.59 -108369 0.996881 0.0276909 0.0738992 -0.000384114 
1576396139.062618 1576396139.157759 0.000610401 0.475474 0 0.999999 -0 0 -0.00123337 -119.26 206.524 1658.39 0.999999 -0.000770886 0.00101682 -0.000418145 -0.632046 27.1236 0 0.999806 0 0 0.0196945 -14294.1 -5396.44 -106702 0.996826 0.0269529 0.0749009 -0.000886079 
1576396139.157759 1576396139.258219 0.000524932 0.473976 0 0.999999 -0 0 -0.00101652 -102.232 208.762 1646.63 0.999999 5.61554e-05 0.00102101 0.000185148 -0.650187 27.5973 0 0.999826 0 0 0.0186781 -14148.2 -5276.91 -105050 0.996748 0.0269941 0.0759237 -0.000724832 
1576396139.258219 1576396139.358229 0.000564097 0.475194 0 0.999999 -0 0 -0.00113437 -121.006 212.334 1646.19 0.999999 -0.000380705 0.00127148 0.000671445 -0.667372 28.0721 0 0.999846 0 0 0.0175439 -14017.5 -5153.97 -103395 0.996661 0.0265627 0.0772088 -0.000118797 
1576396139.358229 1576396139.460614 0.000573035 0.465985 0 0.999999 -0 0 -0.00133014 -113.871 212.774 1635.18 0.999999 -0.00100079 0.00127222 -1.78857e-06 -0.683147 28.5379 0 0.999869 0 0 0.016214 -13877.4 -5028.55 -101753 0.996588 0.0255652 0.0784765 -0.000231643 
1576396139.460614 1576396139.559691 0.00060912 0.467662 0 0.999999 -0 0 -0.00131062 -106.743 195.468 1636.85 0.999999 -0.000996405 0.00104523 -0.000396072 -0.697702 29.0053 0 0.999889 0 0 0.0149035 -13726 -4917.18 -100112 0.99653 0.024603 0.0795077 -0.000731279 
1576396139.559691 1576396139.664098 0.000860841 0.466372 0 0.999998 -0 0 -0.00174964 -115.444 192.033 1625.67 0.999999 6.95936e-07 0.00146264 -4.51823e-05 -0.710741 29.4715 0 0.999913 0 0 0.0131541 -13581.4 -4805.57 -98481.2 0.996413 0.0246062 0.0809641 -0.000812234 
1576396139.664098 1576396139.764393 0.000608979 0.463676 0 0.999999 -0 0 -0.00115758 -116.621 193.378 1633.99 0.999998 0.000240552 0.0017462 -0.00061982 -0.722329 29.935 0 0.999928 0 0 0.0119966 -13431.8 -4693.04 -96842.3 0.996263 0.0248946 0.0826888 -0.00145332 
1576396139.764393 1576396139.865800 0.000758407 0.504423 0 0.999999 -0 0 -0.00148583 -110.798 192.97 1617.26 0.999998 -0.000344991 0.00177529 -0.0008323 -0.733673 30.4393 0 0.999945 0 0 0.0105108 -13273.4 -4581.06 -95221.4 0.996122 0.0246171 0.0844361 -0.00235523 
1576396139.865800 1576396139.968023 0.000615842 0.462876 0 0.999999 -0 0 -0.00140419 -124.254 204.036 1608.31 0.999997 0.000222449 0.00166001 -0.00167325 -0.742787 30.9021 0 0.999959 0 0 0.00910673 -13123.7 -4456.72 -93607.1 0.99597 0.024976 0.0860488 -0.00404407 
1576396139.968023 1576396140.066937 0.000632328 0.460713 0 0.999999 -0 0 -0.00158398 -124.213 194.709 1597.96 0.999998 7.64486e-05 0.00170608 -0.00126223 -0.750546 31.3628 0 0.999972 0 0 0.00752281 -12970.1 -4342.41 -92003.9 0.995814 0.0251538 0.0877166 -0.00533724 
1576396140.066937 1576396140.165456 0.000510714 0.457481 0 0.999999 -0 0 -0.00112465 -101.626 199.08 1590.86 0.999999 -0.000120678 0.00150601 0.000642459 -0.756918 31.8202 0 0.99998 0 0 0.00639818 -12789.7 -4224.14 -90412 0.995687 0.0249692 0.0892317 -0.00474593 
1576396140.165456 1576396140.266026 0.000568544 0.456464 0 0.999999 -0 0 -0.00141406 -90.4397 192.526 1591.08 0.999998 -1.35495e-05 0.00125482 0.00177049 -0.762191 32.2766 0 0.999988 0 0 0.00498414 -12593.7 -4111.88 -88822.8 0.995581 0.0247917 0.090525 -0.0030156 
1576396140.266026 1576396140.366576 0.000529802 0.453869 0 0.999999 -0 0 -0.00110071 -88.0063 165.056 1567.41 0.999999 -2.06717e-05 0.00082917 0.000616531 -0.766185 32.7305 0 0.999992 0 0 0.00388344 -12396.2 -4025.12 -87259 0.995508 0.0247128 0.0913657 -0.00242422 
1576396140.366576 1576396140.468895 0.000427906 0.450404 0 1 -0 0 -0.000870983 -109.292 193.136 1566.7 0.999998 0.000726515 0.000590696 -0.00155352 -0.769255 33.1809 0 0.999995 0 0 0.00301246 -12217 -3909.97 -85691.1 0.99543 0.0255765 0.0919169 -0.00391897 
1576396140.468895 1576396140.567665 0.000487203 0.447531 0 0.999999 -0 0 -0.00105914 -147.399 157.135 1548.29 0.999996 -0.000119785 0.00108404 -0.00241807 -0.771464 33.6284 0 0.999998 0 0 0.00195332 -12077 -3832.54 -84136.1 0.995321 0.0256752 0.0929334 -0.00636472 
1576396140.567665 1576396140.669158 0.0001294 0.447838 0 1 -0 0 -0.000154041 -113.649 205.636 1526.4 0.999999 0.000408878 0.000461412 -0.00130207 -0.773085 34.0762 0 0.999998 0 0 0.00179928 -11903.2 -3706.12 -82606.7 0.995258 0.0262002 0.0933617 -0.00763454 
1576396140.669158 1576396140.768465 0.000171124 0.437237 0 1 -0 0 -0.000549077 -107.325 202.87 1547.5 0.999999 0.000549538 0.000738091 0.000993873 -0.774487 34.5135 0 0.999999 0 0 0.0012502 -11717.6 -3585.35 -81058.1 0.995182 0.0266487 0.0941265 -0.00661341 
1576396140.768465 1576396140.871274 0.000318432 0.436883 0 1 -0 0 -0.00097836 -95.2979 192.969 1523.81 0.999997 -0.000196737 0.000783569 0.00224104 -0.775261 34.9503 0 1 0 0 0.000271845 -11522.7 -3474.62 -79535.5 0.995125 0.0262367 0.0949644 -0.00442255 
1576396140.871274 1576396140.969475 0.000663106 0.433258 0 0.999999 -0 0 -0.00136056 -88.2723 187.906 1523.33 0.999998 -0.000838002 0.000762212 0.00172752 -0.774833 35.3836 0 0.999999 -0 0 -0.00108872 -11319.3 -3367.47 -78015.4 0.99508 0.0252353 0.0957643 -0.00280302 
1576396140.969475 1576396141.070182 0.000377316 0.429228 0 1 0 0 -0.000683817 -99.3205 192.435 1500.6 1 -0.000188923 0.00068005 -0.00013269 -0.773521 35.8128 0 0.999998 0 0 -0.00177254 -11129 -3251.38 -76515.8 0.995019 0.0250581 0.0964371 -0.00297031 
1576396141.070182 1576396141.174089 -7.10863e-05 0.425214 0 1 0 0 0.000187814 -129.355 166.272 1480.08 0.999999 8.38595e-05 0.000684975 -0.00103914 -0.772085 36.238 0 0.999999 0 0 -0.00158472 -10970.3 -3159.83 -75032 0.994947 0.0252397 0.0970928 -0.00401335 
1576396141.174089 1576396141.271277 -2.75826e-05 0.420299 0 1 -0 0 -0.000160929 -108.716 171.288 1452.61 1 0.000333746 0.000434856 -0.000686983 -0.770781 36.6583 0 0.999998 -0 0 -0.00174565 -10794.4 -3062.52 -73579.2 0.994893 0.0256367 0.0975094 -0.00467543 
1576396141.271277 1576396141.372144 0.000224499 0.414971 0 1 -0 0 -0.000592053 -104.382 179.42 1445.27 0.999999 0.000102886 0.00065025 0.000956923 -0.769107 37.0733 0 0.999997 -0 0 -0.0023377 -10614.2 -2957.94 -72134 0.994831 0.0256427 0.0981813 -0.00373003 
1576396141.372144 1576396141.472295 0.00020554 0.410556 0 1 -0 0 -0.000567075 -91.2487 173.929 1427.88 0.999999 0.000134463 0.000585548 0.000988621 -0.766982 37.4839 0 0.999996 -0 0 -0.00290478 -10422.8 -2857.92 -70708.9 0.994773 0.0256772 0.0987896 -0.00274833 
1576396141.472295 1576396141.575144 0.000242191 0.404807 0 1 -0 0 -0.000592819 -93.7583 171.78 1403.64 0.999999 0.000778594 0.000636631 0.000608911 -0.764388 37.8887 0 0.999994 -0 0 -0.00349759 -10237.2 -2758.8 -69307.4 0.994691 0.0263898 0.0994406 -0.00208203 
1576396141.575144 1576396141.674230 -2.53596e-05 0.398175 0 1 0 0 8.38577e-05 -103.491 156.784 1382.1 0.999999 0.000980081 0.000619211 -0.000512109 -0.761628 38.2868 0 0.999994 0 0 -0.00341373 -10064 -2675.48 -67925.9 0.994602 0.0274143 0.100045 -0.0025103 
1576396141.674230 1576396141.776042 -2.84953e-06 0.390905 0 1 -0 0 -8.47931e-05 -111.093 157.853 1359.72 0.999999 0.000450904 0.000534524 -0.00108435 -0.758962 38.6777 0 0.999994 -0 0 -0.00349853 -9900.76 -2592.76 -66564.8 0.994533 0.0279699 0.100548 -0.00355834 
1576396141.776042 1576396141.875778 0.000205115 0.385214 0 1 -0 0 -0.000465715 -102.067 169.164 1345.21 0.999999 -0.000475684 0.000463357 -0.000965394 -0.756062 39.0629 0 0.999992 -0 0 -0.00396424 -9729.84 -2499.52 -65219.2 0.994495 0.0275922 0.10098 -0.00457924 
1576396141.875778 1576396141.977563 0.000206382 0.425488 0 1 -0 0 -0.000597399 -87.2161 155.944 1325.83 1 9.00028e-05 0.000407421 -0.000167829 -0.752482 39.4884 0 0.99999 -0 0 -0.00456163 -9547.03 -2417.5 -63896.5 0.994451 0.0276968 0.101381 -0.0047483 
1576396141.977563 1576396142.077718 0.000349222 0.374415 0 1 -0 0 -0.000930997 -89.5207 155.247 1296.39 0.999999 0.00112191 0.0005875 0.000307514 -0.748717 39.8628 0 0.999985 -0 0 -0.00549262 -9371.31 -2334.81 -62602.3 0.994361 0.0287785 0.101979 -0.00434502 
1576396142.077718 1576396142.178756 0.000319139 0.368794 0 1 -0 0 -0.000795618 -85.9543 159.054 1284.62 0.999999 0.00071892 0.000778575 0.00114267 -0.744347 40.2316 0 0.99998 -0 0 -0.00628822 -9192.96 -2250.45 -61320.1 0.994264 0.0293734 0.102789 -0.00315788 
1576396142.178756 1576396142.276857 0.000176868 0.364158 0 1 0 0 -0.000422979 -85.3169 156.292 1274.46 1 -0.000104252 0.000518319 0.000201639 -0.73959 40.5957 0 0.999977 0 0 -0.00671119 -9014.28 -2169.68 -60048.3 0.994215 0.0292474 0.10331 -0.00298334 
1576396142.276857 1576396142.377395 0.000219302 0.356401 0 1 -0 0 -0.000915346 -101.004 152.663 1257.11 1 -0.000563258 0.000683567 0.000416509 -0.734587 40.9521 0 0.999971 -0 0 -0.00762651 -8853.28 -2091.18 -58790.6 0.994161 0.0286423 0.104 -0.00264742 
1576396142.377395 1576396142.478131 0.000953777 0.349741 0 0.999999 0 0 -0.00169865 -37.3414 133.118 1211.34 0.999983 0.00234326 0.00105725 0.00525374 -0.728299 41.3017 0 0.999957 0 0 -0.00932511 -8638.01 -2027.96 -57592.2 0.993981 0.0304222 0.105206 0.00278911 
1576396142.478131 1576396142.580965 -0.000228689 0.344209 0 1 0 0 0.000489753 -91.4115 156.633 1200.25 0.999991 -0.00213691 1.29699e-05 -0.00364599 -0.722108 41.6459 0 0.999961 0 0 -0.00883537 -8476.03 -1944.59 -56392.1 0.994046 0.0286815 0.105113 -0.00106017 
1576396142.580965 1576396142.679243 -0.00059769 0.340334 0 0.999999 0 0 0.00138787 -117.214 167.123 1193.29 0.999988 -0.00165377 -0.000565714 -0.004488 -0.716692 41.9862 0 0.999972 0 0 -0.00744754 -8340 -1846.51 -55193.1 0.994137 0.0275096 0.104419 -0.00567905 
1576396142.679243 1576396142.779735 6.85636e-05 0.338088 0 1 -0 0 -0.000503616 -138.857 137.06 1181.05 0.999997 -0.000923191 0.000937536 -0.00197946 -0.711588 42.3242 0 0.999968 -0 0 -0.00795115 -8228.66 -1774.9 -54003.4 0.99405 0.0267931 0.105291 -0.00776907 
1576396142.779735 1576396142.880386 6.14241e-05 0.334419 0 1 -0 0 -0.000237636 -58.9188 159.854 1175.06 0.999998 0.000450751 0.000246259 0.00197636 -0.706209 42.6586 0 0.999966 -0 0 -0.00818877 -8037.41 -1679.23 -52835.5 0.994025 0.0270311 0.105592 -0.00576359 
1576396142.880386 1576396142.982960 4.62373e-05 0.332499 0 1 0 0 -0.000143413 -57.3382 142.742 1150.28 0.999996 1.08408e-05 -0.000224668 0.00272261 -0.700717 42.9911 0 0.999965 0 0 -0.00833218 -7849.9 -1599.59 -51693 0.994061 0.0267556 0.105442 -0.00305001 
1576396142.982960 1576396143.081421 -7.67366e-05 0.329846 0 1 0 0 0.000632484 -77.2368 145.541 1147.11 0.999999 0.000138472 -0.000476901 0.000922718 -0.695297 43.3209 0 0.99997 0 0 -0.00769972 -7683.43 -1515.99 -50549.2 0.99411 0.0267974 0.104993 -0.00210541 
1576396143.081421 1576396143.181976 -0.0014335 0.314746 0 0.999981 0 0 0.00616424 -127.871 152.849 1137.42 0.999999 0.000181712 -0.000739924 -0.000960274 -0.691884 43.6356 0 0.999999 -0 0 -0.00153551 -7569.67 -1424.65 -49403.7 0.99418 0.0270804 0.104232 -0.00302112 
1576396143.181976 1576396143.284009 0.00127329 0.338188 0 0.999997 -0 0 -0.00236382 -118.953 133.031 1110.27 0.999991 -0.0028319 -0.00173887 0.00266795 -0.689572 43.9738 0 0.999992 -0 0 -0.00389932 -7454.57 -1352.25 -48287.4 0.994437 0.0239919 0.102566 -0.000616758 
1576396143.284009 1576396143.384555 0.001562 0.322442 0 1 0 0 -0.000886995 -62.0429 151.412 1142.62 0.999998 -0.00123251 -0.00162169 0.000276866 -0.685496 44.2962 0 0.999989 0 0 -0.00478631 -7281.32 -1255.91 -47150.3 0.994631 0.0227388 0.100959 -0.000428937 
1576396143.384555 1576396143.484394 1.68167e-05 0.315003 0 0.999997 0 0 0.00255818 -111.798 140.205 1106.43 0.999997 0.00205109 -0.00112226 -0.000875791 -0.682463 44.6112 0 0.999998 0 0 -0.00222814 -7167.89 -1166.41 -46038.7 0.994694 0.0248677 0.0998234 -0.00106743 
1576396143.484394 1576396143.584833 -0.000821101 0.315732 0 0.999995 0 0 0.0030301 -142.511 121.98 1090.58 0.99999 0.000691348 -0.0033521 -0.00294319 -0.681877 44.9269 0 1 0 0 0.000801958 -7090.18 -1099.17 -44936.9 0.994998 0.0258525 0.0964156 -0.00384262 
1576396143.584833 1576396143.685078 -0.000396601 0.319848 0 0.999999 0 0 0.00133967 -123.609 151.642 1100.37 0.999999 0.000157744 -0.00146205 7.51147e-05 -0.682787 45.2468 0 0.999998 0 0 0.00214163 -6998.67 -1004.84 -43827.1 0.995134 0.0260078 0.0949633 -0.00371487 
1576396143.685078 1576396143.785618 -0.000582458 0.349121 0 0.999998 0 0 0.00181173 -111.338 129.11 1112.08 0.999998 -0.000569948 -0.00158876 0.00112757 -0.684865 45.5959 0 0.999992 0 0 0.00395336 -6896.43 -933.979 -42708.9 0.995302 0.0253394 0.0934093 -0.00260558 
1576396143.785618 1576396143.886107 -0.000628691 0.328647 0 0.999998 0 0 0.00192093 -115.309 131.185 1134.39 0.999997 1.15378e-05 -0.0021499 0.00100103 -0.688092 45.9245 0 0.999983 0 0 0.00587427 -6797.65 -860.684 -41567.7 0.995502 0.0252629 0.0912946 -0.00155369 
1576396143.886107 1576396143.986605 -0.000642937 0.334467 0 0.999998 0 0 0.00204833 -118.504 137.294 1155.41 0.999997 1.40561e-05 -0.00215338 -0.000717625 -0.692664 46.259 0 0.999969 0 0 0.00792255 -6703.19 -782.189 -40404.7 0.995695 0.0253457 0.0891326 -0.0022124 
1576396143.986605 1576396144.087134 -0.000940572 0.341693 0 0.999996 0 0 0.0028363 -136.261 136.916 1171.37 0.999997 -0.000225767 -0.0022151 -0.00109712 -0.699019 46.6006 0 0.999942 0 0 0.0107587 -6628.28 -705.05 -39222.3 0.995892 0.0252235 0.0868984 -0.00326877 
1576396144.087134 1576396144.187658 -0.000885946 0.349588 0 0.999997 0 0 0.00236218 -122.861 164.592 1204.36 0.999997 5.89498e-05 -0.00251521 -0.000295168 -0.707426 46.9501 0 0.999914 0 0 0.0131207 -6539.23 -601.601 -38008.2 0.996105 0.025316 0.084386 -0.00349415 
1576396144.187658 1576396144.289772 -0.000564949 0.356965 0 0.999999 0 0 0.00159115 -124.853 162.06 1232.42 0.999998 -0.000769991 -0.00179707 0.00097939 -0.717358 47.3069 0 0.999892 0 0 0.0147117 -6453.51 -502.3 -36765.9 0.996278 0.0244726 0.0826179 -0.00253805 
1576396144.289772 1576396144.389733 -0.000731762 0.366524 0 0.999998 0 0 0.00208018 -120.89 169.751 1270.86 0.999997 -0.00107544 -0.00204804 0.000839646 -0.728872 47.6732 0 0.999859 0 0 0.0167917 -6362.16 -395.137 -35485.8 0.996472 0.0233369 0.080595 -0.00174025 
1576396144.389733 1576396144.491191 -0.000969051 0.373346 0 0.999997 0 0 0.00230049 -138.65 182.448 1298.56 0.999996 -0.0017361 -0.00225179 -0.000864326 -0.742377 48.0463 0 0.999818 0 0 0.0190918 -6289.21 -273.688 -34174.8 0.996688 0.0216804 0.0783276 -0.00268889 
1576396144.491191 1576396144.592084 -0.000399479 0.379868 0 0.999999 0 0 0.00105883 -137.061 162.24 1335.7 0.999998 -0.00107051 -0.00157399 0.000512337 -0.757279 48.4259 0 0.999797 0 0 0.0201504 -6214.78 -169.621 -32828.4 0.996834 0.0205775 0.0767669 -0.00222797 
1576396144.592084 1576396144.692686 -0.000574692 0.388882 0 0.999999 0 0 0.00139639 -119.3 112.699 1329.84 0.999997 0.0019938 -0.00143045 0.000486079 -0.773522 48.8145 0 0.999768 0 0 0.0215465 -6128.4 -111.878 -31492.5 0.996901 0.0225308 0.0753552 -0.00156093 
1576396144.692686 1576396144.791925 -0.000600027 0.394752 0 0.999999 0 0 0.0014568 -121.832 100.609 1330.18 0.99999 0.00418695 -0.00140452 -0.000758591 -0.791128 49.2088 0 0.999735 0 0 0.0230029 -6048.44 -71.4728 -30155.9 0.996901 0.0267639 0.0739437 -0.00197 
1576396144.791925 1576396144.894586 -0.000518086 0.398013 0 0.999999 0 0 0.0012924 -137.167 132.082 1333.78 0.999993 0.00359654 -0.000940325 -0.000547028 -0.809952 49.6064 0 0.999705 0 0 0.024295 -5986.57 -11.1466 -28811.4 0.996866 0.0303914 0.0729982 -0.00222421 
1576396144.894586 1576396144.994669 -0.000253934 0.403846 0 1 0 0 0.000515497 -140.972 160.621 1357.74 0.999998 0.00213856 -0.000202873 0.000152637 -0.829823 50.0098 0 0.999692 0 0 0.0248103 -5927.19 66.4665 -27440.4 0.996814 0.0325125 0.0728052 -0.00190977 
1576396144.994669 1576396145.096937 5.65376e-06 0.457112 0 1 -0 0 -0.000205537 -91.3326 202.668 1400.92 0.999996 0.0026078 -0.000905546 -0.000145714 -0.852492 50.4663 0 0.999697 0 0 0.0246048 -5812.66 177.426 -26031 0.996791 0.0351242 0.0719025 -0.00183571 
1576396145.096937 1576396145.195743 -0.000329491 0.410379 0 0.999999 0 0 0.00160883 -120.245 191.402 1389.68 0.999994 0.00336132 -5.18508e-05 -0.000895443 -0.87301 50.8762 0 0.999656 0 0 0.0262131 -5730.97 270.51 -24628.5 0.996669 0.038539 0.0718251 -0.00248476 
1576396145.195743 1576396145.294198 -0.000279195 0.358406 0 1 0 0 0.000178718 -124.835 182.59 1393.47 0.999991 0.00406998 0.000248801 -0.000916179 -0.892072 51.2341 0 0.999652 0 0 0.0263918 -5653.36 344.937 -23221.7 0.996484 0.0426603 0.0720473 -0.00311513 
1576396145.294198 1576396145.395068 0.000506656 0.407911 0 0.999999 -0 0 -0.00126606 -91.6848 169.134 1408.43 0.999999 0.000591704 0.000605222 0.00128095 -0.91309 51.6414 0 0.999684 0 0 0.0251262 -5540.14 393.081 -21805.5 0.996418 0.0431557 0.0727068 -0.00182187 
1576396145.395068 1576396145.495214 0.000483276 0.408483 0 1 -0 0 -0.000896193 -99.0611 135.451 1406.8 0.999999 -0.00116513 0.000969619 0.000205341 -0.933128 52.0494 0 0.999706 0 0 0.0242302 -5433.2 406.404 -20392.8 0.996397 0.041978 0.0736796 -0.00174382 
1576396145.495214 1576396145.596269 0.000830276 0.45674 0 0.999998 -0 0 -0.00181047 -110.776 133.861 1398.02 0.999997 0.0016478 0.00154511 -0.000688765 -0.954426 52.5057 0 0.999749 0 0 0.0224203 -5336.42 422.184 -18987.5 0.99621 0.0436678 0.0751929 -0.00237355 
1576396145.596269 1576396145.697952 0.000893374 0.406508 0 0.999996 -0 0 -0.00275928 -80.1086 142.909 1382.97 0.999985 0.00495823 0.00230221 -0.000409621 -0.971757 52.9118 0 0.999807 0 0 0.0196616 -5207.1 443.581 -17601 0.995804 0.0486319 0.0774791 -0.00250929 
1576396145.697952 1576396145.798686 0.0012932 0.401095 0 0.999995 -0 0 -0.00323445 -66.9182 142.951 1339.91 0.999973 0.00632906 0.0036095 -0.000284796 -0.986234 53.3126 0 0.999865 0 0 0.0164277 -5064.99 455.385 -16259.4 0.995189 0.0549461 0.0810734 -0.00247799 
1576396145.798686 1576396145.900179 0.00145552 0.396037 0 0.999993 -0 0 -0.00370672 -53.5474 137.593 1342.86 0.999975 0.00534839 0.00406081 -0.0024296 -0.997789 53.7085 0 0.999919 0 0 0.0127213 -4899.6 444.533 -14918.6 0.994535 0.0604543 0.0849924 -0.00468535 
1576396145.900179 1576396146.000487 0.00192212 0.391909 0 0.999985 -0 0 -0.00541573 -63.5326 150.002 1313.44 0.999977 0.00328109 0.00569036 -0.00182996 -1.00584 54.1003 0 0.999973 0 0 0.00730585 -4737.97 434.387 -13605.1 0.993821 0.0638449 0.0905544 -0.00657034 
1576396146.000487 1576396146.098757 0.00301651 0.383424 0 0.999968 -0 0 -0.00797151 -15.7146 173.586 1307.91 0.999975 0.000928868 0.00698061 -8.91964e-05 -1.00842 54.4838 0 1 0 0 -0.000665673 -4514.84 439.035 -12304.6 0.993105 0.0647287 0.0974901 -0.00702039 
1576396146.098757 1576396146.199568 0.00332461 0.376606 0 0.999961 -0 0 -0.00886475 6.6825 190.688 1294.91 0.999962 0.00015401 0.00858796 0.00117119 -1.0046 54.8604 0 0.999955 -0 0 -0.00953039 -4253.66 459.845 -11022.2 0.992228 0.0647047 0.106092 -0.00639788 
1576396146.199568 1576396146.299826 0.00315385 0.370617 0 0.999965 -0 0 -0.00832719 19.0842 163.653 1269.06 0.999961 0.00109021 0.0087503 -0.000713158 -0.994381 55.2309 0 0.999841 -0 0 -0.0178569 -3964.55 457.458 -9775.6 0.991186 0.0658036 0.114731 -0.00755577 
1576396146.299826 1576396146.400813 0.00303129 0.364308 0 0.999963 -0 0 -0.00863912 18.0105 123.506 1243.08 0.999953 0.00216588 0.00926187 -0.00173528 -0.978343 55.5948 0 0.999649 -0 0 -0.0264939 -3661.81 415.571 -8564.22 0.989921 0.0680764 0.123808 -0.00963637 
1576396146.400813 1576396146.503227 0.00342745 0.356914 0 0.99995 -0 0 -0.010034 16.7856 108.017 1216.69 0.999943 0.00216798 0.0101953 -0.00216636 -0.956015 55.9511 0 0.999333 -0 0 -0.0365231 -3345.02 355.64 -7385.94 0.988435 0.0703887 0.133767 -0.012206 
1576396146.503227 1576396146.605014 0.00416086 0.349061 0 0.999924 -0 0 -0.0123255 38.3068 113.022 1184.66 0.999931 0.00218791 0.0115219 -0.000668438 -0.926385 56.2989 0 0.998807 -0 0 -0.0488376 -2992 298.591 -6250.26 0.986663 0.0724952 0.145126 -0.0133842 
1576396146.605014 1576396146.705359 0.00431242 0.343365 0 0.999921 -0 0 -0.0125489 50.9899 128.248 1148.38 0.999918 0.00228521 0.0126103 -0.000506719 -0.888594 56.6402 0 0.998115 -0 0 -0.0613677 -2610.45 256.426 -5159.17 0.984579 0.0746487 0.15755 -0.0144656 
1576396146.705359 1576396146.803208 0.00421854 0.337936 0 0.99992 -0 0 -0.0126247 78.1586 125.538 1128.31 0.999918 0.00217698 0.0125241 -0.00118777 -0.843009 56.9751 0 0.997261 -0 0 -0.0739638 -2182.06 209.126 -4105.98 0.982346 0.076792 0.169811 -0.0162258 
1576396146.803208 1576396146.905721 0.00424652 0.358939 0 0.999921 -0 0 -0.0125874 72.8705 121.04 1105.18 0.999906 0.00304816 0.0131974 -0.00194174 -0.785857 57.3295 0 0.996251 -0 0 -0.0865109 -1740.46 155.421 -3084.48 0.979748 0.0798948 0.18266 -0.0186276 
1576396146.905721 1576396147.006061 0.00433493 0.327857 0 0.999903 -0 0 -0.0139064 104.071 138.447 1087.82 0.999898 0.00439241 0.0135447 -0.000744655 -0.725074 57.6517 0 0.994952 -0 0 -0.100357 -1248.19 113.539 -2099.96 0.976809 0.0840738 0.195934 -0.0196351 
1576396147.006061 1576396147.104690 0.00402611 0.297736 0 0.999907 -0 0 -0.0136661 99.4498 153.239 1086.95 0.99988 0.0039873 0.0149642 0.000630927 -0.661671 57.9426 0 0.993487 -0 0 -0.113945 -733.053 77.063 -1126.24 0.973437 0.0875411 0.210659 -0.0194933 
1576396147.104690 1576396147.205209 0.00501488 0.323791 0 0.999881 -0 0 -0.0154218 110.133 130.661 1081.73 0.99988 0.00130706 0.0154611 -0.000131809 -0.583478 58.2568 0 0.991612 -0 0 -0.129252 -183.046 12.2592 -181.447 0.969946 0.0885293 0.225698 -0.0206974 
1576396147.205209 1576396147.305362 0.00481704 0.322831 0 0.999888 -0 0 -0.0149809 108.604 126.778 1077.56 0.999876 -0.000578327 0.015607 -0.00201999 -0.496069 58.5677 0 0.989564 -0 0 -0.144093 392.395 -58.204 742.082 0.966312 0.0880902 0.240617 -0.0241663 
1576396147.305362 1576396147.405892 0.00579705 0.34901 0 0.999857 -0 0 -0.0169079 99.9661 124.49 1081.12 0.999861 -0.000939917 0.0164696 -0.00225721 -0.390982 58.9005 0 0.986986 -0 0 -0.160804 989.903 -132.852 1654.07 0.962244 0.0873149 0.256277 -0.0280211 
1576396147.405892 1576396147.509274 0.00530397 0.321763 0 0.999858 -0 0 -0.0168458 108.358 128.647 1074.68 0.999844 -0.000289031 0.0175965 -0.00137436 -0.283818 59.204 0 0.984137 -0 0 -0.177408 1621.33 -203.382 2536.99 0.957571 0.0868823 0.273041 -0.0309497 
1576396147.509274 1576396147.607029 0.00593569 0.322176 0 0.999831 -0 0 -0.0183859 135.799 131.212 1082.06 0.999826 -4.03705e-05 0.0186272 -0.00119968 -0.165756 59.5038 0 0.980709 -0 0 -0.195472 2310.63 -274.344 3389.26 0.952285 0.0865796 0.290725 -0.0337225 
1576396147.607029 1576396147.708020 0.00597957 0.321375 0 0.999824 -0 0 -0.0187553 135.789 146.159 1066.45 0.999802 1.8057e-05 0.0197205 -0.0027883 -0.0370174 59.7983 0 0.976871 -0 0 -0.213831 3024.17 -329.359 4204.7 0.946267 0.0867252 0.309206 -0.0380732 
1576396147.708020 1576396147.810572 0.00630693 0.323327 0 0.999808 -0 0 -0.0195947 163.123 102.608 1076.24 0.999793 -0.00144032 0.0202389 -0.00157356 0.103789 60.0894 0 0.972493 -0 0 -0.232932 3791.21 -433.579 4976.84 0.939878 0.0850603 0.328102 -0.0417549 
1576396147.810572 1576396147.909039 0.00650582 0.325867 0 0.999798 -0 0 -0.0200936 178.552 197.302 1089.46 0.999787 0.00195641 0.0205104 0.00080887 0.257223 60.377 0 0.967616 -0 0 -0.252425 4621.38 -447.916 5730.72 0.932816 0.0857592 0.34746 -0.0420885 
1576396147.909039 1576396148.009683 0.00722745 0.330062 0 0.999762 -0 0 -0.0218351 192.51 112.843 1097.44 0.99977 -0.00110637 0.0213915 0.00127404 0.424765 60.6615 0 0.961874 -0 0 -0.273493 5485.79 -548.461 6435.61 0.925317 0.0833644 0.367397 -0.0431093 
1576396148.009683 1576396148.109955 0.00723447 0.333635 0 0.999764 -0 0 -0.0217224 191.446 189.651 1104.39 0.999743 0.000174084 0.0226367 -0.000722604 0.606453 60.9414 0 0.955706 -0 0 -0.294323 6394.54 -571.062 7118.22 0.916717 0.0827937 0.388196 -0.04559 
1576396148.109955 1576396148.210107 0.00770678 0.337102 0 0.999739 -0 0 -0.0228583 150.096 127.87 1143.5 0.999702 -0.00312736 0.0242051 -0.00076316 0.802469 61.2157 0 0.948729 -0 0 -0.316092 7322.92 -662.428 7808.32 0.907272 0.0790949 0.410064 -0.0494941 
1576396148.210107 1576396148.311296 0.00774052 0.34525 0 0.999744 -0 0 -0.0226289 192.955 171.837 1132.23 0.999727 -0.00157754 0.0232511 -0.00135566 1.01573 61.4874 0 0.941333 -0 0 -0.337479 8310.21 -706.853 8418.21 0.897548 0.0770472 0.430862 -0.0531965 
1576396148.311296 1576396148.411367 0.00814176 0.349518 0 0.999725 -0 0 -0.0234543 170.849 131.327 1170.44 0.999687 -0.00303145 0.0247546 -0.00178235 1.24409 61.7521 0 0.933159 -0 0 -0.359465 9333.59 -798.334 9018.79 0.88674 0.0737533 0.452647 -0.057993 
1576396148.411367 1576396148.515235 0.00860408 0.354223 0 0.999708 -0 0 -0.0241812 206.616 136.925 1168.31 0.999697 -0.00316163 0.0242876 -0.00256645 1.48811 62.009 0 0.924193 -0 0 -0.381925 10405.3 -885.427 9538.73 0.875562 0.0706806 0.473674 -0.0634736 
1576396148.515235 1576396148.614983 0.00854565 0.359962 0 0.999721 -0 0 -0.0236275 187.199 135.981 1183.98 0.999686 -0.00314571 0.0246622 -0.0030976 1.74828 62.2579 0 0.914911 -0 0 -0.403654 11502.6 -977.909 10031.3 0.863631 0.067806 0.4947 -0.069399 
1576396148.614983 1576396148.712971 0.00879229 0.365913 0 0.999714 -0 0 -0.0239309 185.669 112.387 1195.88 0.999683 -0.00288043 0.0248519 -0.0026873 2.02447 62.4981 0 0.90499 -0 0 -0.425434 12627.2 -1099.61 10475.9 0.851072 0.0649016 0.515624 -0.0748079 
1576396148.712971 1576396148.816558 0.011363 0.4161 0 0.999627 -0 0 -0.0273175 164.109 162.137 1211.52 0.999677 -0.00111315 0.0250571 -0.00410305 2.35213 62.7548 0 0.89303 -0 0 -0.449997 13785.3 -1177.87 10892.8 0.837642 0.0641744 0.536433 -0.0804759 
1576396148.816558 1576396148.914053 0.00730466 0.333663 0 0.999762 -0 0 -0.0218144 196.691 133.882 1225.35 0.999684 -0.00138095 0.0248298 -0.00360338 2.62465 62.9475 0 0.883001 -0 0 -0.469371 14982 -1297.33 11226.9 0.823857 0.0629322 0.55672 -0.0858031 
1576396148.914053 1576396149.014552 0.00931051 0.381308 0 0.999703 -0 0 -0.0243536 208.126 167.463 1224.02 0.999691 0.000458218 0.0244694 -0.00434687 2.94593 63.1531 0 0.871308 -0 0 -0.490736 16203.1 -1392.37 11490.6 0.809578 0.0636107 0.576473 -0.0906426 
1576396149.014552 1576396149.115613 0.00934788 0.38687 0 0.999704 -0 0 -0.0243101 192.789 162.823 1241.14 0.999711 -2.3625e-05 0.0237346 -0.00380828 3.28161 63.3456 0 0.859121 -0 0 -0.511772 17444.6 -1505.23 11714.4 0.795318 0.0636172 0.595277 -0.0952229 
1576396149.115613 1576396150.826381 1.57782 7.1717 0 0.978266 -0 0 -0.207354 -4097.04 -729.01 -1172.6 0.827576 0.0492492 -0.558254 0.0323268 10.3394 65.3731 0 0.734331 -0 0 -0.678792 15063.7 -1653.28 15320.2 0.990447 0.125732 0.0553932 0.0117374 
1576396150.826381 1576396150.928326 0.000325156 0.468913 0 1 -0 0 -0.000762627 813.975 695.622 260.186 0.993458 0.0727032 -0.087962 -0.00421366 10.8068 65.4096 0 0.733813 -0 0 -0.679351 15895.3 -1014.04 15657.8 0.979749 0.196119 -0.033474 0.0225741 
1576396150.928326 1576396151.029090 0.000831882 0.474242 0 0.999999 -0 0 -0.00145745 423.082 -7.00213 334.569 0.998648 -0.00504773 -0.0491835 -0.016075 11.2797 65.4453 0 0.732822 -0 0 -0.68042 16298.4 -1136.42 15994.7 0.97813 0.18926 -0.0846549 0.0166089 
1576396151.029090 1576396151.128999 0.000827001 0.477757 0 0.999999 -0 0 -0.00165639 87.5983 34.2719 196.519 0.999938 -0.000299147 -0.0110345 -0.0012346 11.7563 65.4799 0 0.731694 -0 0 -0.681633 16351.2 -1177.89 16202 0.977213 0.188668 -0.0956716 0.017514 
1576396151.128999 1576396151.230816 0.000298451 0.484047 0 1 -0 0 -0.000637173 163.828 45.8778 196.043 0.999775 0.00204865 -0.0208787 -0.00319665 12.2391 65.5138 0 0.73126 -0 0 -0.682099 16473.3 -1208.56 16429 0.974665 0.189956 -0.116692 0.0181294 
1576396151.230816 1576396151.329719 0.000356565 0.488626 0 1 -0 0 -0.000906254 217.918 23.8071 268.851 0.999438 -0.00191185 -0.0314598 -0.0114267 12.7266 65.5474 0 0.730641 -0 0 -0.682762 16624 -1289.13 16730.9 0.971016 0.186082 -0.149425 0.0131811 
1576396151.329719 1576396151.430071 0.00029182 0.495856 0 1 0 0 -0.000392565 -352.427 -139.991 -358.94 0.998769 -0.0128109 0.046157 0.0128499 13.2213 65.5807 0 0.730373 0 0 -0.683048 16401.2 -1277.68 16258.8 0.978932 0.175942 -0.101862 0.0189676 
1576396151.430071 1576396151.531088 -3.50815e-05 0.502573 0 1 0 0 0.000156432 -27.6567 -2.04386 -5.27316 0.999991 -0.00103124 0.00339846 0.00225445 13.7228 65.6143 0 0.73048 -0 0 -0.682934 16375.3 -1277.79 16247.6 0.979409 0.175225 -0.098118 0.0206815 
1576396151.531088 1576396151.632551 3.04407e-05 0.50953 0 1 0 0 0.000101494 -1.87356 27.333 10.5403 0.999996 0.00255924 0.000641433 -0.000948543 14.2311 65.6485 0 0.730549 -0 0 -0.68286 16369.4 -1255.83 16266.1 0.979039 0.177651 -0.0977085 0.0193889 
1576396151.632551 1576396151.732266 0.000119325 0.512827 0 1 -0 0 -0.000355725 -17.2297 9.46691 72.6219 0.999997 -0.000875476 0.00208579 -0.000306069 14.7428 65.683 0 0.730306 -0 0 -0.68312 16338.5 -1272.56 16332.6 0.979402 0.176804 -0.0957036 0.0188042 
1576396151.732266 1576396151.833851 0.000254546 0.477838 0 1 0 0 -0.000306969 19.0956 -25.9384 -7.66312 0.999977 -0.00496397 -0.00356234 0.00293386 15.2196 65.7146 0 0.730097 0 0 -0.683344 16360.4 -1294.12 16320.4 0.979861 0.172152 -0.0985783 0.0227821 
1576396151.833851 1576396152.939662 -0.0275615 5.92408 0 0.999993 0 0 0.00375871 -36.5989 -8.34892 -13.567 0.999816 -0.0169034 0.00559545 -0.00710891 21.1289 66.1336 0 0.73266 0 0 -0.680595 16327.7 -1297.72 16297.8 0.983304 0.154984 -0.0939161 0.0165152 
1576396152.939662 1576396153.044093 0.000204185 0.530715 0 1 -0 0 -0.000406498 -0.543391 0.967408 7.35049 0.999998 -0.00101905 -0.00057272 0.00185169 21.6582 66.1724 0 0.732383 -0 0 -0.680893 16325.8 -1299.07 16304.8 0.983375 0.154146 -0.0941752 0.0185204 
1576396153.044093 1576396153.140480 8.19226e-05 0.528543 0 1 0 0 -0.000187255 -0.522963 0.930409 7.60534 1 -0.000223844 0.000129087 2.92055e-05 22.1854 66.2108 0 0.732256 0 0 -0.68103 16323.9 -1300.52 16312.1 0.983421 0.153931 -0.0940396 0.0185503 
1576396153.140480 1576396153.243322 -8.42069e-05 0.527606 0 1 0 0 0.000293491 -0.695373 0.881323 7.39994 0.999998 0.00107962 0.000230802 -0.00149724 22.7116 66.2491 0 0.732456 0 0 -0.680815 16321.8 -1301.95 16319.2 0.983303 0.154856 -0.094063 0.0169408 
1576396153.243322 1576396153.341498 -3.52468e-05 0.524349 0 1 0 0 0.000301591 -0.600749 0.866158 7.35759 0.999998 0.00181287 0.000145844 -0.000592753 23.2345 66.2874 0 0.732661 0 0 -0.680594 16319.9 -1303.39 16326.2 0.983044 0.156585 -0.0940419 0.0161648 
1576396153.341498 1576396153.444647 -0.000392278 0.521809 0 1 0 0 0.000796813 -0.682235 0.93054 7.36922 0.999999 0.000907529 -3.92323e-06 -0.000723533 23.7549 66.3262 0 0.733203 0 0 -0.68001 16317.8 -1304.8 16333.2 0.982913 0.157409 -0.0941737 0.0153688 
1576396153.444647 1576396153.542936 0.00025313 0.515844 0 1 -0 0 -0.000423039 -0.588119 1.01756 7.29736 1 -0.000593481 -0.000303035 0.000170324 24.2693 66.3647 0 0.732915 -0 0 -0.68032 16315.8 -1306.11 16340.2 0.982975 0.156837 -0.0944356 0.0156398 
1576396153.542936 1576396153.643449 0.000257613 0.507909 0 1 -0 0 -0.000510711 -0.545812 1.08525 7.31172 0.999997 -0.00232206 -0.000196495 2.24317e-05 24.7758 66.4022 0 0.732568 -0 0 -0.680694 16313.9 -1307.36 16347.3 0.983317 0.154553 -0.0945886 0.0159119 
1576396153.643449 1576396153.744279 0.000160956 0.499421 0 1 0 0 -0.000158688 -0.599758 1.14227 7.09787 0.99999 -0.00445495 -0.000225935 0.000493578 25.2739 66.4386 0 0.73246 0 0 -0.68081 16312 -1308.45 16354.1 0.983967 0.150214 -0.0946627 0.0168534 
1576396153.744279 1576396153.845875 -0.000116333 0.534686 0 1 0 0 2.37598e-05 -0.42668 1.12413 7.25337 0.99998 -0.00624274 -0.000422408 -0.000457 25.8071 66.4778 0 0.732476 -0 0 -0.680793 16310.2 -1309.55 16361.2 0.984853 0.144018 -0.0950399 0.0170578 
1576396153.845875 1576396154.147425 -0.00135527 1.44647 0 1 0 0 0.000877215 -1.78011 3.13793 20.8805 0.999843 -0.0161092 0.000733787 -0.0074034 27.2497 66.5848 0 0.733073 0 0 -0.68015 16304.4 -1312.55 16381.4 0.987214 0.127439 -0.0950937 0.0111892 
1576396154.147425 1576396154.248756 -0.000405447 0.469823 0 1 0 0 0.000816515 -0.578637 0.87852 6.84537 0.999993 -0.00359381 0.000205268 -0.00104639 27.7181 66.6203 0 0.733628 0 0 -0.679551 16302.6 -1313.43 16388 0.987696 0.123793 -0.0949835 0.0104717 
1576396154.248756 1576396154.347260 -5.42575e-07 0.46703 0 1 -0 0 -9.68599e-05 -0.428493 0.853159 6.65133 0.999996 -0.00288377 -3.9737e-05 0.000412588 28.1838 66.656 0 0.733562 -0 0 -0.679622 16300.9 -1314.24 16394.4 0.988041 0.120983 -0.0949411 0.011158 
1576396154.347260 1576396154.448700 0.000837335 0.460976 0 0.999998 -0 0 -0.00173753 -0.429713 0.928858 6.73569 0.999995 -0.00316139 0.000118214 0.000979232 28.6435 66.6903 0 0.73238 -0 0 -0.680896 16299.2 -1314.97 16401 0.988418 0.117953 -0.09467 0.0124113 
1576396154.448700 1576396154.548277 0.000371416 0.456914 0 1 -0 0 -0.000943073 -0.477387 1.0081 6.65926 0.999991 -0.00398343 0.000871379 -0.00135653 29.0992 66.7232 0 0.731738 -0 0 -0.681586 16297.4 -1315.56 16407.5 0.988978 0.113897 -0.0939184 0.0113447 
1576396154.548277 1576396154.653081 6.83594e-05 0.453436 0 1 -0 0 -0.000688862 -0.518503 0.979191 6.40832 0.99999 -0.00407513 0.0011612 -0.00170091 29.5515 66.7553 0 0.731268 -0 0 -0.68209 16295.7 -1316.06 16413.7 0.98956 0.109719 -0.0929165 0.00991289 
1576396154.653081 1576396154.753805 0.000802318 0.452499 0 0.999998 -0 0 -0.00206155 -0.506181 0.932408 6.72226 0.999989 -0.00426581 0.00153101 -0.00114853 30.003 66.7859 0 0.72986 -0 0 -0.683596 16293.9 -1316.62 16420.3 0.990171 0.105405 -0.0914842 0.00900463 
1576396154.753805 1576396154.851841 0.000960546 0.447496 0 0.999998 -0 0 -0.00215617 -0.411276 0.881689 6.40836 0.99999 -0.00373919 0.00214527 -0.000927372 30.4496 66.8142 0 0.728385 -0 0 -0.685169 16292.4 -1317.11 16426.5 0.99076 0.101636 -0.0894232 0.00820224 
1576396154.851841 1576396154.957612 0.00118497 0.498638 0 0.999997 -0 0 -0.00239487 -0.331319 0.818509 6.4771 0.999987 -0.00433132 0.00229947 -0.00114189 30.9474 66.8435 0 0.726742 -0 0 -0.686911 16290.9 -1317.62 16432.9 0.991403 0.0972602 -0.0872244 0.00722441 
1576396154.957612 1576396155.053123 0.000975152 0.393353 0 0.999996 -0 0 -0.00284059 -0.454378 0.845238 6.3605 0.999985 -0.00450455 0.00285465 -0.0010668 31.3401 66.8647 0 0.724787 -0 0 -0.688973 16289.3 -1318.02 16439.1 0.992083 0.0927205 -0.0844642 0.00628194 
1576396155.053123 1576396155.153628 0.00145585 0.442376 0 0.999994 -0 0 -0.00353545 -0.345859 0.808344 6.30449 0.999989 -0.00312934 0.00348275 -0.00079159 31.782 66.8856 0 0.722347 -0 0 -0.691531 16287.9 -1318.39 16445.3 0.992661 0.0895699 -0.0810618 0.00543794 
1576396155.153628 1576396155.253932 0.00144355 0.440794 0 0.999994 -0 0 -0.00349518 -0.310961 0.890819 6.33616 0.999989 -0.00250897 0.00391904 -9.07856e-05 32.2225 66.9034 0 0.719926 -0 0 -0.694051 16286.5 -1318.65 16451.6 0.993194 0.0870924 -0.0771652 0.00520012 
1576396155.253932 1576396155.356213 0.00250289 0.487674 0 0.999987 -0 0 -0.00517043 -0.140946 1.1161 6.24448 0.99998 -0.00451414 0.00432933 -0.00015609 32.7099 66.9187 0 0.716327 -0 0 -0.697764 16285.4 -1318.64 16457.8 0.993902 0.0826177 -0.0728539 0.00501627 
1576396155.356213 1576396155.457042 0.00219387 0.439292 0 0.999986 -0 0 -0.00529407 -0.305468 1.10815 6.50903 0.99997 -0.00573859 0.00506501 -0.000999154 33.1491 66.9281 0 0.712623 -0 0 -0.701547 16284.2 -1318.62 16464.3 0.994721 0.0768643 -0.0678714 0.00402268 
1576396155.457042 1576396155.555507 0.0017908 0.390084 0 0.999989 -0 0 -0.00468004 -0.212697 0.86575 6.2257 0.999969 -0.00560853 0.00523891 -0.00173827 33.5392 66.9324 0 0.709332 -0 0 -0.704874 16283.1 -1318.71 16470.5 0.995484 0.0711861 -0.0627691 0.00227144 
1576396155.555507 1576396155.659624 0.00294518 0.492685 0 0.999979 -0 0 -0.00644613 -0.0586181 0.739102 6.50475 0.999974 -0.00401792 0.00583755 -0.00103303 34.0319 66.9325 0 0.704774 -0 0 -0.709432 16282.2 -1318.91 16477 0.996113 0.0671329 -0.0570207 0.00107967 
1576396155.659624 1576396155.760247 0.00238797 0.443275 0 0.999986 -0 0 -0.00520656 -0.146052 0.664622 6.68749 0.999976 -0.00232901 0.006582 9.48399e-05 34.4751 66.9272 0 0.701071 -0 0 -0.713092 16281.3 -1319.14 16483.6 0.99662 0.0648238 -0.050454 0.000865048 
1576396155.760247 1576396155.860997 0.00385811 0.449238 0 0.999973 -0 0 -0.00740783 -0.0952933 0.625206 6.24544 0.999979 -0.000902685 0.00639056 0.000842073 34.9242 66.9157 0 0.695769 -0 0 -0.718266 16280.6 -1319.33 16489.9 0.996979 0.0639708 -0.0440286 0.00133554 
1576396155.860997 1576396155.961827 0.00359157 0.451603 0 0.999972 -0 0 -0.00752325 -0.0749322 0.6245 6.44662 0.999977 0.000591917 0.00668111 0.000742219 35.3755 66.8978 0 0.690346 -0 0 -0.72348 16279.9 -1319.53 16496.3 0.997212 0.0646011 -0.03732 0.00162203 
1576396155.961827 1576396156.061836 0.00344139 0.45184 0 0.99997 -0 0 -0.00771348 0.0462593 0.81841 6.40573 0.999969 0.00297295 0.00726255 0.000191553 35.8267 66.8732 0 0.684744 -0 0 -0.728783 16279.5 -1319.55 16502.7 0.99726 0.0675827 -0.030069 0.00123288 
1576396156.061836 1576396156.162367 0.00226895 0.450896 0 0.999985 -0 0 -0.00546957 -0.179556 0.694112 6.19941 0.999962 0.00417636 0.00757862 -0.00111044 36.2765 66.8429 0 0.680748 -0 0 -0.732518 16278.9 -1319.7 16509 0.997169 0.071721 -0.0225902 -0.000512323 
1576396156.162367 1576396156.262889 0.00424123 0.453075 0 0.999972 -0 0 -0.00748443 -0.0196866 0.722445 6.24541 0.999963 0.00355171 0.00780267 8.74109e-05 36.7281 66.8055 0 0.675247 -0 0 -0.737592 16278.6 -1319.87 16515.2 0.997054 0.075258 -0.0148007 -0.00106499 
1576396156.262889 1576396156.363658 0.00505654 0.45318 0 0.999954 -0 0 -0.00958093 0.106235 0.635877 6.29119 0.99996 0.00258989 0.00829597 0.00193851 37.1791 66.7605 0 0.668149 -0 0 -0.744028 16278.6 -1320.19 16521.6 0.996944 0.0778571 -0.00637993 0.000205184 
1576396156.363658 1576396156.464674 0.00409247 0.453141 0 0.999963 -0 0 -0.00860923 0.0630039 0.660659 6.31239 0.999959 0.00261588 0.00849357 0.00190961 37.6292 66.7079 0 0.661718 -0 0 -0.749752 16278.5 -1320.52 16527.9 0.996753 0.0804757 0.00223609 0.00143098 
1576396156.464674 1576396156.564798 0.0038799 0.456309 0 0.999964 -0 0 -0.0085308 0.121915 0.741955 6.12876 0.999961 0.00258079 0.00827562 0.001734 38.0815 66.6473 0 0.655298 -0 0 -0.75537 16278.7 -1320.77 16534.1 0.996485 0.0830529 0.0106206 0.00249908 
1576396156.564798 1576396156.666316 0.00423371 0.456149 0 0.999955 -0 0 -0.00945411 0.00919657 0.921118 6.24977 0.999958 0.00245431 0.00881781 0.000401614 38.5324 66.5788 0 0.648128 -0 0 -0.761532 16278.8 -1320.89 16540.4 0.996145 0.0855129 0.0194342 0.0021929 
1576396156.666316 1576396156.767258 0.0045118 0.487694 0 0.999957 -0 0 -0.00925625 -0.0140984 0.84603 6.26456 0.999957 0.00165218 0.0091478 -0.000359967 39.0131 66.4963 0 0.641051 -0 0 -0.767498 16279.1 -1321.13 16546.7 0.995784 0.0871821 0.0285115 0.00108408 
1576396156.767258 1576396156.866596 0.00407085 0.45835 0 0.999962 -0 0 -0.00868441 0.00289097 0.873465 6.09975 0.99996 -0.000207493 0.00891614 0.00101284 39.4634 66.4107 0 0.634362 -0 0 -0.773036 16279.4 -1321.32 16552.8 0.995506 0.0869527 0.0374774 0.00130936 
1576396156.866596 1576396156.967634 0.00402894 0.462448 0 0.999965 -0 0 -0.00839518 -0.0365895 0.758592 6.44085 0.999961 -0.000853787 0.00880303 -9.02493e-05 39.9162 66.3165 0 0.62785 -0 0 -0.778335 16279.9 -1321.69 16559.3 0.995212 0.0861143 0.0462327 0.00042202 
1576396156.967634 1576396157.069612 0.00417491 0.467749 0 0.999963 -0 0 -0.00864776 -0.0868723 0.763262 6.55519 0.999961 -0.000546807 0.00882911 -6.3397e-05 40.3725 66.2134 0 0.621095 -0 0 -0.783735 16280.4 -1322.06 16565.9 0.994812 0.0855734 0.0550125 -0.000426683 
1576396157.069612 1576396157.169868 0.00392801 0.473169 0 0.999964 -0 0 -0.00850424 -0.0201692 0.889437 6.62783 0.999963 -0.000325949 0.00862642 -0.00055132 40.8322 66.1015 0 0.614408 -0 0 -0.788989 16281.1 -1322.32 16572.5 0.994328 0.0852726 0.0635448 -0.00173125 
1576396157.169868 1576396157.270609 0.00384357 0.477484 0 0.99997 -0 0 -0.00778543 -0.0822807 0.824137 6.54081 0.999965 -0.000449341 0.0083879 -0.000165508 41.2942 65.9808 0 0.608246 -0 0 -0.793748 16281.9 -1322.62 16579.1 0.993798 0.0848188 0.071868 -0.00263957 
1576396157.270609 1576396157.371946 0.00358106 0.483004 0 0.999974 -0 0 -0.00716081 -0.154532 0.800568 6.76189 0.999971 0.000258476 0.00748861 0.00135098 41.7597 65.8517 0 0.602547 -0 0 -0.798083 16282.7 -1322.97 16585.8 0.993212 0.0849563 0.0794233 -0.00191349 
1576396157.371946 1576396157.471492 0.00346563 0.488422 0 0.999975 -0 0 -0.00700175 -0.155201 0.821852 6.72479 0.999977 0.00025359 0.0067863 0.00077584 42.2285 65.7146 0 0.596944 -0 0 -0.802283 16283.6 -1323.3 16592.5 0.99263 0.0851316 0.0862281 -0.00169927 
1576396157.471492 1576396157.570273 0.00335809 0.49624 0 0.99998 -0 0 -0.00637059 -0.191163 0.785844 6.88041 0.999982 0.000180584 0.0059536 0.000835233 42.7028 65.5688 0 0.591821 -0 0 -0.806069 16284.6 -1323.69 16599.4 0.992085 0.0852272 0.0922077 -0.00136143 
1576396157.570273 1576396157.670842 0.00272774 0.502562 0 0.999985 -0 0 -0.00555304 -0.163764 0.891095 6.99983 0.999987 0.000211141 0.00499622 0.00080596 43.1815 65.4157 0 0.587336 -0 0 -0.809343 16285.7 -1324 16606.3 0.991594 0.0853544 0.0972321 -0.000968176 
1576396157.670842 1576396157.770860 0.00176956 0.509263 0 0.999996 0 0 -0.0028794 -0.527599 0.8682 7.1253 0.999988 -0.000748435 0.00463672 -0.00159333 43.6651 65.2561 0 0.585003 0 0 -0.811031 16286.6 -1324.36 16613.4 0.991194 0.0847617 0.101692 -0.00301664 
1576396157.770860 1576396157.871841 0.00108669 0.516693 0 0.999997 0 0 -0.00242351 -0.62005 0.893393 7.13529 0.999993 0.000372703 0.00349424 -0.00153165 44.1551 65.092 0 0.583036 0 0 -0.812447 16287.5 -1324.69 16620.6 0.990795 0.0852757 0.105026 -0.00479306 
1576396157.871841 1576396157.971902 0.0018736 0.520249 0 0.999997 0 0 -0.0025024 -0.415388 0.848227 7.18036 0.999996 0.000547485 0.00262972 -2.0053e-05 44.6473 64.9237 0 0.581001 0 0 -0.813903 16288.6 -1325.08 16627.8 0.990468 0.0858073 0.107632 -0.00497966 
1576396157.971902 1576396158.074451 0.00108312 0.529091 0 0.999999 0 0 -0.00129207 -0.653991 1.02669 7.27961 0.999997 0.00101047 0.0021076 0.000824313 45.1474 64.7508 0 0.579949 0 0 -0.814653 16289.5 -1325.32 16635.1 0.990156 0.0867087 0.109795 -0.00423528 
1576396158.074451 1576396158.172979 0.00010263 0.535277 0 1 -0 0 -8.9718e-05 -0.480529 0.865411 7.26349 0.999997 0.000316921 -0.000251684 0.00240153 45.6531 64.5755 0 0.579876 -0 0 -0.814705 16290.6 -1325.72 16642.3 0.990163 0.0867596 0.109755 -0.00180076 
1576396158.172979 1576396158.273589 -0.000502763 0.532034 0 1 0 0 0.000968679 -0.730886 0.966543 7.56663 0.999997 0.000634914 -0.00120374 0.00195992 46.156 64.4017 0 0.580665 -0 0 -0.814143 16291.6 -1326.09 16649.9 0.990241 0.0871751 0.108734 0.000314009 
1576396158.273589 1576396158.374812 -0.00148827 0.538008 0 0.999995 0 0 0.00318373 -0.725018 0.907694 7.36797 0.999997 3.00228e-05 -0.00242498 9.93398e-05 46.6652 64.2279 0 0.583254 0 0 -0.81229 16292.5 -1326.48 16657.3 0.990499 0.087193 0.106341 0.000627041 
1576396158.374812 1576396158.475149 -0.00226706 0.541302 0 0.999991 0 0 0.00417065 -1.0475 0.935638 7.59168 0.999993 -0.000902448 -0.003468 -0.00141899 47.1788 64.0571 0 0.586636 0 0 -0.809851 16293.1 -1326.89 16665 0.99094 0.0864472 0.102782 -0.000572058 
1576396158.475149 1576396158.576123 -0.00309154 0.54215 0 0.999985 0 0 0.00539576 -0.860873 0.984141 7.66717 0.999989 7.37931e-05 -0.00425359 -0.00192229 47.6949 63.891 0 0.590998 0 0 -0.806673 16293.8 -1327.25 16672.7 0.991359 0.0867194 0.0983997 -0.00210163 
1576396158.576123 1576396158.678656 -0.00365653 0.607305 0 0.999984 0 0 0.00557077 -0.951423 0.966221 7.61751 0.999988 5.46367e-05 -0.00492587 0.000115336 48.275 63.7114 0 0.595482 0 0 -0.803369 16294.4 -1327.62 16680.4 0.991827 0.0867715 0.0935253 -0.00155472 
1576396158.678656 1576396158.777194 -0.00298557 0.547038 0 0.999985 0 0 0.00548543 -0.928598 0.967054 7.67212 0.999984 -0.00075998 -0.00549822 0.00135638 48.7993 63.5552 0 0.59988 0 0 -0.80009 16294.9 -1328 16688.2 0.992393 0.085898 0.088187 0.000196613 
1576396158.777194 1576396158.879894 -0.00319781 0.550905 0 0.999983 0 0 0.00579184 -0.996798 1.04074 7.7229 0.999984 -0.000973838 -0.00556205 0.000970604 49.329 63.4039 0 0.604504 0 0 -0.796602 16295.3 -1328.31 16696 0.992951 0.0848435 0.0827494 0.00155172 
1576396158.879894 1576396158.981813 -0.00190816 0.550459 0 0.999988 0 0 0.00489069 -0.97446 0.972044 7.92147 0.999982 -0.000411974 -0.00601886 -0.000281405 49.8597 63.2575 0 0.608393 0 0 -0.793636 16295.6 -1328.7 16704 0.993466 0.0844468 0.0767482 0.00174884 
1576396158.981813 1576396159.083475 -0.00299876 0.558677 0 0.999981 0 0 0.00616734 -1.11702 0.98344 7.96539 0.999983 -0.000322435 -0.00564628 -0.00167437 50.4 63.1153 0 0.613276 0 0 -0.789869 16295.8 -1329.09 16712.1 0.993913 0.0842437 0.0709967 0.000537441 
1576396159.083475 1576396159.183855 -0.00327617 0.556921 0 0.999981 0 0 0.00616595 -1.0373 0.952402 7.76681 0.999982 -0.00062664 -0.00587267 -0.00143034 50.9403 62.9805 0 0.618134 0 0 -0.786072 16295.8 -1329.46 16720 0.994365 0.0837177 0.0650383 -0.00043396 
1576396159.183855 1576396159.286031 -0.00340169 0.600157 0 0.999982 0 0 0.00598459 -1.03326 0.982492 7.86666 0.999982 0.000223033 -0.00595198 -0.000878879 51.5244 62.8423 0 0.622828 0 0 -0.782359 16295.8 -1329.81 16728 0.994715 0.0839977 0.0590452 -0.000795087 
1576396159.286031 1576396159.385216 -0.00293219 0.513845 0 0.999983 0 0 0.00577002 -0.963908 0.971923 7.89545 0.999982 0.000832939 -0.00587834 -0.000783336 52.0258 62.73 0 0.627331 0 0 -0.778752 16295.8 -1330.18 16736 0.994973 0.0848756 0.0531317 -0.00103132 
1576396159.385216 1576396159.487746 -0.00391466 0.611119 0 0.999979 0 0 0.0064298 -0.938559 0.960801 7.81073 0.999982 0.000953344 -0.00594776 0.000831039 52.6237 62.6037 0 0.632326 0 0 -0.774703 16295.7 -1330.56 16743.9 0.995191 0.0857846 0.0472844 0.000351033 
1576396159.487746 1576396159.586643 -0.00321475 0.567316 0 0.999984 0 0 0.00567894 -1.14223 1.02628 7.81704 0.999983 0.000377736 -0.00574671 -0.000205372 53.1802 62.4932 0 0.636715 0 0 -0.771099 16295.3 -1330.89 16751.9 0.995414 0.0861668 0.0415468 0.000657483 
1576396159.586643 1576396159.689809 -0.00327868 0.569824 0 0.999982 0 0 0.00606649 -0.916213 0.954385 7.91339 0.999982 0.000117852 -0.00592202 -0.00113836 53.7403 62.3886 0 0.641381 0 0 -0.767222 16295.1 -1331.32 16759.9 0.995632 0.0863259 0.035553 3.95132e-05 
1576396159.689809 1576396159.792632 -0.00390887 0.570419 0 0.999977 0 0 0.00675289 -1.24923 0.971138 7.90713 0.999979 -0.000413424 -0.00574667 -0.0030905 54.3024 62.2913 0 0.646547 0 0 -0.762874 16294.4 -1331.73 16767.9 0.995851 0.0860221 0.0295639 -0.0025561 
1576396159.792632 1576396159.888195 -0.0037412 0.574379 0 0.999979 0 0 0.00641482 -0.887014 0.975222 8.06864 0.999978 0.000261386 -0.00669181 2.60396e-05 54.8696 62.2008 0 0.651428 0 0 -0.758711 16294 -1332.15 16776.1 0.996004 0.0862968 0.0229021 -0.00194674 
1576396159.888195 1576396159.991787 -0.00307434 0.576577 0 0.999986 0 0 0.00531187 -0.904331 1.01194 7.89495 0.999979 0.00146821 -0.00613572 0.00139312 55.4401 62.1167 0 0.655449 0 0 -0.75524 16293.5 -1332.51 16784.1 0.996 0.0877374 0.0169135 3.97203e-06 
1576396159.991787 1576396160.089352 -0.00308457 0.578195 0 0.999984 0 0 0.00573314 -0.89773 1.00374 8.00861 0.999981 0.000743338 -0.00603188 0.000708609 56.0129 62.0383 0 0.659768 0 0 -0.751469 16292.8 -1332.93 16792.1 0.996018 0.0884641 0.0109676 0.00125154 
1576396160.089352 1576396160.192149 -0.00328787 0.58169 0 0.999985 0 0 0.00549125 -1.05684 1.0007 7.94438 0.999981 0.000482326 -0.00592662 -0.00155319 56.5901 61.9663 0 0.663885 0 0 -0.747835 16292 -1333.35 16800.2 0.996024 0.0889525 0.00492637 0.00023409 
1576396160.192149 1576396160.289889 -0.00458798 0.579979 0 0.999966 0 0 0.00825226 -1.07979 0.991298 8.07072 0.999979 0.00103536 -0.00591668 -0.00222856 57.1666 61.9021 0 0.670033 0 0 -0.742331 16291 -1333.8 16808.3 0.995941 0.0899915 -0.00116536 -0.00145421 
1576396160.289889 1576396160.390948 -0.00339593 0.585401 0 0.999984 0 0 0.00563745 -1.04528 1.16001 7.85781 0.999982 0.000400572 -0.00599548 -0.000242276 57.7493 61.8457 0 0.674207 0 0 -0.738542 16289.9 -1334.07 16816.2 0.995879 0.0903972 -0.0071577 -0.0011564 
1576396160.390948 1576396160.491422 -0.00305853 0.585839 0 0.999987 0 0 0.00501192 -0.96797 0.994553 8.04676 0.999978 -0.00149079 -0.00635304 0.00140966 58.333 61.7955 0 0.677901 0 0 -0.735154 16288.8 -1334.53 16824.3 0.995948 0.088928 -0.0133587 0.000832448 
1576396160.491422 1576396160.591451 -0.00356565 0.590207 0 0.999982 0 0 0.00601112 -0.941253 1.03469 8.1353 0.999983 -0.000790732 -0.00582783 0.000635681 58.9215 61.7513 0 0.682307 0 0 -0.731065 16287.6 -1334.96 16832.5 0.995923 0.0881426 -0.0191055 0.00199436 
1576396160.591451 1576396160.693549 -0.00348566 0.591396 0 0.999984 0 0 0.00563575 -1.16387 1.02337 7.94753 0.999985 0.000101116 -0.00537708 -0.00135867 59.5118 61.714 0 0.686417 0 0 -0.727209 16286.2 -1335.35 16840.4 0.995798 0.0882052 -0.0245803 0.00111322 
1576396160.693549 1576396160.793824 -0.00321581 0.593466 0 0.999985 0 0 0.0054283 -0.942059 0.999079 8.30146 0.999985 0.000292622 -0.00521534 -0.001525 60.1044 61.683 0 0.690354 0 0 -0.723472 16284.8 -1335.82 16848.7 0.995631 0.088452 -0.0299082 4.7442e-05 
1576396160.793824 1576396160.894266 -0.00266323 0.596171 0 0.999989 0 0 0.00462985 -0.956928 1.10352 8.21746 0.999989 0.000264946 -0.00455237 -0.000486342 60.7001 61.6578 0 0.693696 0 0 -0.720268 16283.4 -1336.17 16856.9 0.995461 0.0887001 -0.0344834 -4.20331e-05 
1576396160.894266 1576396160.997283 -0.00318887 0.668467 0 0.999989 0 0 0.00465723 -0.855788 0.961287 8.20833 0.99999 -0.000207996 -0.00443651 0.000174268 61.3682 61.6359 0 0.697043 0 0 -0.717029 16282 -1336.67 16865.1 0.995317 0.0884984 -0.038884 0.000532136 
1576396160.997283 1576396161.098475 -0.00218982 0.60095 0 0.999993 0 0 0.00366354 -0.804311 0.993576 8.29907 0.999992 0.000127988 -0.00400193 -0.000129509 61.9689 61.6211 0 0.699665 0 0 -0.714471 16280.5 -1337.15 16873.3 0.995142 0.0886179 -0.0428784 0.000752417 
1576396161.098475 1576396161.197841 -0.00209339 0.601835 0 0.999994 0 0 0.00344042 -0.963793 0.957823 8.29733 0.999993 0.000649646 -0.00362861 -0.00030622 62.5707 61.6106 0 0.702119 0 0 -0.712059 16278.8 -1337.67 16881.6 0.994922 0.0892479 -0.0465167 0.000741383 
1576396161.197841 1576396161.297029 -0.00200662 0.601708 0 0.999992 0 0 0.00396716 -0.878337 0.955621 8.15415 0.999992 0.00249034 -0.00306898 0.000208162 63.1724 61.6041 0 0.704939 0 0 -0.709268 16277.2 -1338.17 16889.6 0.994549 0.0917323 -0.049553 0.00110654 
1576396161.297029 1576396161.397702 -0.000751629 0.600971 0 0.999998 0 0 0.00189771 -0.777263 1.11041 8.25273 0.999995 0.000817598 -0.00310414 4.97619e-05 63.7733 61.6012 0 0.706283 0 0 -0.707929 16275.6 -1338.58 16897.8 0.994315 0.092544 -0.0526363 0.00140026 
1576396161.397702 1576396161.498228 -0.00126817 0.607611 0 0.999997 0 0 0.0023616 -0.951713 1.06635 8.22362 0.999996 -0.00024141 -0.00272527 -0.000454402 64.381 61.601 0 0.707953 0 0 -0.706259 16273.8 -1339.04 16906 0.994191 0.0922759 -0.0553876 0.00121335 
1576396161.498228 1576396161.599433 -0.00153062 0.593872 0 0.999996 0 0 0.00285239 -0.846269 1.15759 8.0887 0.999997 -0.000453076 -0.00228117 -0.000103781 64.9748 61.604 0 0.709965 0 0 -0.704237 16272 -1339.38 16914 0.994104 0.0918167 -0.0576644 0.00134576 
1576396161.599433 1576396161.701826 -0.0024446 0.583518 0 1 0 0 -0.000920083 -0.861833 1.01436 8.29378 0.999996 -0.000829447 -0.00276547 -0.000641673 65.5583 61.6111 0 0.709317 -0 0 -0.70489 16270.2 -1339.89 16922.2 0.994017 0.090951 -0.0604711 0.00100961 
1576396161.701826 1576396161.800046 -0.0053182 0.602925 0 0.999984 0 0 0.00560593 -0.801722 0.964144 8.2781 0.99999 -0.00322644 -0.0027806 -0.00111781 66.1612 61.6202 0 0.713257 -0 0 -0.700903 16268.4 -1340.43 16930.3 0.994134 0.0876726 -0.0633329 0.000346482 
1576396161.800046 1576396161.900469 -0.00259454 0.595505 0 0.999993 0 0 0.00385685 -0.878981 0.893299 8.1188 0.999995 -0.000417473 -0.00307351 -5.79975e-05 66.7565 61.6332 0 0.715955 -0 0 -0.698147 16266.5 -1340.96 16938.3 0.993971 0.0872524 -0.066393 0.000584725 
1576396161.900469 1576396162.001104 -0.00130796 0.594608 0 0.999996 0 0 0.00276234 -0.758146 0.950896 8.17213 0.999993 0.00189269 -0.00271646 0.00167618 67.3509 61.6495 0 0.717881 -0 0 -0.696166 16264.7 -1341.43 16946.4 0.993618 0.0892428 -0.0689475 0.00236215 
1576396162.001104 1576396162.104195 -0.000947783 0.593933 0 0.999997 0 0 0.00227783 -0.770798 0.96155 8.16146 0.999994 0.0024128 -0.0025254 0.000249519 67.9446 61.6687 0 0.719465 0 0 -0.694529 16262.8 -1341.93 16954.4 0.993222 0.0916509 -0.0714398 0.00266908 
1576396162.104195 1576396162.203742 -0.00102145 0.592737 0 0.999998 0 0 0.00218302 -0.858616 1.05864 8.13166 0.999996 0.00148857 -0.00227611 -0.000166571 68.5369 61.6906 0 0.720979 0 0 -0.692957 16260.7 -1342.37 16962.4 0.992919 0.093111 -0.0737194 0.00260589 
1576396162.203742 1576396162.303339 -0.0012177 0.59061 0 0.999996 0 0 0.00265605 -0.847694 1.00964 8.18129 0.999997 0.000304239 -0.0023083 -0.000487102 69.127 61.7152 0 0.722817 0 0 -0.691039 16258.7 -1342.88 16970.4 0.992719 0.0933709 -0.0760573 0.00231473 
1576396162.303339 1576396162.403865 -0.00151489 0.589899 0 0.999997 0 0 0.00241703 -0.86156 1.05954 8.05776 0.999997 -0.000528098 -0.00233409 0.00047738 69.7162 61.7433 0 0.724485 0 0 -0.68929 16256.6 -1343.33 16978.3 0.992587 0.0928773 -0.0783284 0.00304673 
1576396162.403865 1576396162.506307 -0.000883422 0.638043 0 0.999999 0 0 0.00128128 -0.811923 1.14695 8.14919 0.999997 -0.000606137 -0.00216324 0.000265884 70.3534 61.7759 0 0.725368 0 0 -0.688362 16254.5 -1343.7 16986.3 0.992471 0.0922897 -0.0804489 0.00355903 
1576396162.506307 1576396162.606528 -0.00181791 0.588441 0 0.999994 0 0 0.00334539 -0.909452 0.926741 8.08306 0.999998 -0.000789788 -0.00181584 -0.000714451 70.941 61.8085 0 0.727667 0 0 -0.685931 16252.3 -1344.27 16994.1 0.992398 0.0914417 -0.082314 0.00308107 
1576396162.606528 1576396162.707140 -0.00124744 0.588286 0 0.999998 0 0 0.00215846 -0.744857 1.04922 8.08822 0.999997 -0.000300431 -0.00236915 -6.56999e-05 71.5282 61.8444 0 0.729145 0 0 -0.684359 16250.2 -1344.71 17002 0.992228 0.0911306 -0.08467 0.00325723 
1576396162.707140 1576396162.807485 -0.000875171 0.590178 0 0.999999 0 0 0.00146585 -0.793123 1.00653 8.11053 0.999998 0.000186102 -0.0019602 0.000117818 72.1171 61.8827 0 0.730148 0 0 -0.683289 16248.1 -1345.18 17009.9 0.992042 0.0913186 -0.0866046 0.003537 
1576396162.807485 1576396162.908442 -0.00103428 0.585356 0 0.999998 0 0 0.0019898 -0.675251 1.04535 8.23988 0.999998 0.000108238 -0.00191887 0.000328778 72.7011 61.9225 0 0.731506 0 0 -0.681835 16246 -1345.64 17018 0.991863 0.0914475 -0.0884784 0.00402901 
1576396162.908442 1576396163.009229 -0.00122053 0.587563 0 0.999998 0 0 0.00218902 -0.848097 1.00022 8.14238 0.999997 -0.000956615 -0.00189499 -0.00109775 73.2871 61.9649 0 0.732997 0 0 -0.680232 16243.7 -1346.14 17025.9 0.991785 0.0903937 -0.0904543 0.00319811 
1576396163.009229 1576396163.107025 -0.00125588 0.588839 0 0.999998 0 0 0.00201405 -0.883034 1.11766 8.05618 0.999997 -0.00130666 -0.00171605 -0.00121213 73.8742 62.0101 0 0.734365 0 0 -0.678754 16241.4 -1346.48 17033.7 0.991748 0.0889823 -0.0922613 0.00226924 
1576396163.107025 1576396163.210540 -0.000923667 0.589408 0 0.999999 0 0 0.00148201 -0.770353 1.03271 8.38992 0.999996 -0.0017592 -0.0016618 -0.00170691 74.4617 62.0573 0 0.73537 0 0 -0.677665 16239.1 -1346.94 17041.9 0.991751 0.087076 -0.0940569 0.000886578 
1576396163.210540 1576396163.310733 -0.00130481 0.591302 0 0.999999 0 0 0.00156517 -0.782925 1.06409 8.25142 0.999994 -0.00151767 -0.00125128 -0.00267739 75.051 62.1069 0 0.73643 0 0 -0.676514 16236.7 -1347.3 17049.9 0.991762 0.0853174 -0.0955291 -0.00151703 
1576396163.310733 1576396163.410733 -0.000682672 0.594952 0 0.999999 0 0 0.00126306 -0.840401 0.746674 8.35698 0.999999 0.000279862 -0.00127235 -7.27181e-05 75.6437 62.1579 0 0.737284 0 0 -0.675583 16234.3 -1347.96 17058 0.991616 0.0855899 -0.0967967 -0.00150733 
1576396163.410733 1576396163.510417 -0.000537604 0.596275 0 0.999999 0 0 0.00111888 -0.744319 0.796661 8.19237 0.999994 0.00320389 -0.0013357 0.00051241 76.2377 62.2104 0 0.738039 0 0 -0.674758 16232 -1348.55 17065.9 0.991207 0.088818 -0.0980719 -0.00119501 
1576396163.510417 1576396163.620381 -5.65596e-05 0.666053 0 1 0 0 0.000434517 -0.793926 0.945927 8.22421 0.999994 0.00307901 -0.00111543 0.000716572 76.9011 62.27 0 0.738333 0 0 -0.674437 16229.6 -1349.05 17073.8 0.99082 0.0919411 -0.0991097 -0.000687627 
1576396163.620381 1576396163.712723 0.000390286 0.523974 0 1 0 0 0.00053209 -0.653403 1.04271 8.36001 0.999995 0.00303873 -0.00110568 -0.000635449 77.4229 62.3169 0 0.738691 0 0 -0.674044 16227.3 -1349.54 17081.9 0.990425 0.0948892 -0.100261 -0.00151675 
1576396163.712723 1576396163.812926 -0.00171933 0.587637 0 0.999999 0 0 0.00152111 -0.981018 1.17899 7.9685 0.999997 0.00231251 -0.000564697 -0.000912421 78.008 62.3723 0 0.739716 -0 0 -0.672919 16224.7 -1349.85 17089.6 0.990144 0.0970886 -0.100903 -0.0025987 
1576396163.812926 1576396163.915355 -0.000647963 0.59179 0 1 0 0 0.000807786 -0.674044 1.16331 8.07178 0.999997 -0.00186805 -0.00154022 0.000161253 78.597 62.4288 0 0.740259 -0 0 -0.672322 16222.4 -1350.24 17097.5 0.990168 0.095259 -0.102417 -0.002101 
1576396163.915355 1576396164.012453 -0.000188023 0.590978 0 1 0 0 0.000488134 -0.706819 1.11021 8.48904 0.999996 -0.00246013 -0.000982343 0.00020388 79.1853 62.4857 0 0.740587 0 0 -0.67196 16220 -1350.73 17105.7 0.990298 0.0928456 -0.103375 -0.00155358 
1576396164.012453 1576396164.112996 -0.000809204 0.590415 0 0.999999 0 0 0.00146092 -0.703664 0.940344 8.14231 0.999999 -0.000869896 -0.000960677 -0.000338082 79.7728 62.5437 0 0.741568 0 0 -0.670878 16217.6 -1351.29 17113.5 0.990278 0.0919506 -0.104359 -0.00170926 
1576396164.112996 1576396164.224565 -0.000779484 0.657046 0 1 0 0 0.000984657 -0.72722 1.00744 8.20136 1 0.00024665 -0.000828623 -0.000368424 80.4265 62.6101 0 0.742228 0 0 -0.670147 16215.2 -1351.77 17121.5 0.990168 0.0921578 -0.105213 -0.00202365 
1576396164.224565 1576396164.325541 -0.000443123 0.588533 0 1 0 0 0.000623135 -0.774324 1.11882 9.20708 1 -0.000312724 -0.000735821 0.000349482 81.012 62.6705 0 0.742646 0 0 -0.669684 16212.5 -1352.33 17130.4 0.99012 0.0918864 -0.10591 -0.00157689 
1576396164.325541 1576396164.425923 -0.000208583 0.635838 0 1 0 0 0.000488683 -0.534091 1.00336 8.16969 1 -0.000374437 -0.000429831 0.000164978 81.6444 62.7362 0 0.742973 0 0 -0.669321 16210.3 -1352.81 17138.3 0.990109 0.0915338 -0.106321 -0.00133439 
1576396164.425923 1576396164.529458 -0.000135076 0.58721 0 1 0 0 0.00019142 -0.740337 0.979628 8.04999 1 -0.000377352 -0.000159113 0.000295417 82.2284 62.7974 0 0.743101 0 0 -0.669179 16207.8 -1353.29 17146 0.990127 0.0911918 -0.106452 -0.00098721 
