groundtruth: cam2wheel_ryp.roll = -0.148046, cam2wheel_ryp.yaw = -4.70919, cam2wheel_ryp.pitch = -7.91756, cam2wheel_xyz.x = 1.865, cam2wheel_xyz.y = -0.253, cam2wheel_xyz.z = 1.28
from_timestamp to_timestamp delta_pos_wheel delta_q_wheel delta_pos_cam delta_q_cam pos_wheel q_wheel pos_cam q_cam 
1576808153.150839 1576808158.280306 -0.00684724 -0.613206 0 0.999864 0 0 -0.0165025 468.726 -358.563 -3147.52 0.999966 0.000950004 0.00808863 0.0015569 -0.00684724 -0.613206 0 0.999864 0 0 -0.0165025 -27433.4 -4308.71 -239306 0.691185 0.0107608 0.722128 -0.0260505 
1576808158.280306 1576808187.354785 0 0 0 1 0 0 0 31.3052 21.8035 21.8458 1 -0.000197747 -0.000254021 -0.000673098 -0.00684724 -0.613206 0 0.999864 0 0 -0.0165025 -27411.9 -4288.72 -239338 0.691353 0.0111168 0.72194 -0.0266558 
1576808187.354785 1576808189.178811 -7.81135e-05 0.0260336 0 0.999999 0 0 0.00156268 4.49092 21.3119 481.958 0.999999 -0.000549603 -0.000370704 -0.000818217 -0.00606619 -0.587184 0 0.999888 -0 0 -0.01494 -26930.1 -4293.5 -239364 0.691604 0.0113374 0.721659 -0.0276141 
1576808189.178811 1576808190.688640 0.000649366 0.704034 0 0.999999 -0 0 -0.00113815 -401.603 522.236 4140.99 0.999992 -0.00161977 0.00268142 -0.00244196 0.0156171 0.116517 0 0.999871 -0 0 -0.016078 -22753.4 -3993.41 -239149 0.689615 0.0119053 0.723436 -0.0305021 
1576808190.688640 1576808191.694838 0.000464135 0.628172 0 1 -0 0 -0.000880961 -386.944 361.075 3620.83 0.999995 0.00121869 0.0028423 9.83855e-05 0.0362778 0.744349 0 0.999856 -0 0 -0.0169588 -19103 -3842.75 -238943 0.687544 0.0125878 0.725431 -0.0295863 
1576808191.694838 1576808192.800824 0.000124529 0.653118 0 1 0 0 -9.79518e-05 -266.596 477.298 3770.84 0.999998 0.000360543 0.000678066 -0.00175303 0.0585514 1.39709 0 0.999855 0 0 -0.0170568 -15301.7 -3587.59 -238888 0.686994 0.0140873 0.725884 -0.0305385 
1576808192.800824 1576808194.007047 -0.00356135 0.681254 0 0.999925 0 0 0.0122268 -613.668 373.878 3904.19 0.999934 0.000599845 -0.011495 -0.000599954 0.0782287 2.07807 0 0.999988 0 0 -0.00483049 -11353.6 -3450.02 -238496 0.695266 0.015285 0.717949 -0.0303513 
1576808194.007047 1576808195.415435 -0.036398 0.644732 0 0.998147 0 0 0.0608477 -1897.28 1005.94 3767.33 0.998087 5.69416e-05 -0.0607299 -0.0116262 0.0480611 2.72312 0 0.998429 0 0 0.0560254 -7469.43 -2652.23 -236741 0.737183 0.0254856 0.674176 -0.0374074 
1576808195.415435 1576808196.724600 -0.0476042 0.648722 0 0.997297 0 0 0.0734726 -2186.44 74.779 3748.37 0.997305 0.00294493 -0.0729012 0.00765233 -0.0718199 3.36244 0 0.991614 0 0 0.129231 -3936.87 -2862.21 -234228 0.784556 0.0251559 0.618923 -0.0278221 
1576808196.724600 1576808198.231158 -0.0529472 0.679453 0 0.997155 0 0 0.0753793 -2340.18 163.709 3896.77 0.997188 0.00247851 -0.0745635 0.00707195 -0.297139 4.00563 0 0.979052 0 0 0.203611 -689.369 -2957.68 -231045 0.828633 0.0247272 0.55893 -0.0187858 
1576808198.231158 1576808202.155724 -0.0253466 0.498298 0 0.99876 0 0 0.049789 -1393.44 405.803 2696.74 0.998837 0.00186591 -0.0481264 -0.00210297 -0.519051 4.45251 0 0.9677 0 0 0.252104 1308.13 -2714.94 -228737 0.854483 0.0283241 0.518384 -0.0182736 
1576808202.155724 1576808204.670587 -0.00354349 -0.493067 0 0.999993 0 0 0.00361112 168.95 -388.666 -3348.55 0.999983 -0.000522842 -0.00497897 0.00307576 -0.281565 4.02039 0 0.966783 0 0 0.255597 -1600.4 -2877.51 -230441 0.857121 0.0263734 0.514198 -0.0157751 
1576808204.670587 1576808205.274606 0.00590721 -0.29489 0 0.999758 0 0 0.0219795 -382.296 -222.306 -1721.03 0.999719 0.000368387 -0.023691 -6.40012e-05 -0.130691 3.76695 0 0.960932 0 0 0.276785 -3307.98 -2993.7 -230919 0.869051 0.0270884 0.493752 -0.0150113 
1576808205.274606 1576808207.695801 0.00265682 -0.18027 0 0.999924 0 0 0.0123612 -171.93 66.4502 -457.46 0.999926 0.00199468 -0.0119245 -0.00106127 -0.032548 3.61571 0 0.957437 0 0 0.288642 -3784.71 -2899.17 -231003 0.874805 0.0295229 0.483354 -0.0146246 
1576808207.695801 1576808209.501145 -0.00226444 0.160656 0 0.999907 0 0 0.0136219 -460.261 74.3412 1362.02 0.999889 0.00127835 -0.0147617 0.0016553 -0.123232 3.74835 0 0.953416 0 0 0.301657 -2875.02 -2915.96 -229887 0.881829 0.0300537 0.470454 -0.0121212 
1576808209.501145 1576808210.305139 -0.0132405 0.350415 0 0.999313 0 0 0.0370694 -1070.63 293.619 2139.43 0.999367 0.00110347 -0.0354956 -0.00198743 -0.335625 4.02737 0 0.941579 0 0 0.336792 -1683.27 -2768.14 -227797 0.897913 0.032373 0.438809 -0.0122802 
1576808210.305139 1576808210.817851 -0.0074576 0.320121 0 0.999741 0 0 0.0227401 -666.379 186.859 1889.58 0.999753 0.000786021 -0.022149 0.001435 -0.544422 4.27014 0 0.933677 0 0 0.358117 -595.858 -2716.19 -226105 0.907403 0.0327131 0.418869 -0.00992672 
1576808210.817851 1576808211.319970 -0.00739127 0.342885 0 0.999781 0 0 0.020907 -660.113 245.752 2081.66 0.999775 0.00022107 -0.0212228 -0.000154729 -0.779215 4.52013 0 0.925986 0 0 0.377559 568.008 -2618.1 -224243 0.916079 0.0331818 0.399514 -0.00927802 
1576808211.319970 1576808211.825065 -0.00705109 0.316445 0 0.999738 0 0 0.0228987 -700.313 175.412 1943.3 0.999719 -0.000466651 -0.0237068 0.000266443 -1.00552 4.74143 0 0.917097 0 0 0.398664 1520.25 -2582.32 -222402 0.925311 0.0328585 0.377689 -0.00843113 
1576808211.825065 1576808212.426097 -0.00856135 0.336812 0 0.999682 0 0 0.0252208 -761.212 188.414 2063.62 0.999667 0.000757252 -0.025788 0.000375636 -1.25765 4.96492 0 0.906751 0 0 0.421667 2425.18 -2539.98 -220389 0.934721 0.0336238 0.35372 -0.00694738 
1576808212.426097 1576808213.032398 -0.00717797 0.318871 0 0.999755 0 0 0.0221337 -654.755 160.359 1807.36 0.999787 0.00037586 -0.0206349 0.000766427 -1.50611 5.16491 0 0.897196 0 0 0.441633 3134.52 -2509.56 -218596 0.941813 0.0338402 0.334385 -0.00540273 
1576808213.032398 1576808213.734693 -0.0111233 0.353337 0 0.999414 0 0 0.0342323 -974.914 230.916 2143.76 0.999403 0.000655697 -0.0344711 0.00216901 -1.7929 5.3716 0 0.881552 0 0 0.472088 3734.73 -2435.72 -216308 0.952767 0.0338985 0.301797 -0.00197094 
1576808213.734693 1576808214.339424 -0.0111572 0.309442 0 0.999351 0 0 0.0360326 -990.245 167.21 1845.41 0.999365 0.000824197 -0.035575 0.00193954 -2.05665 5.53383 0 0.863969 0 0 0.503546 3989.95 -2406.84 -214223 0.962874 0.034147 0.267778 0.00133292 
1576808214.339424 1576808215.041074 -0.013582 0.343888 0 0.999219 0 0 0.0395208 -1127.7 200.093 2135.1 0.999184 0.0010643 -0.0403738 0.000606229 -2.36256 5.69151 0 0.843393 0 0 0.537297 4128.33 -2369.61 -211804 0.972863 0.0349278 0.228704 0.0035792 
1576808215.041074 1576808215.747476 -0.0129939 0.348589 0 0.999364 0 0 0.0356495 -1021.11 219.619 2112.94 0.999412 0.000955816 -0.0342798 -3.92561e-05 -2.68398 5.82705 0 0.823703 0 0 0.567022 4156.81 -2314.09 -209448 0.980097 0.0357234 0.195215 0.00495482 
1576808215.747476 1576808216.351071 -0.00809868 0.310127 0 0.999667 0 0 0.0258048 -747.985 173.683 1932.08 0.999649 0.000774415 -0.0264835 0.000807473 -2.97656 5.9302 0 0.808797 0 0 0.588089 4206.62 -2290.12 -207370 0.984891 0.036181 0.169215 0.00684174 
1576808216.351071 1576808216.953660 -0.00802506 0.324783 0 0.999713 0 0 0.0239699 -709.981 169.855 1985.24 0.999718 0.000708628 -0.0237211 0.00075256 -3.288 6.02269 0 0.794468 0 0 0.607306 4199.85 -2275.87 -205254 0.988597 0.0365791 0.145827 0.00855917 
1576808216.953660 1576808217.556952 -0.00832374 0.362397 0 0.999749 0 0 0.0224051 -707.347 208.321 2163.69 0.99976 0.00133141 -0.0218433 0.000837876 -3.63989 6.10974 0 0.780662 0 0 0.624954 4146.6 -2238.74 -202969 0.991489 0.0375774 0.124217 0.0103786 
1576808217.556952 1576808217.958621 -0.0044136 0.2758 0 0.999875 0 0 0.0157888 -496.265 156.162 1672.31 0.999874 0.00110822 -0.015785 0.00116672 -3.90996 6.1658 0 0.770697 0 0 0.637202 4077.23 -2218.2 -201220 0.993271 0.0383627 0.108583 0.0122649 
1576808217.958621 1576808218.463671 -0.00815974 0.391162 0 0.999806 0 0 0.0197153 -627.142 248.435 2375.26 0.999802 0.0014195 -0.019833 0.00100662 -4.29569 6.2313 0 0.757984 0 0 0.652273 3975.67 -2165.77 -198753 0.995161 0.0394125 0.0888832 0.0141773 
1576808218.463671 1576808218.764262 -0.00300067 0.260652 0 0.999932 0 0 0.0116671 -385.203 155.813 1587.62 0.999929 0.000280246 -0.0118522 0.000934686 -4.55388 6.26719 0 0.750323 0 0 0.661072 3876.04 -2144.6 -197115 0.99612 0.0394375 0.0771149 0.0155985 
1576808218.764262 1576808219.165419 -0.00663006 0.383287 0 0.999858 0 0 0.0168678 -561.662 243.409 2300.68 0.999863 0.000972313 -0.0164944 -8.33736e-05 -4.93494 6.3089 0 0.739065 0 0 0.673634 3671.53 -2098.17 -194744 0.997219 0.0401498 0.0606555 0.0162388 
1576808219.165419 1576808219.466954 -0.00299783 0.329359 0 0.999968 0 0 0.00800297 -332.669 190.806 1885.37 0.999971 0.000404188 -0.00758777 -0.00101791 -5.26317 6.33635 0 0.73365 0 0 0.679527 3566.77 -2067.73 -192823 0.99765 0.0404902 0.0530396 0.0155524 
1576808219.466954 1576808219.770867 -0.00181395 0.33654 0 0.999986 0 0 0.00522152 -264.204 194.98 1999.21 0.999987 6.72852e-05 -0.00517744 0.000262929 -5.59886 6.36029 0 0.730092 0 0 0.683349 3513.07 -2041.04 -190798 0.997904 0.0404623 0.0478832 0.0160277 
1576808219.770867 1576808220.073006 -0.00185609 0.354853 0 0.999987 0 0 0.00513616 -272.098 204.595 2122.55 0.999988 -0.0001282 -0.00486619 0.000557991 -5.95306 6.38188 0 0.726573 0 0 0.687089 3442.2 -2015.13 -188649 0.998122 0.0402292 0.0430513 0.0167751 
1576808220.073006 1576808220.376962 -0.00146327 0.377944 0 0.999993 0 0 0.00371424 -265.788 232.13 2253.84 0.999992 0.000314162 -0.00398051 -0.000897897 -6.3305 6.40151 0 0.724016 0 0 0.689783 3367.32 -1971.44 -186370 0.998287 0.0405143 0.0390365 0.0160524 
1576808220.376962 1576808220.576516 -0.00048576 0.263327 0 0.999998 0 0 0.00181775 -170.32 161.809 1579.15 0.999999 -0.000334903 -0.00155871 -5.6452e-05 -6.59354 6.41377 0 0.722761 0 0 0.691098 3318.06 -1942 -184774 0.998361 0.0401571 0.0374835 0.0160461 
1576808220.576516 1576808220.779474 -0.000427921 0.282023 0 0.999999 0 0 0.00154002 -118.666 152.039 1652.1 0.999998 -0.000517532 -0.00178672 0.00106554 -6.8753 6.42597 0 0.721696 0 0 0.692211 3321.15 -1925.18 -183111 0.998429 0.0395717 0.0357507 0.0171622 
1576808220.779474 1576808221.078927 -0.00113586 0.42545 0 0.999996 0 0 0.00268121 -267.733 232.389 2489.38 0.999998 -0.000253454 -0.00181668 -0.000581024 -7.30043 6.44257 0 0.719837 0 0 0.694143 3228.05 -1897.24 -180598 0.998513 0.0393082 0.0339182 0.0166449 
1576808221.078927 1576808221.287517 -0.000406128 0.311388 0 0.999999 0 0 0.00106978 -132.933 182.387 1784.79 0.999999 0.000217873 -0.00132881 0.000175965 -7.61163 6.45348 0 0.719094 0 0 0.694913 3213.15 -1858.38 -178800 0.998545 0.0394976 0.0325946 0.0168802 
1576808221.287517 1576808221.489056 -0.000109054 0.298949 0 1 0 0 0.000267962 -187.666 156.906 1751.22 1 0.000101396 -0.000381199 -0.00041928 -7.91041 6.46359 0 0.718908 0 0 0.695105 3137.44 -1845.07 -177033 0.998561 0.0396061 0.0321957 0.0164799 
1576808221.489056 1576808221.688517 1.86632e-05 0.301439 0 1 0 0 -1.62904e-05 -139.938 175.905 1829.15 0.999999 0.000167346 -0.000697125 -0.000749458 -8.21167 6.47376 0 0.718919 0 0 0.695094 3112.52 -1817.52 -175191 0.998588 0.0397858 0.0314671 0.0157645 
1576808221.688517 1576808221.990388 -0.000346563 0.459031 0 1 0 0 0.000530193 -176.484 248.327 2750.83 1 -0.000116148 -0.000939076 -7.96127e-05 -8.67046 6.48887 0 0.718551 0 0 0.695475 3105.61 -1791.95 -172423 0.998623 0.0396575 0.030528 0.0157187 
1576808221.990388 1576808222.192962 -7.3535e-05 0.309543 0 1 0 0 0.000296365 -140.549 180.787 1844.53 1 -0.000154232 -0.000435581 -0.000142567 -8.97984 6.4989 0 0.718344 0 0 0.695688 3074.92 -1760.9 -170565 0.998645 0.039501 0.0300898 0.0155889 
1576808222.192962 1576808222.392332 -0.000149445 0.314303 0 1 0 0 0.000354702 -133.966 170.791 1858.53 1 -0.000130192 -0.000433683 -0.00044131 -9.29398 6.50882 0 0.718098 0 0 0.695942 3050.33 -1740.1 -168694 0.99867 0.0393775 0.0296413 0.0151614 
1576808222.392332 1576808222.593896 -6.41264e-05 0.315647 0 1 0 0 0.000125872 -140.081 176.318 1888.78 0.999999 0.000244347 -0.000279402 0.00124332 -9.60948 6.51865 0 0.71801 0 0 0.696033 3019.71 -1715.83 -166792 0.998649 0.0395804 0.0294075 0.0164213 
1576808222.593896 1576808222.797874 0.000111444 0.329991 0 1 0 0 -0.000250502 -120.087 183.209 1865.63 0.999999 3.5352e-07 -0.000231771 0.00120746 -9.93931 6.52901 0 0.718184 0 0 0.695853 3006.32 -1683.2 -164914 0.998635 0.0395414 0.0292238 0.0176363 
1576808222.797874 1576808222.997470 -4.73894e-05 0.31948 0 1 0 0 0.000353509 -168.696 179.286 1928.84 1 0.000254573 -0.000555795 -0.000752636 -10.2586 6.53905 0 0.717938 0 0 0.696107 2947.38 -1661.26 -162971 0.998654 0.0398078 0.0286345 0.0169141 
1576808222.997470 1576808223.197694 -0.000274361 0.320462 0 1 0 0 0.000789578 -162.377 175.162 1906.93 1 1.42454e-05 -0.000831028 -0.000452784 -10.5789 6.54867 0 0.717388 0 0 0.696673 2891.48 -1642.38 -161050 0.998684 0.0398209 0.0277863 0.0164954 
1576808223.197694 1576808223.400848 -0.000262596 0.321299 0 0.999999 0 0 0.00109032 -152.342 160.898 1916.41 1 -2.28508e-05 -0.000579466 -0.000474066 -10.9001 6.55782 0 0.716628 0 0 0.697455 2843.39 -1638.1 -159121 0.998709 0.0398017 0.0271891 0.0160444 
1576808223.400848 1576808223.601696 -0.000517455 0.322014 0 0.999999 0 0 0.00142166 -160.288 180.213 1924.54 1 7.45769e-05 -0.000903261 -0.000391571 -11.222 6.56604 0 0.715636 0 0 0.698473 2785.01 -1615.36 -157183 0.998736 0.0398723 0.0262702 0.0156913 
1576808223.601696 1576808223.800186 -0.000244859 0.323067 0 1 0 0 0.000704755 -145.901 194.394 1918.26 1 0.000226327 -0.000714276 0.000510231 -11.545 6.57363 0 0.715144 0 0 0.698977 2736.75 -1577.75 -155250 0.998737 0.0400737 0.0255736 0.0162353 
1576808223.800186 1576808224.001776 -0.000156648 0.323013 0 1 0 0 0.000524944 -140.394 162.891 1918.8 1 0.000757634 -0.000551382 -0.000127736 -11.8679 6.58086 0 0.714777 0 0 0.699353 2692.18 -1572.31 -153320 0.998723 0.0408247 0.0250055 0.0161492 
1576808224.001776 1576808224.202792 -0.000127374 0.318932 0 1 0 0 0.000485698 -141.146 173.522 1905.27 1 0.000553405 -0.000420211 0.000279771 -12.1868 6.58769 0 0.714437 0 0 0.6997 2643.72 -1558.13 -151402 0.998706 0.0413636 0.0245883 0.0164596 
1576808224.202792 1576808224.406602 -0.000269534 0.3284 0 1 0 0 0.000779714 -128.585 169.085 1876.31 0.999999 0.000142012 -0.000570508 0.000964963 -12.5151 6.59426 0 0.713891 0 0 0.700257 2604.85 -1547.7 -149514 0.998698 0.0414723 0.0240561 0.0174504 
1576808224.406602 1576808224.606825 -8.75407e-05 0.298566 0 1 0 0 0.000229184 -120.062 175.896 1777.95 1 0.000207671 -0.000450757 0.000805881 -12.8136 6.59993 0 0.713731 0 0 0.70042 2567.22 -1522.73 -147724 0.998685 0.0416524 0.0236357 0.0182789 
1576808224.606825 1576808224.906109 -0.000244553 0.403157 0 1 0 0 0.000691135 -200.971 230.678 2524.67 1 0.000201738 -0.000583689 -0.000275635 -13.2167 6.60728 0 0.713246 0 0 0.700913 2481.68 -1508.6 -145182 0.998695 0.0418497 0.0230376 0.0180327 
1576808224.906109 1576808225.107655 -0.000131598 0.277546 0 1 0 0 0.000404472 -102.003 144.158 1570.71 1 0.000122602 -0.000431005 -0.000242893 -13.4942 6.61198 0 0.712963 0 0 0.701202 2449.58 -1498.9 -143602 0.998705 0.04197 0.0225948 0.017811 
1576808225.107655 1576808225.409401 -0.00013253 0.385292 0 1 0 0 0.000381219 -185.748 221.366 2278.13 1 0.00044794 -4.43692e-05 -0.000888416 -13.8795 6.61826 0 0.712695 0 0 0.701474 2362.9 -1474.56 -141308 0.998702 0.0424366 0.0225052 0.0169357 
1576808225.409401 1576808225.611223 -6.19552e-05 0.256701 0 1 0 0 0.000102705 -100.943 168.729 1526.63 1 -6.74118e-05 -4.84225e-05 -1.94057e-06 -14.1361 6.62227 0 0.712623 0 0 0.701547 2327.56 -1438.38 -139769 0.998706 0.0423685 0.0224579 0.0169343 
1576808225.611223 1576808225.913859 8.86251e-05 0.389535 0 1 -0 0 -0.000225834 -157.092 226.804 2351.09 1 -0.000539853 -7.96911e-05 0.000676226 -14.5256 6.62846 0 0.712782 0 0 0.701386 2272.31 -1415.31 -137403 0.998719 0.0418128 0.0224161 0.0176009 
1576808225.913859 1576808226.118858 5.45571e-05 0.272855 0 1 0 0 -0.000128392 -106.989 153.779 1607.17 1 -0.000422341 0.000135817 0.000552952 -14.7985 6.63291 0 0.712872 0 0 0.701294 2234.7 -1399.09 -135785 0.998724 0.041381 0.0225823 0.018138 
1576808226.118858 1576808226.426927 -1.24385e-05 0.411895 0 1 0 0 0.000129274 -148.756 230.646 2362.75 1 -0.000204949 7.78207e-05 -0.000145731 -15.2103 6.63965 0 0.712781 0 0 0.701386 2188.39 -1368.41 -133407 0.998733 0.041181 0.0226577 0.0179846 
1576808226.426927 1576808226.621195 3.1441e-05 0.251339 0 1 -0 0 -0.000205543 -119.525 135.244 1600.04 1 -0.00018347 0.000262357 9.64811e-05 -15.4616 6.64373 0 0.712925 0 0 0.70124 2139.25 -1368.54 -131798 0.998733 0.0410003 0.022927 0.018066 
1576808226.621195 1576808226.923082 2.02061e-05 0.401718 0 1 -0 0 -8.40207e-05 -167.659 207.517 2387.17 1 0.00016017 0.000375097 -0.000680536 -15.8633 6.65039 0 0.712984 0 0 0.70118 2077.64 -1361.75 -129397 0.998729 0.0411826 0.0232708 0.0173746 
1576808226.923082 1576808227.126953 0.000100093 0.28469 0 1 0 0 -0.000318949 -126.184 157.839 1604.1 1 0.000191566 0.000516751 -0.000424425 -16.1479 6.65524 0 0.713208 0 0 0.700953 2023.35 -1339.82 -127781 0.998717 0.0413928 0.0237661 0.0169339 
1576808227.126953 1576808227.426020 0.000249865 0.3911 0 1 -0 0 -0.000903925 -162.63 218.148 2418.54 1 -3.51065e-06 0.000822299 0.000331463 -16.5389 6.66227 0 0.713841 0 0 0.700308 1972.25 -1326.38 -125348 0.998691 0.0413953 0.0246011 0.0172308 
1576808227.426020 1576808227.626606 0.000170527 0.290529 0 1 0 0 -0.000571184 -120.314 153.673 1655.09 1 0.000338791 0.000555884 -0.000123996 -16.8294 6.668 0 0.714241 0 0 0.6999 1930.86 -1313.15 -123682 0.998666 0.0417463 0.0251453 0.0170923 
1576808227.626606 1576808227.828780 1.12659e-05 0.276978 0 1 -0 0 -0.000111461 -140.365 172.16 1614.88 0.999999 0.00116092 0.000692904 0.000136747 -17.1063 6.67363 0 0.714319 0 0 0.69982 1868.65 -1280.04 -122053 0.998596 0.042914 0.0258231 0.0172291 
1576808227.828780 1576808228.131493 0.000167511 0.419312 0 1 0 0 -0.00023025 -137.873 224.2 2487.34 1 0.000466974 0.000663183 -4.00633e-05 -17.5256 6.68239 0 0.71448 0 0 0.699656 1855.78 -1272.82 -119552 0.99856 0.0433928 0.0264756 0.0171727 
1576808228.131493 1576808228.333959 0.000187011 0.273096 0 1 0 0 -0.00042279 -107.612 118.795 1624.39 0.999995 0.00312804 0.000664967 -0.000501293 -17.7986 6.6883 0 0.714776 0 0 0.699354 1832.9 -1297.78 -117920 0.99841 0.0465408 0.027064 0.016726 
1576808228.333959 1576808228.631716 0.000641936 0.408111 0 0.999998 -0 0 -0.00179989 -97.2273 195.121 2339.88 0.999999 7.77939e-05 0.000836195 0.00123049 -18.2066 6.69785 0 0.716034 0 0 0.698066 1859.93 -1322.44 -115570 0.998362 0.0465991 0.0279548 0.0179177 
1576808228.631716 1576808228.832744 0.000157325 0.310619 0 1 -0 0 -0.000573519 -167.804 279.984 1891.66 0.999993 -0.0032949 0.000429285 -0.00146416 -18.5171 6.70589 0 0.716434 0 0 0.697655 1791.96 -1224.41 -113654 0.998523 0.0433579 0.028374 0.0163437 
1576808228.832744 1576808229.034143 0.000340536 0.352257 0 1 -0 0 -0.000845549 -147.793 191.449 2061.53 0.999999 0.000848092 0.000674853 -0.000986241 -18.8692 6.71559 0 0.717023 0 0 0.697049 1758.44 -1215.56 -111579 0.998482 0.0442437 0.0289912 0.0153537 
1576808229.034143 1576808229.136647 6.18146e-05 0.192234 0 1 -0 0 -0.000331265 -47.2436 109.031 1102.08 1 -4.61448e-05 5.26374e-05 0.000276691 -19.0614 6.72108 0 0.717254 0 0 0.696811 1773.54 -1204.96 -110471 0.998478 0.0441904 0.0290567 0.0156263 
1576808229.136647 1576808229.336833 0.000234678 0.43049 0 1 -0 0 -0.000498526 -131.968 233.732 2421.61 1 -0.000375352 0.00044092 0.000368552 -19.4917 6.73376 0 0.717602 0 0 0.696454 1779.02 -1188.22 -108034 0.998476 0.0438118 0.0295191 0.0159639 
1576808229.336833 1576808229.536774 0.000301882 0.442957 0 1 -0 0 -0.000589825 -178.032 270.242 2616.01 0.999998 -0.0019256 0.000483422 -0.000668168 -19.9344 6.74731 0 0.718012 0 0 0.69603 1751.35 -1151.69 -105399 0.998555 0.0419165 0.0300032 0.0152187 
1576808229.536774 1576808229.637784 3.0128e-05 0.229038 0 1 -0 0 -0.000119741 -114.541 134.249 1369.22 0.999999 -0.00147691 0.000261804 -0.000845607 -20.1634 6.75446 0 0.718096 0 0 0.695944 1717.11 -1135.12 -104019 0.99862 0.040471 0.0302516 0.014319 
1576808229.637784 1576808229.738010 1.5879e-05 0.231657 0 1 -0 0 -0.000162857 -95.1889 149.229 1364.34 0.999999 -0.00100843 0.000206224 -0.000690994 -20.3949 6.76173 0 0.718209 0 0 0.695828 1702.25 -1098.49 -102643 0.998664 0.0394878 0.030444 0.0135901 
1576808229.738010 1576808229.938987 8.15846e-05 0.455134 0 1 0 0 -0.000377695 -185.007 195.545 2770.13 0.999976 -0.00679374 -6.32262e-05 -0.00108279 -20.8498 6.77621 0 0.718472 0 0 0.695556 1684.23 -1125.28 -99860.4 0.998925 0.0327343 0.0304297 0.0123041 
1576808229.938987 1576808230.039448 -0.00032373 0.239376 0 0.999999 0 0 0.00100947 -97.6189 112.437 1397.6 1 0.000573319 0.000130651 0.000719609 -21.0891 6.78365 0 0.717769 0 0 0.696281 1670.37 -1106.07 -98455.1 0.998893 0.0332867 0.0305767 0.0130361 
1576808230.039448 1576808230.240721 0.000852078 0.456478 0 0.999999 0 0 -0.00108636 -124.406 289.175 2649.11 0.999972 0.00733684 0.000526458 0.00123511 -21.5453 6.79837 0 0.718525 0 0 0.695501 1703.42 -995.18 -95789.9 0.998589 0.0405836 0.0310472 0.0144763 
1576808230.240721 1576808230.341194 -7.13028e-05 0.22883 0 1 0 0 0.000180386 -96.4388 126.545 1365.69 0.999999 -0.00104926 -0.000158041 -0.00038046 -21.774 6.80575 0 0.7184 0 0 0.695631 1690.16 -981.602 -94415.1 0.998641 0.0395453 0.0308891 0.0140702 
1576808230.341194 1576808230.542299 5.66919e-05 0.456838 0 1 -0 0 -0.00025199 -197.505 232.127 2713.01 0.999999 -0.00154726 0.00039827 -0.000206726 -22.2306 6.82051 0 0.718575 0 0 0.69545 1657.55 -968.25 -91685.3 0.998692 0.0380121 0.0313004 0.0138002 
1576808230.542299 1576808230.642583 0.000136475 0.22756 0 1 -0 0 -0.000549861 -96.966 124.864 1341.66 1 0.000106548 0.000256696 0.000706263 -22.4581 6.82809 0 0.718957 0 0 0.695054 1642.95 -947.404 -90334.5 0.998669 0.0380999 0.0315821 0.0144991 
1576808230.642583 1576808230.743348 0.000101768 0.226995 0 1 0 0 -0.000321012 -57.5532 130.498 1355.84 1 0.000177055 -5.4123e-05 0.000451438 -22.6849 6.83586 0 0.71918 0 0 0.694823 1669.09 -921.08 -88971.7 0.998658 0.0382617 0.0315427 0.0149576 
1576808230.743348 1576808230.946282 0.000204213 0.450905 0 1 0 0 -0.00041161 -212.785 270.15 2673.85 0.999998 0.000732981 0.000346711 -0.00168348 -23.1356 6.8516 0 0.719466 0 0 0.694527 1620.92 -860.527 -86277 0.998642 0.0390519 0.0318135 0.0132862 
1576808230.946282 1576808231.047690 -4.20919e-05 0.250361 0 1 0 0 0.00025296 -99.571 119.284 1330.86 0.999999 0.000417073 0.00013494 -0.00124918 -23.3858 6.86039 0 0.719291 0 0 0.694709 1604.67 -847.217 -84937.2 0.998637 0.0395099 0.0318939 0.0120467 
1576808231.047690 1576808231.248803 -0.000187088 0.44235 0 1 0 0 0.000176041 -195.498 228.123 2638.98 1 0.000141016 0.000125034 0.000324479 -23.8278 6.87557 0 0.719168 0 0 0.694836 1575.33 -831.289 -82281.4 0.998624 0.0396419 0.0320299 0.0123703 
1576808231.248803 1576808231.349169 3.80534e-05 0.219607 0 1 -0 0 -0.000228608 -57.1618 119.389 1303.31 0.999999 -0.000302809 5.20819e-05 0.00133371 -24.0473 6.88317 0 0.719327 0 0 0.694672 1600.31 -816.026 -80971.7 0.998617 0.0392974 0.0321385 0.0136904 
1576808231.349169 1576808231.553166 1.33327e-05 0.435041 0 1 0 0 -1.81724e-05 -141.722 245.146 2595.9 1 -0.000105807 -7.30819e-05 0.000846412 -24.4821 6.89835 0 0.71934 0 0 0.694658 1622.26 -777.42 -78360.8 0.998611 0.0391635 0.0321002 0.0145351 
1576808231.553166 1576808231.650943 3.24453e-05 0.215113 0 1 0 0 -0.000125069 -87.9825 130.969 1269.9 1 0.000408591 8.42869e-05 -0.0001359 -24.6971 6.90589 0 0.719427 0 0 0.694568 1613.89 -747.828 -77081.5 0.998594 0.0395771 0.0321731 0.0144092 
1576808231.650943 1576808231.851932 1.69955e-05 0.426394 0 1 0 0 2.68022e-05 -176.405 227.089 2523.94 1 0.00018739 3.18937e-05 0.000590064 -25.1232 6.92089 0 0.719408 0 0 0.694588 1597.02 -724.23 -74541.4 0.998577 0.0397457 0.0322256 0.0150032 
1576808231.851932 1576808232.054188 4.00138e-05 0.421855 0 1 0 0 -0.000125304 -153.49 234.263 2511 1 -0.000115657 -0.000169003 0.000582143 -25.5448 6.93574 0 0.719495 0 0 0.694498 1602.1 -692.696 -72015 0.998578 0.0396089 0.0320817 0.0155875 
1576808232.054188 1576808232.155101 -3.93591e-05 0.20967 0 1 0 0 0.000126557 -91.7337 113.136 1236.13 1 0.000247882 3.50386e-05 -0.000318717 -25.7543 6.94311 0 0.719407 0 0 0.694589 1588.1 -679.607 -70770.5 0.998572 0.0398672 0.0321002 0.0152758 
1576808232.155101 1576808232.354388 -6.39618e-05 0.415194 0 1 0 0 0.000136259 -203.9 226.755 2465.96 0.999999 -0.000247982 -4.80278e-05 -0.00133945 -26.1693 6.95761 0 0.719312 0 0 0.694687 1539.47 -654.345 -68286.4 0.998603 0.0396618 0.0320026 0.0139322 
1576808232.354388 1576808232.454909 -7.12412e-05 0.206083 0 1 0 0 0.000380361 -86.2331 116.918 1217.36 1 8.95178e-05 -0.000151233 -0.000240604 -26.3752 6.96472 0 0.719048 0 0 0.69496 1529.64 -635.803 -67060.5 0.998608 0.0397568 0.0318408 0.0137008 
1576808232.454909 1576808232.657946 -0.000140324 0.424762 0 1 0 0 0.000198552 -161.268 216.085 2429.68 0.999999 -0.00047937 -0.000213296 0.00104755 -26.7998 6.97905 0 0.71891 0 0 0.695103 1520.55 -616.108 -64616 0.998619 0.0392418 0.031676 0.0147401 
1576808232.657946 1576808232.756901 3.77443e-06 0.187202 0 1 0 0 4.11309e-05 -87.0692 125.568 1192.97 1 1.63475e-05 -0.000148782 7.68489e-05 -26.9869 6.98535 0 0.718882 0 0 0.695133 1507.16 -586.146 -63413.8 0.998622 0.0392535 0.0315302 0.0148232 
1576808232.756901 1576808232.957025 -0.000324755 0.417969 0 1 0 0 0.000567855 -198.362 242.791 2389.06 1 0.000335936 -0.000481008 -0.000526087 -27.4046 6.99906 0 0.718487 0 0 0.695541 1455.92 -535.64 -61005.3 0.998631 0.0395984 0.0310242 0.0143273 
1576808232.957025 1576808233.158595 -0.000214294 0.397832 0 1 0 0 0.000482859 -177.972 191.001 2364.09 0.999999 8.05678e-05 -0.000476846 0.000905767 -27.8022 7.01176 0 0.718151 0 0 0.695888 1422.54 -535.717 -58627.1 0.998629 0.0396439 0.0305827 0.0152532 
1576808233.158595 1576808233.260600 -8.38358e-05 0.197864 0 1 0 0 0.000423705 -80.523 109.473 1162.74 1 -0.000142815 -0.000499324 0.000253821 -28 7.0179 0 0.717856 0 0 0.696192 1411.56 -520.267 -57456.6 0.998646 0.0394859 0.0300963 0.0155221 
1576808233.260600 1576808233.460120 -0.000283922 0.393453 0 1 0 0 0.000863329 -176.143 226.136 2349.37 1 0.000495361 -0.000711638 -0.000165225 -28.3933 7.02967 0 0.717255 0 0 0.696811 1373.46 -483.912 -55090.4 0.99865 0.0399745 0.0293714 0.0154001 
1576808233.460120 1576808233.663049 -0.0003422 0.390489 0 1 0 0 0.000646346 -202.686 211.989 2305.87 1 0.000265692 -0.000852721 -5.82645e-05 -28.7836 7.04062 0 0.716804 0 0 0.697275 1303.3 -461.429 -52767.1 0.998665 0.0402284 0.0285134 0.0153838 
1576808233.663049 1576808233.762083 -7.24594e-05 0.193571 0 1 0 0 0.000413824 -85.3854 112.592 1157.78 1 0.000179822 -0.00059754 -0.000256011 -28.9771 7.04589 0 0.716515 0 0 0.697571 1282.26 -444.085 -51601 0.998679 0.0404061 0.0279036 0.0151573 
1576808233.762083 1576808233.962577 -0.000448003 0.386288 0 0.999999 0 0 0.00100824 -197.069 201.555 2290.78 0.999999 -4.57718e-06 -0.00111178 -0.000260522 -29.3633 7.05579 0 0.715812 0 0 0.698293 1210.42 -432.631 -49294.1 0.998713 0.0403919 0.0267828 0.0149419 
1576808233.962577 1576808234.163619 -0.000328961 0.38271 0 1 0 0 0.000990573 -202.609 219.946 2274.38 0.999999 0.000338339 -0.000984082 -0.00018364 -29.7459 7.06494 0 0.71512 0 0 0.699002 1126.52 -401.662 -47001.9 0.998728 0.04072 0.0257875 0.0148073 
1576808234.163619 1576808234.366981 -0.00048661 0.403788 0 0.999999 0 0 0.00115087 -187.895 186.109 2246.06 0.999999 0.000431635 -0.00119995 7.23187e-05 -30.1496 7.07366 0 0.714315 0 0 0.699825 1052.25 -403.175 -44741.6 0.998739 0.0411314 0.0245856 0.0149395 
1576808234.366981 1576808234.467540 -0.000114661 0.188889 0 1 0 0 0.000552219 -93.4845 102.618 1123.82 1 0.000369778 -0.000413797 -0.000112058 -30.3384 7.07742 0 0.713928 0 0 0.700219 1012.64 -395.436 -43609.9 0.998736 0.0414973 0.0241622 0.0148537 
1576808234.467540 1576808234.667188 -0.000543882 0.372965 0 0.999999 0 0 0.00118393 -162.121 210.144 2208.43 0.999999 0.000435303 -0.00110597 8.40599e-06 -30.7113 7.0841 0 0.713099 0 0 0.701064 954.271 -372.714 -41386.5 0.998744 0.0419154 0.0230515 0.0149185 
1576808234.667188 1576808234.872414 -0.000134417 0.3703 0 1 0 0 0.000481418 -157.596 216.736 2198 1 0.000289976 -0.000681333 4.82304e-05 -31.0816 7.09027 0 0.712761 0 0 0.701407 894.829 -344.354 -39173.2 0.998746 0.0421937 0.0223687 0.0150019 
1576808234.872414 1576808235.068556 -0.000148556 0.367885 0 1 0 0 0.000382079 -185.403 208.979 2168.72 1 -0.000242693 -0.000590893 -0.000345942 -31.4494 7.09603 0 0.712493 0 0 0.701679 803.474 -323.446 -36988.6 0.998775 0.0419502 0.0217676 0.0146759 
1576808235.068556 1576808235.169184 -2.04227e-06 0.183881 0 1 0 0 -2.65817e-05 -49.2219 98.3515 1101.7 1 -0.000101609 -0.00039515 0.000597769 -31.6333 7.09884 0 0.712512 0 0 0.70166 800.876 -318.631 -35881.4 0.998779 0.0418299 0.0213995 0.0152873 
1576808235.169184 1576808235.372914 -0.000118678 0.364853 0 1 0 0 0.000254278 -142.217 229.454 2157.46 1 0.000327645 -0.000365783 0.000450642 -31.9981 7.10432 0 0.712333 0 0 0.701841 747.244 -273.546 -33708.2 0.998766 0.0421419 0.021048 0.0157597 
1576808235.372914 1576808235.571722 -7.77478e-05 0.362918 0 1 0 0 0.000323344 -159.791 204.868 2138.91 1 -0.000270047 -9.71045e-05 -0.000701466 -32.361 7.10963 0 0.712106 0 0 0.702072 674.357 -253.455 -31554.9 0.99879 0.0418854 0.0209257 0.0150575 
1576808235.571722 1576808235.774105 -9.78044e-05 0.361851 0 1 0 0 0.000407125 -169.137 189.69 2161.36 1 3.1625e-05 2.96269e-05 -0.000501419 -32.7228 7.11466 0 0.71182 0 0 0.702362 593.145 -249.378 -29380.2 0.998795 0.0419279 0.0209338 0.0145561 
1576808235.774105 1576808235.974551 -1.05355e-05 0.356994 0 1 -0 0 -0.000156217 -161.57 206.228 2098.97 1 -0.000141051 5.75345e-05 0.000552726 -33.0797 7.11943 0 0.71193 0 0 0.70225 516.485 -223.464 -27266.5 0.998792 0.0417763 0.0210165 0.0151028 
1576808235.974551 1576808236.075497 1.49802e-05 0.178051 0 1 -0 0 -0.000128145 -46.9692 84.8051 1077.65 1 -0.000447273 -9.71685e-05 -2.39868e-05 -33.2578 7.12188 0 0.71202 0 0 0.702159 513.771 -229.741 -26184.5 0.998813 0.0413286 0.0209252 0.0150735 
1576808236.075497 1576808236.275402 6.03476e-05 0.353135 0 1 -0 0 -0.000254064 -138.925 185.215 2090.05 1 0.000230292 0.000129467 -0.000915346 -33.6109 7.12687 0 0.712198 0 0 0.701978 459.744 -220.901 -24082.4 0.998814 0.0415797 0.0210132 0.0141587 
1576808236.275402 1576808236.478431 0.000259183 0.367573 0 1 -0 0 -0.000541894 -148.453 185.351 2068.48 0.999999 0.000710513 0.000575935 -0.000932681 -33.9784 7.13244 0 0.712579 0 0 0.701592 395.826 -211.302 -22001.3 0.998785 0.0423171 0.0215396 0.0132181 
1576808236.478431 1576808236.679354 0.000157259 0.357178 0 1 -0 0 -0.000636019 -123.219 205.296 2096.54 1 0.00043404 0.000695161 0.000156766 -34.3355 7.13815 0 0.713025 0 0 0.701139 360.27 -186.32 -19891.6 0.998749 0.0427564 0.0222348 0.0133546 
1576808236.679354 1576808236.880617 0.000189354 0.364572 0 1 -0 0 -0.000465366 -113.354 217.245 2146.88 1 0.000598567 0.000517384 0.000534992 -34.7001 7.14446 0 0.713351 0 0 0.700807 339.49 -155.268 -17731.1 0.998704 0.0433492 0.0227664 0.0138801 
1576808236.880617 1576808237.080992 0.000209199 0.372322 0 1 -0 0 -0.000424038 -160.071 210.119 2188.5 1 9.81046e-05 0.000401774 0.00017331 -35.0723 7.15128 0 0.713648 0 0 0.700504 276.389 -138.883 -15527.7 0.998688 0.0434488 0.0231738 0.014038 
1576808237.080992 1576808237.179829 5.21769e-05 0.189484 0 1 -0 0 -0.000332039 -46.7395 119.767 1108.99 1 -0.000139213 -0.000215227 2.07757e-06 -35.2618 7.15485 0 0.713881 0 0 0.700267 279.285 -116.541 -14411.5 0.998699 0.0433067 0.0229609 0.0140462 
1576808237.179829 1576808237.383214 0.00021271 0.385996 0 1 -0 0 -0.000453345 -171.517 212.218 2261.61 1 -0.000421204 0.000223939 0.00011371 -35.6477 7.16249 0 0.714198 0 0 0.699944 208.959 -104.528 -12134.6 0.998711 0.0428866 0.0231954 0.0141404 
1576808237.383214 1576808237.584870 6.09756e-05 0.394832 0 1 -0 0 -0.000181277 -145.391 224.888 2356.99 1 -0.000599667 -0.000141113 0.000412206 -36.0424 7.17051 0 0.714325 0 0 0.699814 169.939 -85.312 -9762.86 0.998733 0.0422761 0.0230806 0.0145442 
1576808237.584870 1576808237.683599 1.99518e-05 0.200049 0 1 0 0 -0.000126976 -90.9598 128.372 1179.53 1 -0.000445438 -9.09391e-05 6.96234e-05 -36.2424 7.17464 0 0.714414 0 0 0.699723 131.466 -59.0863 -8573.8 0.998753 0.0418283 0.0229992 0.0146073 
1576808237.683599 1576808237.884006 2.6089e-05 0.405337 0 1 -0 0 -0.000185475 -166.654 229.189 2407.45 0.999999 -0.00131572 0.0001916 -0.000278863 -36.6477 7.18309 0 0.714544 0 0 0.699591 72.3549 -35.5105 -6150.57 0.998807 0.0405234 0.0231981 0.0142905 
1576808237.884006 1576808238.087782 0.00013064 0.436565 0 1 -0 0 -0.000391987 -171.303 237.432 2426.22 1 -0.000169216 0.000164845 -0.000304953 -37.0842 7.19245 0 0.714818 0 0 0.699311 10.218 1.03887 -3707.81 0.998814 0.0403638 0.0233528 0.0139753 
1576808238.087782 1576808238.186438 5.6366e-05 0.179822 0 1 -0 0 -0.000242489 -73.7617 103.541 1223.99 1 0.000137596 4.46425e-05 -0.000113146 -37.2639 7.19645 0 0.714987 0 0 0.699137 -7.64967 4.11014 -2477.37 0.998809 0.0405045 0.0233909 0.0138637 
1576808238.186438 1576808238.389708 0.000151463 0.435895 0 1 -0 0 -0.000322934 -169.208 219.309 2435.34 1 0.00026388 0.000193877 -0.000814388 -37.6997 7.20637 0 0.715213 0 0 0.698906 -65.7362 22.1385 -27.0823 0.998805 0.0407898 0.0235479 0.0130486 
1576808238.389708 1576808238.488221 1.19443e-05 0.205266 0 1 -0 0 -0.000195854 -86.086 108.049 1211.32 1 0.00032796 0.000126146 -8.38808e-05 -37.9049 7.21111 0 0.71535 0 0 0.698766 -96.0367 29.4254 1191.7 0.99879 0.041121 0.0236662 0.0129674 
1576808238.488221 1576808238.689334 8.86399e-05 0.409728 0 1 0 0 -0.000227853 -149.711 226.617 2411.74 0.999999 0.000508664 0.000581512 0.00100721 -38.3145 7.22081 0 0.715509 0 0 0.698603 -134.371 54.4046 3618.25 0.998741 0.0416127 0.0242818 0.0139615 
1576808238.689334 1576808238.890443 0.000110878 0.410083 0 1 0 0 -0.000253044 -173.622 235.389 2396.59 1 8.80285e-05 0.000660013 0.000573253 -38.7245 7.23073 0 0.715686 0 0 0.698422 -194.784 86.1126 6031.66 0.998713 0.0416959 0.0249636 0.0145087 
1576808238.890443 1576808238.991086 4.91641e-05 0.203111 0 1 0 0 -0.000210335 -69.505 113.135 1192.03 1 0.000285216 0.000220672 -0.000133397 -38.9276 7.23573 0 0.715833 0 0 0.698272 -206.336 98.2332 7230.94 0.998698 0.0419873 0.0251743 0.0143734 
1576808238.991086 1576808239.193299 0.000161051 0.407237 0 1 0 0 -0.000466066 -167.86 222.104 2374.69 0.999999 0.000956419 0.000610464 0.000254798 -39.3347 7.24601 0 0.716158 0 0 0.697938 -257.548 116.853 9621.28 0.998638 0.0429448 0.0257809 0.0146263 
1576808239.193299 1576808239.392840 0.000257583 0.402724 0 1 -0 0 -0.000678616 -156.324 226.482 2368.71 1 0.000162055 0.000479429 0.00058963 -39.7372 7.25664 0 0.716632 0 0 0.697452 -294.768 136.106 12005.6 0.998609 0.0430984 0.0262826 0.0151987 
1576808239.392840 1576808239.493663 7.96662e-05 0.198365 0 1 -0 0 -0.000378768 -61.7281 113.942 1170.99 1 -7.52387e-05 0.000192453 -0.000239764 -39.9355 7.2621 0 0.716896 0 0 0.69718 -296.581 147.698 13183.6 0.998611 0.0430325 0.0264656 0.014949 
1576808239.493663 1576808239.696652 0.000226744 0.395361 0 1 -0 0 -0.000591253 -175.039 234.491 2359.12 1 -0.000354977 0.000537267 -8.17948e-05 -40.3307 7.27335 0 0.717308 0 0 0.696756 -350.03 174.701 15560.1 0.998613 0.0426882 0.0270039 0.0148348 
1576808239.696652 1576808239.795254 7.05073e-06 0.198075 0 1 -0 0 -4.347e-05 -90.7906 113.042 1164.41 1 -0.000328425 0.000408541 -0.000240331 -40.5287 7.27911 0 0.717338 0 0 0.696725 -379.462 186.04 16733.1 0.99862 0.0423728 0.0274065 0.0145685 
1576808239.795254 1576808239.996915 -9.56551e-05 0.392437 0 1 0 0 0.000154222 -151.255 231.975 2324.88 1 -0.000570773 0.000156354 -0.000369237 -40.921 7.29046 0 0.717231 0 0 0.696836 -406.509 217.436 19074 0.998645 0.0418152 0.0275553 0.0141775 
1576808239.996915 1576808240.198136 0.000109554 0.402785 0 1 -0 0 -0.000352851 -148.488 225.345 2287.72 1 -8.42395e-05 0.00023383 -0.000179135 -41.3236 7.30218 0 0.717476 0 0 0.696583 -431.954 248.079 21377.2 0.998644 0.0417393 0.0277825 0.0139865 
1576808240.198136 1576808240.298845 3.9772e-05 0.19299 0 1 -0 0 -0.000183188 -107.3 100.68 1137.33 1 0.000275466 0.000297626 0.000391096 -41.5165 7.30792 0 0.717604 0 0 0.696451 -477.188 251.193 22523.2 0.998619 0.0420077 0.0280922 0.0143723 
1576808240.298845 1576808240.499910 0.000347191 0.382399 0 1 0 0 -0.000830482 -157.685 207.168 2255.01 0.999999 0.000463677 0.000689648 0.000997234 -41.8987 7.31971 0 0.718182 0 0 0.695855 -510.773 265.273 24792.9 0.998565 0.0424526 0.0288161 0.0153522 
1576808240.499910 1576808240.703008 0.000230436 0.376967 0 1 0 0 -0.00050757 -171.402 184.163 2246.83 1 0.000175036 0.000545717 -0.000140078 -42.2755 7.33184 0 0.718535 0 0 0.69549 -554.773 254.505 27053.3 0.998544 0.0426398 0.0293524 0.0151942 
1576808240.703008 1576808240.902109 0.00017164 0.373097 0 1 -0 0 -0.000356382 -136.872 160.944 2190.65 1 5.38388e-05 0.000597293 -0.000332993 -42.6484 7.34417 0 0.718783 0 0 0.695234 -564.573 225.702 29253.9 0.998529 0.0427124 0.0299338 0.0148378 
1576808240.902109 1576808241.002532 4.13831e-05 0.185161 0 1 -0 0 -0.000168558 -84.2429 110.793 1108.87 1 0.000157127 0.00028723 -0.000286743 -42.8335 7.35038 0 0.7189 0 0 0.695113 -583.935 239.73 30371.2 0.998517 0.0428821 0.030206 0.0145439 
1576808241.002532 1576808241.204814 0.000101708 0.369362 0 1 -0 0 -0.000482333 -140.575 221.605 2176.9 1 -0.000212426 0.000475052 -4.55882e-05 -43.2026 7.3629 0 0.719235 0 0 0.694766 -596.025 271.469 32563.6 0.998513 0.0426783 0.0306815 0.0144716 
1576808241.204814 1576808241.408007 0.000347103 0.39006 0 1 0 0 -0.000670886 -141.216 241.074 2161.92 1 0.000497693 0.000600955 1.18394e-06 -43.5924 7.37674 0 0.719701 0 0 0.694284 -608.117 324.773 34742.8 0.998473 0.0431839 0.0312744 0.0144624 
1576808241.408007 1576808241.611949 0.000275632 0.366648 0 1 -0 0 -0.000702033 -174.867 191.287 2180.88 0.999999 0.000101515 0.000715709 -0.000813195 -43.9588 7.3902 0 0.720189 0 0 0.693778 -648.649 323.647 36938.6 0.998457 0.043321 0.0319524 0.0136227 
1576808241.611949 1576808241.811089 4.70139e-05 0.369878 0 1 0 0 -9.91834e-05 -142.077 208.99 2187.26 1 -0.000649873 7.84319e-05 0.000337885 -44.3284 7.40406 0 0.720257 0 0 0.693707 -653.347 340.204 39140.4 0.998478 0.0426624 0.0320542 0.0139359 
1576808241.811089 1576808241.913387 -1.16778e-05 0.185354 0 1 0 0 6.78846e-05 -44.0446 122.504 1079.3 1 -0.000271182 -9.35661e-05 0.000730318 -44.5137 7.411 0 0.72021 0 0 0.693756 -629.988 369.882 40226.9 0.998482 0.0423669 0.0319957 0.0146604 
1576808241.913387 1576808242.115655 -6.62255e-05 0.376075 0 1 0 0 0.000337807 -173.631 211.038 2237.57 0.999999 -0.00122619 -0.000103671 0.000150384 -44.8895 7.425 0 0.719976 0 0 0.693999 -663.048 387.308 42480.7 0.998534 0.0411362 0.0319165 0.0147757 
1576808242.115655 1576808242.317127 -9.24908e-05 0.399861 0 1 0 0 0.000272197 -171.087 205.561 2306.61 1 -0.000768797 -0.000139973 -0.000537007 -45.2891 7.4396 0 0.719787 0 0 0.694195 -689.411 399.269 44802.6 0.998578 0.0403836 0.031766 0.0142207 
1576808242.317127 1576808242.417667 8.01037e-06 0.1944 0 1 -0 0 -0.000100036 -80.9397 126.243 1136.03 1 -7.09861e-05 -0.000163545 0.000141252 -45.4834 7.44664 0 0.719856 0 0 0.694123 -700.04 431.945 45948 0.998584 0.0403059 0.0316094 0.0143661 
1576808242.417667 1576808242.620671 1.60879e-05 0.394269 0 1 0 0 -2.52209e-05 -163.167 215.25 2320.35 1 -7.48411e-05 -0.000197372 6.14859e-07 -45.8774 7.461 0 0.719874 0 0 0.694105 -719.271 456.634 48283.8 0.998593 0.0402283 0.0314134 0.0143723 
1576808242.620671 1576808242.819716 9.66861e-06 0.398316 0 1 -0 0 -6.80451e-05 -176.903 204.741 2358.71 1 7.19937e-06 3.7242e-06 0.000342401 -46.2754 7.47553 0 0.719921 0 0 0.694056 -750.402 467.725 50657.8 0.998588 0.0402248 0.0314308 0.0147143 
1576808242.819716 1576808242.920213 1.32514e-05 0.201137 0 1 -0 0 -0.000125939 -76.3298 132.399 1178.08 1 0.000508123 -6.67541e-05 -2.14866e-05 -46.4764 7.4829 0 0.720009 0 0 0.693965 -754.758 503.65 51845.2 0.99857 0.0407319 0.0313558 0.0147115 
1576808242.920213 1576808243.121154 -0.000204224 0.404782 0 1 0 0 0.000671124 -179.098 201.145 2390.85 1 0.00026381 -0.000139687 -0.000643166 -46.8809 7.4976 0 0.719543 0 0 0.694448 -786.238 506.037 54250.9 0.998572 0.0410134 0.0311862 0.0140832 
1576808243.121154 1576808243.322740 -0.000182039 0.406965 0 1 0 0 0.00035612 -190.687 230.38 2388.88 1 0.00044424 0.000240477 -0.000484582 -47.2876 7.51186 0 0.719295 0 0 0.694704 -830.822 536.126 56657.8 0.998553 0.0414755 0.0314002 0.0136033 
1576808243.322740 1576808243.425043 -9.30851e-06 0.204234 0 1 -0 0 -6.30738e-05 -76.8178 109.562 1198.24 1 0.000301605 -0.000338659 -9.2759e-05 -47.4918 7.51895 0 0.719339 0 0 0.694659 -833.657 544.756 57863.5 0.998553 0.041775 0.0310541 0.0135342 
1576808243.425043 1576808243.624524 0.000325724 0.406412 0 0.999999 -0 0 -0.00100812 -208.165 238.405 2396.31 0.999998 0.0012306 0.00126238 -0.00110425 -47.8979 7.53346 0 0.720039 0 0 0.693933 -895.845 578.166 60279.6 0.998475 0.0430551 0.0322518 0.012417 
1576808243.624524 1576808243.726386 0.000293353 0.202374 0 0.999999 -0 0 -0.00148054 -30.7152 111.336 1196.68 1 0.000173248 0.000522027 -0.000830266 -48.1001 7.54122 0 0.721066 0 0 0.692867 -850.587 586.278 61481 0.99846 0.0432613 0.0327351 0.0115711 
1576808243.726386 1576808243.926102 0.00158537 0.402484 0 0.999991 -0 0 -0.00430632 -165.89 228.134 2352.21 0.999987 0.000182012 0.00502754 0.00034712 -48.5022 7.55885 0 0.724043 0 0 0.689755 -864.584 607.77 63849.9 0.998271 0.0434893 0.0377674 0.011706 
1576808243.926102 1576808244.129222 0.00239969 0.422403 0 0.999985 -0 0 -0.00548196 -66.817 225.777 2329.67 0.999982 0.00011991 0.0057136 0.00185047 -48.924 7.58173 0 0.727813 0 0 0.685776 -757.688 630.628 66188.9 0.99801 0.0436052 0.0435495 0.0133091 
1576808244.129222 1576808244.227775 0.000495653 0.198066 0 0.999997 -0 0 -0.00251957 -38.003 116.391 1151.3 0.999997 -5.67281e-06 0.00248654 0.000262328 -49.1217 7.59399 0 0.729539 0 0 0.68394 -696.769 646.51 67344.9 0.997896 0.0436211 0.0460425 0.0134622 
1576808244.227775 1576808244.428492 0.00231372 0.392991 0 0.99998 -0 0 -0.00636579 -43.494 212.157 2304.96 0.999977 -0.000254755 0.00662824 -0.00104894 -49.5137 7.62163 0 0.733878 0 0 0.679282 -530.399 658.631 69654 0.997593 0.0435034 0.0526134 0.0121143 
1576808244.428492 1576808244.632188 0.0021818 0.38939 0 0.999988 -0 0 -0.00492093 -38.4625 239.93 2286.57 0.999985 9.92205e-05 0.00544632 -0.000619199 -49.9018 7.65385 0 0.737211 0 0 0.675662 -330.898 700.923 71944.4 0.997295 0.0437003 0.0580177 0.0112647 
1576808244.632188 1576808244.734088 0.000408792 0.193026 0 0.999998 -0 0 -0.00218314 -42.9909 88.3999 1149.48 0.999996 -0.000366105 0.00232362 -0.00145641 -50.0941 7.67104 0 0.738685 0 0 0.674051 -240.975 689.087 73094.5 0.997189 0.0434457 0.0602753 0.00968941 
1576808244.734088 1576808244.933836 0.00234944 0.384926 0 0.999977 -0 0 -0.00679615 -65.6585 166.722 2265.79 0.999976 -0.00138592 0.00643232 -0.00203483 -50.4772 7.70853 0 0.743249 0 0 0.669015 -34.211 659.858 75357.8 0.996857 0.0422476 0.0666131 0.00729707 
1576808244.933836 1576808245.133997 0.00435402 0.379398 0 0.999926 -0 0 -0.0121388 92.3547 208.345 2221.45 0.999934 -0.00127231 0.0114422 -0.000492656 -50.854 7.75263 0 0.751315 0 0 0.659944 351.851 684.348 77557.1 0.996086 0.0410928 0.0780034 0.00623732 
1576808245.133997 1576808245.333821 0.0058494 0.379691 0 0.999866 -0 0 -0.0163827 251.516 196.798 2190.76 0.999871 -0.00119107 0.0159896 -0.000609422 -51.2298 7.80739 0 0.762026 0 0 0.647547 940.662 707.991 79691.2 0.994764 0.0400484 0.0939028 0.00487952 
1576808245.333821 1576808245.434394 0.00186275 0.189003 0 0.999951 -0 0 -0.00991676 156.363 128.656 1108.6 0.999951 -0.000183237 0.00988519 0.000286431 -51.416 7.83973 0 0.76841 0 0 0.639958 1301.52 751.608 80757.9 0.993793 0.0398855 0.103744 0.00475112 
1576808245.434394 1576808245.637995 0.00875452 0.39434 0 0.999742 -0 0 -0.022723 363.515 124.869 2189.82 0.999763 -0.00144232 0.0217397 0.000128428 -51.8022 7.91968 0 0.782753 0 0 0.622332 2109.42 711.074 82828.8 0.991358 0.0385326 0.125336 0.00386089 
1576808245.637995 1576808245.836225 0.00830805 0.363688 0 0.999723 -0 0 -0.023539 393.295 231.765 2175.32 0.999692 -0.000625388 0.0247268 -0.00176535 -52.1547 8.00975 0 0.797185 0 0 0.603735 3032.04 784.866 84849.6 0.987985 0.0382175 0.149745 0.00107844 
1576808245.836225 1576808245.937286 0.00311592 0.203106 0 0.999878 -0 0 -0.0156041 210.756 38.524 1077.71 0.999895 -0.00116267 0.0144193 -0.000621922 -52.3494 8.06779 0 0.806509 0 0 0.591222 3552.68 745.102 85816.4 0.985767 0.0371735 0.163953 -0.000261298 
1576808245.937286 1576808246.139624 0.0108212 0.356736 0 0.999522 -0 0 -0.03092 602.69 240.111 2150.08 0.999504 3.14373e-05 0.0315065 6.56853e-05 -52.6863 8.18546 0 0.824404 0 0 0.566002 4820.96 833.825 87667.7 0.980111 0.037167 0.194932 -0.00136247 
1576808246.139624 1576808246.339092 0.0139757 0.389881 0 0.999352 -0 0 -0.0359842 623.93 150.344 2109.23 0.999406 -0.00220103 0.0343838 -0.000945818 -53.0451 8.33858 0 0.844237 0 0 0.53597 6205.8 836.338 89383.2 0.972907 0.0351252 0.228478 -0.00399566 
1576808246.339092 1576808246.539915 0.0133684 0.380773 0 0.999374 -0 0 -0.0353849 645.27 190.689 2150.76 0.999349 -0.00147336 0.035982 -0.00223127 -53.384 8.51269 0 0.862674 0 0 0.505761 7743.79 880.965 91029.8 0.964095 0.0340349 0.263252 -0.00776438 
1576808246.539915 1576808246.642466 0.00352734 0.190306 0 0.999826 -0 0 -0.0186321 333.199 127.24 1103.13 0.999817 -0.000108342 0.019073 -0.00112612 -53.5484 8.60871 0 0.871947 0 0 0.4896 8594.32 931.974 91816 0.958893 0.0340726 0.281553 -0.00952632 
1576808246.642466 1576808246.843580 0.0169791 0.402388 0 0.999076 -0 0 -0.042985 828.686 198.455 2078.04 0.999171 -0.000943639 0.0406877 -0.00110884 -53.8831 8.83269 0 0.892187 0 0 0.451666 10419.6 983.758 93123.6 0.946664 0.0330641 0.320288 -0.0122337 
1576808246.843580 1576808247.043167 0.0145397 0.36247 0 0.999194 -0 0 -0.0401324 837.124 238.618 2158.76 0.999062 5.3944e-05 0.0433053 -2.59856e-05 -54.1666 9.05899 0 0.909595 0 0 0.415497 12402.7 1068.07 94339.5 0.931904 0.0325627 0.360983 -0.0136614 
1576808247.043167 1576808247.243877 0.0170191 0.390951 0 0.999054 -0 0 -0.0434881 862.254 230.667 2183.6 0.999027 -0.00156649 0.0440623 -0.000930917 -54.451 9.32782 0 0.926803 0 0 0.375547 14518.4 1142.41 95380.2 0.91513 0.0308053 0.401642 -0.0165159 
1576808247.243877 1576808247.346452 0.00441754 0.198956 0 0.999754 -0 0 -0.0221978 427.002 135.362 1109.71 0.999755 -0.000364305 0.0221254 0.000224175 -54.5863 9.47373 0 0.934911 0 0 0.354882 15629.4 1197.81 95821.3 0.906034 0.0300089 0.421792 -0.0171346 
1576808247.346452 1576808247.546103 0.0182915 0.403267 0 0.998985 -0 0 -0.0450401 896.68 228.131 2269.34 0.998976 -0.000855784 0.0452339 0.000275079 -54.8402 9.78756 0 0.949946 0 0 0.312413 17951.6 1264.05 96601.9 0.886057 0.0283117 0.462337 -0.0185862 
1576808247.546103 1576808247.646608 0.0046148 0.207074 0 0.999758 -0 0 -0.0220031 412.008 137.159 1187.23 0.999751 4.41715e-05 0.0223255 -0.000436177 -54.9594 9.95695 0 0.95659 0 0 0.291436 19166.7 1318.14 96946.2 0.875505 0.0281305 0.481992 -0.0195797 
1576808247.646608 1576808247.847253 0.0201685 0.4432 0 0.998988 -0 0 -0.0449824 852.832 230.355 2300.28 0.999047 -0.00151651 0.0436037 -0.000975447 -55.1898 10.3361 0 0.968732 0 0 0.248111 21575.6 1385.12 97460.4 0.853678 0.0263924 0.519651 -0.0223726 
1576808247.847253 1576808248.050125 0.0169311 0.431653 0 0.999271 -0 0 -0.03817 775.037 283.613 2427.91 0.999195 6.91609e-05 0.0401209 7.17112e-05 -55.3824 10.7228 0 0.977496 0 0 0.210954 24101.2 1493.85 97891.3 0.832141 0.0254953 0.553486 -0.0233163 
1576808248.050125 1576808248.151218 0.00391673 0.220309 0 0.999842 -0 0 -0.0177895 332.186 125.713 1243.31 0.999833 -0.000525415 0.0182901 -1.37815e-05 -55.4697 10.9251 0 0.981094 0 0 0.193531 25381.7 1530.91 98066.9 0.821892 0.024635 0.568601 -0.024081 
1576808248.151218 1576808248.350299 0.0159872 0.439871 0 0.999335 -0 0 -0.0364694 677.206 251.069 2482.82 0.99932 -0.00147363 0.0368331 -0.00112591 -55.622 11.3381 0 0.987499 0 0 0.157623 27954.8 1605.01 98310.8 0.800399 0.0231603 0.598424 -0.0267353 
1576808248.350299 1576808248.452367 0.00385206 0.219388 0 0.99985 -0 0 -0.0173188 320.631 117.054 1264.82 0.999845 0.000390353 0.0175981 -0.000428879 -55.6866 11.5477 0 0.990081 0 0 0.140497 29263.7 1629.57 98361.5 0.789723 0.0232553 0.612417 -0.0272484 
1576808248.452367 1576808248.653717 0.0133475 0.435967 0 0.999551 -0 0 -0.0299556 624.041 259.98 2461.7 0.999538 -0.000739116 0.0303749 -0.000647755 -55.7951 11.9702 0 0.993845 0 0 0.110775 31815.3 1707.23 98370.4 0.770756 0.0222299 0.636087 -0.0289064 
1576808248.653717 1576808248.752655 0.00303355 0.212542 0 0.999899 -0 0 -0.0141952 244.968 122.783 1234.27 0.999892 -0.00120931 0.0146564 -0.000277281 -55.8389 12.1782 0 0.995318 0 0 0.0966561 33079.3 1738.01 98363.9 0.761368 0.0210481 0.647273 -0.030212 
1576808248.752655 1576808248.953685 0.0107206 0.419849 0 0.999691 -0 0 -0.0248694 462.241 241.128 2413.25 0.999668 0.00100485 0.0257459 -0.000324058 -55.9092 12.5923 0 0.997414 0 0 0.0718733 35546.5 1798.08 98295 0.74442 0.0212381 0.666684 -0.0303402 
1576808248.953685 1576808249.054139 0.00233202 0.207875 0 0.999937 -0 0 -0.0112093 187.197 120.069 1199.85 0.999935 -0.000427389 0.0113506 -0.0001293 -55.9367 12.7983 0 0.998157 0 0 0.0606885 36765.2 1828.19 98240 0.73681 0.0206604 0.675075 -0.0309605 
1576808249.054139 1576808249.254791 0.00917787 0.409632 0 0.999751 -0 0 -0.0223045 360.766 222.556 2357.72 0.999739 -0.00196247 0.022776 -0.000301335 -55.9772 13.2061 0 0.999262 0 0 0.03841 39155.2 1873.39 98084.9 0.721273 0.0187073 0.691613 -0.0329698 
1576808249.254791 1576808249.355914 0.00224302 0.203947 0 0.99994 -0 0 -0.0109617 165.994 114.101 1176.64 0.999936 0.000754718 0.0113139 -0.000336717 -55.9906 13.4096 0 0.999623 0 0 0.0274541 40342.9 1898.15 97967.1 0.713376 0.0191103 0.699747 -0.0329002 
1576808249.355914 1576808249.556457 0.00829245 0.410478 0 0.999813 -0 0 -0.0193229 367.865 246.888 2380.74 0.99982 0.00181483 0.0188847 -0.000708539 -56.0049 13.8199 0 0.999967 0 0 0.00813332 42741.8 1962.37 97642.3 0.699975 0.020276 0.713139 -0.0324907 
1576808249.556457 1576808249.759723 0.00670039 0.43343 0 0.999899 -0 0 -0.0142066 172.546 244.756 2411.04 0.999893 -0.0016334 0.0145066 -0.00131663 -56.0052 14.2534 0 0.999982 -0 0 -0.00607365 45160.6 2023.38 97422.2 0.689545 0.0195981 0.723137 -0.0348678 
1576808249.759723 1576808249.858063 0.00101167 0.210665 0 0.99999 -0 0 -0.00449723 43.0989 115.481 1225.75 0.999988 -0.000211475 0.00480962 -0.000158944 -56.0017 14.464 0 0.999944 -0 0 -0.0105707 46388.1 2042.7 97319.3 0.686058 0.0193993 0.726435 -0.0352242 
1576808249.858063 1576808250.059760 0.00244104 0.426263 0 0.999989 -0 0 -0.00459082 -18.0348 236.479 2504.07 0.999982 0.000683617 0.00597194 0.000311646 -55.9902 14.8901 0 0.999885 -0 0 -0.0151612 48899.7 2083.97 97190.8 0.681705 0.0194312 0.730549 -0.034629 
1576808250.059760 1576808250.160400 0.00019291 0.216401 0 1 -0 0 -0.000788696 -60.1672 129.771 1272.58 0.999999 -0.000302992 0.00106777 0.00030055 -55.9834 15.1064 0 0.999873 -0 0 -0.0159498 50179.5 2116.37 97161 0.680941 0.0189681 0.731272 -0.0346662 
1576808250.160400 1576808250.361643 0.000865108 0.439757 0 0.999998 -0 0 -0.00186016 -128.468 259.38 2597.36 0.999996 -0.000754052 0.00251208 0.000505657 -55.9686 15.5459 0 0.999841 -0 0 -0.0178097 52791.5 2178.65 97100.2 0.679133 0.0179977 0.732963 -0.0349208 
1576808250.361643 1576808250.462144 0.000247289 0.223749 0 0.999999 -0 0 -0.00124348 -62.1861 136.839 1312.62 1 0.000193005 0.000968014 -5.16164e-05 -55.9603 15.7695 0 0.999818 -0 0 -0.0190529 54111.5 2217.1 97059.9 0.678418 0.0181328 0.733626 -0.0348318 
1576808250.462144 1576808250.668960 0.00160087 0.482857 0 0.999994 -0 0 -0.00343435 -126.703 251.656 2721.83 0.999995 0.0003222 0.00320891 -7.34213e-06 -55.9403 16.252 0 0.999747 -0 0 -0.0224866 56846 2264.52 96969.8 0.676054 0.0182449 0.73581 -0.0346584 
1576808250.668960 1576808250.768578 0.000391822 0.232051 0 0.999999 -0 0 -0.00171676 -44.0472 146.405 1341.39 0.999999 0.000208815 0.00141852 -0.000257956 -55.9295 16.4838 0 0.999707 -0 0 -0.0242028 58193.4 2309.85 96897.8 0.674997 0.0185267 0.736771 -0.034705 
1576808250.768578 1576808250.869869 0.000458291 0.235344 0 0.999998 -0 0 -0.00195442 -80.4662 147.53 1382.29 0.999998 0.0008462 0.00196546 -0.000269392 -55.9177 16.7188 0 0.999658 -0 0 -0.0261566 59584.5 2353.24 96854.7 0.673522 0.0192281 0.73812 -0.0342997 
1576808250.869869 1576808251.068678 0.00153243 0.476254 0 0.999996 -0 0 -0.00294829 -66.0373 250.104 2830.87 0.999996 0.00037798 0.00262806 0.000590519 -55.8912 17.1943 0 0.999576 -0 0 -0.0291038 62420.2 2387.08 96658.4 0.671593 0.0189566 0.739912 -0.0336734 
1576808251.068678 1576808251.174022 0.000292652 0.243586 0 0.999999 -0 0 -0.00130037 -78.2966 119.525 1415.38 0.999999 -0.000499543 0.00135951 0.000448719 -55.8768 17.4375 0 0.999538 -0 0 -0.0304036 63841.5 2401.03 96598 0.670611 0.0182433 0.740816 -0.0337674 
1576808251.174022 1576808251.370114 0.00114391 0.493475 0 0.999998 -0 0 -0.00204209 -136.255 284.159 2899.46 0.999998 -0.000467358 0.0020524 2.06965e-05 -55.8456 17.93 0 0.999474 -0 0 -0.0324447 66752.9 2470.83 96441.3 0.669098 0.0178452 0.742175 -0.0341371 
1576808251.370114 1576808251.471173 0.000232145 0.251985 0 1 -0 0 -0.000998687 -95.2103 155.015 1497.32 1 -0.000377615 0.000815403 -5.21323e-05 -55.8291 18.1814 0 0.999441 -0 0 -0.0334428 68259.3 2515.58 96378.7 0.668498 0.0176034 0.742707 -0.0344668 
1576808251.471173 1576808251.573387 0.000233522 0.255084 0 1 -0 0 -0.00090736 -81.8226 153.366 1500.28 1 -0.000172474 0.000736598 -0.000388581 -55.8118 18.4359 0 0.99941 -0 0 -0.0343497 69767 2558 96300 0.66794 0.0177513 0.743186 -0.0348676 
1576808251.573387 1576808251.672106 0.000201584 0.257627 0 1 -0 0 -0.000694063 -109.04 125.071 1503.19 1 -8.91239e-05 0.000817848 2.0105e-05 -55.7939 18.6929 0 0.999386 -0 0 -0.0350433 71278.3 2571.34 96246.6 0.667334 0.0176483 0.743729 -0.0349349 
1576808251.672106 1576808251.872963 2.32564e-05 0.527355 0 1 0 0 5.12073e-05 -212.43 323.088 3098.67 0.999999 0.000643005 0.00105924 0.000317046 -55.7569 19.219 0 0.999388 0 0 -0.0349921 74396.9 2663.76 96117.4 0.666546 0.0178046 0.744464 -0.0342638 
1576808251.872963 1576808251.975593 4.44079e-05 0.267303 0 1 -0 0 -0.00017744 -80.5302 132.056 1576.45 1 0.000811903 0.000201477 9.01991e-05 -55.7382 19.4856 0 0.999381 -0 0 -0.0351695 75978 2679.12 96021.8 0.666384 0.0182717 0.744627 -0.0336028 
1576808251.975593 1576808252.074609 0.000106963 0.27132 0 1 -0 0 -0.00031358 -107.284 127.382 1598.56 0.999999 0.00125118 0.000247692 0.000214765 -55.719 19.7563 0 0.99937 -0 0 -0.0354829 77583.6 2689.09 95949.9 0.666183 0.0189372 0.744837 -0.0325325 
1576808252.074609 1576808252.174995 9.36661e-05 0.274659 0 1 0 0 -0.00023219 -68.234 154.086 1608.14 1 6.6835e-05 -9.22714e-05 -0.00027276 -55.6994 20.0302 0 0.999362 0 0 -0.0357149 79196.2 2725.26 95836.8 0.666242 0.0191879 0.744773 -0.0326627 
1576808252.174995 1576808252.275729 2.59087e-06 0.275219 0 1 0 0 3.27869e-05 -136.421 144.803 1616.16 1 -0.000647562 0.000182827 -0.000271111 -55.6798 20.3048 0 0.999363 0 0 -0.0356821 80823.7 2751.74 95791 0.666109 0.0189524 0.744868 -0.0333291 
1576808252.275729 1576808252.479133 -6.47651e-05 0.584857 0 1 0 0 0.000130042 -291.178 325.364 3296.05 0.999999 -0.000950099 0.000238285 -0.000378736 -55.6381 20.8881 0 0.999368 0 0 -0.0355522 84146.5 2833.98 95708.6 0.665937 0.0185937 0.744988 -0.0342936 
1576808252.479133 1576808252.582793 -0.000106785 0.286947 0 1 0 0 0.000322607 -98.1394 150.629 1690.27 1 3.24606e-05 -0.000200804 -0.000361367 -55.6179 21.1744 0 0.999379 0 0 -0.0352298 85843.5 2857.69 95615 0.666073 0.0188914 0.744848 -0.0345063 
1576808252.582793 1576808252.679088 -6.84654e-05 0.290935 0 1 0 0 0.000141805 -90.79 150.431 1676.43 1 -4.04241e-05 -0.000306558 -0.000361465 -55.5974 21.4646 0 0.999384 0 0 -0.0350881 87526.1 2880.91 95516.4 0.66629 0.0191443 0.744636 -0.0347714 
1576808252.679088 1576808252.778158 -6.55075e-05 0.293709 0 1 0 0 0.000152649 -129.48 146.183 1715.12 0.999999 0.000815996 -5.75793e-05 -0.000658333 -55.5769 21.7576 0 0.99939 0 0 -0.0349355 89251.1 2896.37 95453 0.666294 0.0201802 0.744613 -0.0346013 
1576808252.778158 1576808252.882095 -6.8542e-05 0.29596 0 1 0 0 0.000167969 -116.084 176.087 1699.74 1 0.000385977 -0.000176263 -0.000525556 -55.5563 22.0528 0 0.999395 0 0 -0.0347676 90961.6 2940.46 95377.6 0.666399 0.0208348 0.744498 -0.0346605 
1576808252.882095 1576808252.979443 -6.89901e-05 0.29864 0 1 0 0 0.000314153 -127.062 146.087 1725.95 1 -0.000191518 -0.000316207 1.71021e-05 -55.5356 22.3507 0 0.999406 0 0 -0.0344537 92697.1 2950.99 95311.5 0.666639 0.0207054 0.744281 -0.0347851 
1576808252.979443 1576808253.082424 -0.00011837 0.302624 0 1 0 0 0.00029585 -164.129 169.11 1789.77 1 -0.000818928 -5.38915e-05 0.000177135 -55.5149 22.6526 0 0.999416 0 0 -0.034158 94501.7 2980.02 95275.8 0.666702 0.0200295 0.74422 -0.0352754 
1576808253.082424 1576808253.182357 -3.77233e-05 0.306521 0 1 0 0 0.000211528 -130.978 187.166 1772.27 1 -0.000490139 -0.000325009 -4.47651e-05 -55.494 22.9585 0 0.999424 0 0 -0.0339466 96286.7 3028.44 95208.8 0.666952 0.0197475 0.743985 -0.0356635 
1576808253.182357 1576808253.382132 -0.000195477 0.624377 0 1 0 0 0.000375624 -270.657 343.694 3647.39 1 -0.000407277 -0.000397943 0.00062333 -55.4518 23.5814 0 0.999436 0 0 -0.0335712 99957.4 3086.28 95075.4 0.667278 0.0190263 0.743717 -0.0355429 
1576808253.382132 1576808253.484790 -0.000108217 0.316143 0 1 0 0 0.00026287 -135.365 182.021 1857.01 1 0.000143999 -0.000373966 0.000311364 -55.4307 23.8968 0 0.999445 0 0 -0.0333085 101827 3124.97 95006.3 0.667564 0.0189041 0.743478 -0.0352209 
1576808253.484790 1576808253.583281 -0.000143913 0.316947 0 1 0 0 0.000541903 -159.429 225.261 1840.47 1 0.000262181 -0.000204761 -0.000103776 -55.4098 24.2131 0 0.999463 0 0 -0.0327668 103685 3209.69 94963.2 0.667708 0.0191635 0.743349 -0.0350914 
1576808253.583281 1576808253.683726 -0.000104928 0.318569 0 1 0 0 0.000407259 -132.084 168.872 1879.75 1 6.26831e-05 -0.000535129 0.000454722 -55.389 24.531 0 0.999476 0 0 -0.0323598 105576 3234.28 94891 0.66812 0.0188861 0.743002 -0.0347309 
1576808253.683726 1576808253.786406 -8.01485e-05 0.319109 0 1 0 0 0.000187021 -161.924 164.776 1881.96 1 -0.000259966 -0.000227686 0.000489658 -55.3684 24.8494 0 0.999482 0 0 -0.0321729 107471 3256.88 94850.3 0.668311 0.0183565 0.74285 -0.0345926 
1576808253.786406 1576808253.884886 -3.27015e-05 0.319944 0 1 0 0 0.000151912 -140.427 170.631 1868.85 0.999999 -0.000561921 -0.00045169 0.000789637 -55.3479 25.1687 0 0.999487 0 0 -0.032021 109352 3287.75 94790.4 0.668684 0.01741 0.742543 -0.034474 
1576808253.884886 1576808253.984884 -6.92275e-05 0.320482 0 1 0 0 0.000169046 -177.747 210.84 1861.74 1 -0.000750925 0.000127327 0.00010111 -55.3275 25.4885 0 0.999493 0 0 -0.0318521 111232 3362.9 94768.8 0.668606 0.0168284 0.742604 -0.0349662 
1576808253.984884 1576808254.085287 -2.21327e-05 0.31926 0 1 0 0 0.000151821 -124.816 167.083 1859.71 1 -0.000216896 -0.000321599 0.000105067 -55.3072 25.8072 0 0.999497 0 0 -0.0317003 113102 3393.77 94695.5 0.668852 0.0166166 0.742383 -0.0350516 
1576808254.085287 1576808254.189168 3.87228e-05 0.358169 0 1 0 0 -2.51967e-05 -142.255 169.655 1877.05 1 0.000213422 -0.000149186 -0.000571172 -55.2844 26.1646 0 0.999497 -0 0 -0.0317255 114991 3426.66 94638.9 0.668939 0.0171886 0.742281 -0.0352727 
1576808254.189168 1576808254.287335 -1.21857e-06 0.31606 0 1 0 0 2.58541e-05 -155.674 166.06 1833.41 1 0.000232166 9.30026e-05 -0.000753066 -55.2644 26.48 0 0.999497 0 0 -0.0316997 116838 3457.42 94600.8 0.668839 0.0178996 0.742338 -0.0356057 
1576808254.287335 1576808254.388281 6.45565e-05 0.315396 0 1 -0 0 -0.000211744 -114.688 178.423 1873.04 1 0.000204288 -0.000291464 -0.000472404 -55.2443 26.7948 0 0.999491 -0 0 -0.0319113 118720 3493.83 94517.2 0.669035 0.0183973 0.742142 -0.0357648 
1576808254.388281 1576808254.489788 -9.92448e-07 0.314978 0 1 0 0 2.58945e-05 -141.236 179.983 1818.96 1 0.000296958 5.52096e-05 0.000345625 -55.2242 27.1091 0 0.999492 0 0 -0.0318854 120553 3534.79 94466.6 0.669001 0.0183375 0.742196 -0.0353142 
1576808254.489788 1576808254.588595 2.55449e-05 0.313671 0 1 -0 0 -0.000153768 -98.7239 171.229 1816.03 1 0.000369556 -0.000169531 0.000623176 -55.2042 27.4222 0 0.999487 -0 0 -0.0320391 122377 3567.7 94374 0.669142 0.0181282 0.742107 -0.0346199 
1576808254.588595 1576808254.689965 2.95827e-05 0.314239 0 1 0 0 -4.37904e-05 -106.747 212.609 1854.07 1 0.000326722 -0.000189657 -0.000150689 -55.1841 27.7357 0 0.999485 0 0 -0.0320829 124242 3641.49 94285.1 0.669271 0.0184652 0.741988 -0.0344748 
1576808254.689965 1576808254.791958 -0.000100427 0.310386 0 1 0 0 0.000386172 -161.453 142.704 1790.19 1 0.000113737 0.00018489 -0.000314627 -55.1643 28.0455 0 0.999498 0 0 -0.0316969 126045 3650.95 94259.7 0.669121 0.0187684 0.74211 -0.0346044 
1576808254.791958 1576808254.892317 -0.000284017 0.306917 0 1 0 0 0.00082535 -142.472 185.558 1770.85 0.999999 -0.000844332 -0.000224379 -0.000489964 -55.1451 28.3518 0 0.999523 0 0 -0.030872 127830 3703.13 94215.6 0.669286 0.0185748 0.741921 -0.0355546 
1576808254.892317 1576808254.993325 -0.000113617 0.304196 0 1 0 0 0.000407514 -138.749 160.972 1783.22 0.999999 -0.000976601 -0.000159963 -0.000213694 -55.1264 28.6554 0 0.999536 0 0 -0.0304647 129625 3727.95 94167.9 0.669415 0.0180854 0.741775 -0.0364192 
1576808254.993325 1576808255.092159 -5.92724e-05 0.303094 0 1 0 0 0.00022902 -162.122 148.904 1765.68 1 -0.000299169 9.00924e-05 0.000371875 -55.108 28.958 0 0.999543 0 0 -0.0302357 131404 3741.76 94146.2 0.669367 0.017606 0.741831 -0.0363938 
1576808255.092159 1576808255.192451 -6.4787e-05 0.299113 0 1 0 0 0.000228175 -152.026 153.402 1744.13 1 -1.13095e-05 -9.93904e-05 0.000697112 -55.09 29.2565 0 0.99955 0 0 -0.0300077 133161 3762.81 94116.1 0.669466 0.0170849 0.741776 -0.0359338 
1576808255.192451 1576808255.393850 -0.000554946 0.592096 0 1 0 0 0.000873997 -268.551 338.95 3472.65 0.999999 0.00115159 -0.000311948 -6.47815e-05 -55.0551 29.8476 0 0.999576 0 0 -0.0291341 136659 3842.24 94021.9 0.669675 0.0179151 0.741607 -0.0351176 
1576808255.393850 1576808255.494600 -0.000117236 0.291288 0 1 0 0 0.000398041 -88.18 156.907 1688.44 1 0.000662205 -0.000459633 -3.15448e-05 -55.0382 30.1384 0 0.999587 0 0 -0.0287362 138354 3872 93935.3 0.670003 0.0183981 0.741322 -0.0346394 
1576808255.494600 1576808255.594950 -6.93971e-05 0.28624 0 1 0 0 0.000278215 -128.801 156.877 1681.52 1 0.000448757 -0.000219472 0.000431742 -55.0218 30.4242 0 0.999595 0 0 -0.0284581 140047 3903.05 93891.5 0.670172 0.0183863 0.741198 -0.0340134 
1576808255.594950 1576808255.695476 -4.45049e-06 0.286251 0 1 0 0 3.34027e-05 -134.688 169.492 1667.83 1 -0.000247283 -9.03533e-05 0.000224296 -55.0055 30.71 0 0.999596 -0 0 -0.0284247 141728 3949.3 93855.2 0.670251 0.0180574 0.741133 -0.0340447 
1576808255.695476 1576808255.796007 7.43196e-06 0.280863 0 1 0 0 -5.88461e-05 -121.626 133.446 1645.86 1 -0.000101606 -0.000257965 0.00028967 -54.9896 30.9904 0 0.999594 0 0 -0.0284835 143383 3961.75 93809.4 0.670454 0.0177834 0.740962 -0.0339212 
1576808255.796007 1576808255.899041 5.63784e-05 0.300177 0 1 0 0 -0.000115842 -121.587 163.822 1618.81 1 -0.000267513 -0.000120984 2.3946e-05 -54.9724 31.2901 0 0.999591 0 0 -0.0285993 145013 4007.44 93766.3 0.670549 0.0175904 0.740872 -0.0341012 
1576808255.899041 1576808256.004254 -3.82269e-05 0.274899 0 1 0 0 0.000244875 -136.407 144.822 1600.42 0.999999 -0.00100954 -0.000106129 0.000119533 -54.9568 31.5645 0 0.999598 0 0 -0.0283545 146626 4035.9 93740.6 0.670649 0.0168285 0.740768 -0.0347671 
1576808256.004254 1576808256.200324 -0.000409972 0.538054 0 1 0 0 0.000863439 -264.408 258.302 3120.44 1 -0.000808286 -0.000299367 -0.000180853 -54.9267 32.1017 0 0.999622 0 0 -0.0274914 149767 4068 93690.2 0.670878 0.0164308 0.740536 -0.0354821 
1576808256.200324 1576808256.300887 -0.000101649 0.262513 0 1 0 0 0.000321772 -72.657 153.929 1544.65 1 0.00029007 -0.000714752 -0.000566681 -54.9123 32.3639 0 0.999631 -0 0 -0.0271698 151319 4107.93 93607.5 0.671382 0.0170704 0.740057 -0.0356357 
1576808256.300887 1576808256.399714 -4.50867e-05 0.258414 0 1 0 0 0.000127037 -164.257 125.314 1513.68 1 0.000593893 0.000153951 0.000140185 -54.8983 32.6219 0 0.999634 -0 0 -0.0270428 152846 4122.02 93621.9 0.671263 0.0173599 0.740184 -0.0351047 
1576808256.399714 1576808256.502868 3.02065e-05 0.255388 0 1 -0 0 -0.000144426 -99.9585 143.816 1474.5 1 0.000669566 -0.000231116 5.06123e-05 -54.8845 32.8769 0 0.99963 -0 0 -0.0271872 154330 4156.55 93575.2 0.671424 0.01778 0.740053 -0.0345711 
1576808256.502868 1576808256.703516 0.000250226 0.499608 0 1 -0 0 -0.000405111 -159.952 290.806 2908.04 0.999999 0.000908327 -0.000363105 -0.000475071 -54.8571 33.3758 0 0.999619 -0 0 -0.0275921 157253 4231.46 93447.3 0.67166 0.018754 0.739832 -0.0342114 
1576808256.703516 1576808256.801318 -3.20297e-05 0.245356 0 1 0 0 0.0002116 -115.507 142.461 1420.19 1 0.000363158 6.63184e-05 -0.000337464 -54.8436 33.6207 0 0.999625 0 0 -0.0273806 158684 4267.92 93423.1 0.671592 0.0192453 0.739882 -0.0341706 
1576808256.801318 1576808256.901967 -8.16941e-06 0.241689 0 1 0 0 2.32093e-08 -92.1521 124.478 1376.7 1 -0.000192301 -9.30515e-05 -0.000374332 -54.8304 33.8621 0 0.999625 -0 0 -0.0273806 160069 4288.42 93380.1 0.671652 0.0193963 0.739806 -0.0345625 
1576808256.901967 1576808257.103014 -0.000146334 0.471533 0 1 0 0 0.000373506 -203.512 254.616 2750.88 1 -0.000308107 -0.00032231 9.69247e-05 -54.8047 34.3329 0 0.999635 0 0 -0.0270072 162838 4333.49 93313.9 0.6719 0.0191288 0.739581 -0.0347191 
1576808257.103014 1576808257.204219 -8.75947e-05 0.230379 0 1 0 0 0.000381193 -105.135 131.942 1347.32 1 -0.000430141 -0.0001767 -4.0011e-05 -54.7924 34.5629 0 0.999645 0 0 -0.0266262 164195 4363.12 93287.5 0.672037 0.0188755 0.739446 -0.0350607 
1576808257.204219 1576808257.406274 -6.18062e-05 0.450443 0 1 0 0 2.81811e-05 -196.029 246.726 2645.23 1 -0.000106039 -3.02681e-05 0.000899864 -54.7684 35.0128 0 0.999646 0 0 -0.026598 166858 4408.57 93226.7 0.672093 0.0181399 0.739439 -0.0345338 
1576808257.406274 1576808257.505692 -4.42324e-05 0.222125 0 1 0 0 0.000254386 -101.229 111.63 1279.11 1 -0.000537598 -0.000161963 0.000610411 -54.7567 35.2346 0 0.999653 0 0 -0.0263437 168146 4425.33 93204 0.672243 0.0173328 0.739322 -0.0345181 
1576808257.505692 1576808257.707974 -0.000487761 0.466516 0 0.999999 0 0 0.00119298 -228.821 261.571 2513.93 1 -0.000544858 -2.59219e-05 -0.000281176 -54.7326 35.7005 0 0.999684 0 0 -0.0251511 170682 4503.98 93188.7 0.672262 0.0171753 0.739281 -0.0351095 
1576808257.707974 1576808257.810306 -3.64261e-05 0.217834 0 1 0 0 9.88024e-05 -67.5783 112.526 1252.04 1 0.000513908 -0.00041449 -0.000236006 -54.7217 35.918 0 0.999686 0 0 -0.0250523 171940 4523.72 93135.4 0.672551 0.0177098 0.739016 -0.0348811 
1576808257.810306 1576808258.013228 5.06899e-05 0.445975 0 1 -0 0 -0.000152255 -173.218 228.033 2518.76 0.999998 0.00177724 7.73066e-05 -0.00037989 -54.6993 36.3634 0 0.999682 -0 0 -0.0252045 174474 4564.8 93067.5 0.672448 0.0191831 0.739122 -0.0338245 
1576808258.013228 1576808258.112023 -2.01875e-05 0.194573 0 1 0 0 0.000145409 -73.8727 115.825 1240.29 1 0.000100675 -0.000355684 2.03481e-05 -54.6895 36.5578 0 0.999686 -0 0 -0.0250592 175721 4587.52 93022.4 0.67271 0.0192478 0.738887 -0.0337296 
1576808258.112023 1576808258.313411 9.0697e-05 0.417454 0 1 0 0 -0.000294287 -163.578 205.41 2443.89 1 -0.000376766 -0.000165148 -0.000353361 -54.6685 36.9747 0 0.999679 0 0 -0.0253534 178177 4609.98 92953.9 0.672827 0.019261 0.738756 -0.0342425 
1576808258.313411 1576808258.414113 1.98788e-05 0.206259 0 1 0 0 1.70593e-05 -86.9539 91.7886 1199.11 1 -9.9691e-06 8.07911e-05 -0.000100001 -54.658 37.1807 0 0.999679 0 0 -0.0253363 179383 4611.27 92927.6 0.672764 0.0193254 0.738808 -0.0343187 
1576808258.414113 1576808258.618719 2.36764e-05 0.425275 0 1 -0 0 -0.000100853 -168.46 208.795 2369.79 0.999999 0.000176535 -0.000280296 -0.000947362 -54.6364 37.6054 0 0.999676 -0 0 -0.0254371 181767 4640.59 92871.1 0.672935 0.0201537 0.738607 -0.0348202 
1576808258.618719 1576808258.717510 0 0.185857 0 1 0 0 0 -73.624 119.972 1116.65 0.999999 0.000455084 -3.97457e-05 -0.000964373 -54.627 37.791 0 0.999676 0 0 -0.0254371 182892 4673.71 92838.8 0.672921 0.0211736 0.738576 -0.0351322 
1576808258.717510 1576808258.916538 0.000181745 0.399448 0 1 0 0 -0.000254229 -162.722 172.666 2298.17 0.999999 -0.000134412 -1.88663e-05 -0.00159538 -54.6065 38.1899 0 0.99967 0 0 -0.0256913 185201 4663.65 92785.6 0.672881 0.0222621 0.738524 -0.0363046 
1576808258.916538 1576808259.122810 -0.000171819 0.409777 0 1 0 0 0.000439002 -164.641 208.272 2278.19 0.999999 -0.00110753 -0.000440896 0.000980525 -54.5856 38.5992 0 0.999681 0 0 -0.0252524 187494 4683.37 92735.4 0.673266 0.0208087 0.738208 -0.0364529 
1576808259.122810 1576808259.217681 5.37167e-06 0.196463 0 1 0 0 -5.94148e-05 -116.126 128.008 1127.03 1 -1.87775e-05 0.000366968 0.000121352 -54.5757 38.7954 0 0.99968 0 0 -0.0253118 188634 4720.83 92745.4 0.673 0.0206931 0.738457 -0.0363927 
1576808259.217681 1576808259.419136 0.000154152 0.387831 0 1 0 0 -0.000211979 -112.306 227.907 2261.66 1 0.000154992 -0.00034592 -2.72312e-05 -54.5559 39.1827 0 0.999674 0 0 -0.0255237 190907 4765.45 92644.4 0.673251 0.0208301 0.738229 -0.0362894 
1576808259.419136 1576808259.620445 -5.62448e-05 0.384167 0 1 0 0 0.000127056 -169.897 209.74 2241.44 1 -0.000270978 -0.00019612 0.00023892 -54.5364 39.5664 0 0.999677 0 0 -0.0253967 193164 4794.57 92604.5 0.67341 0.0204784 0.738092 -0.0363245 
1576808259.620445 1576808259.821716 -4.26246e-05 0.380745 0 1 0 0 0.000109271 -159.654 217.236 2198.49 1 0.000721823 1.94242e-05 0.00021716 -54.5171 39.9467 0 0.99968 -0 0 -0.0252875 195378 4835.51 92559.1 0.673389 0.0208035 0.738136 -0.0356459 
1576808259.821716 1576808259.923417 -8.59185e-06 0.188409 0 1 0 0 0.000110582 -75.5176 91.6841 1085.57 1 0.000212938 -8.31869e-05 0.000174019 -54.5076 40.1348 0 0.999683 0 0 -0.0251769 196470 4840.65 92533.7 0.673452 0.0208214 0.738091 -0.0353698 
1576808259.923417 1576808260.123181 -0.000277586 0.372272 0 1 0 0 0.000737484 -171.192 204.453 2181.9 0.999999 -0.000840406 -0.00011159 0.000701071 -54.4891 40.5066 0 0.999701 0 0 -0.0244397 198668 4872.19 92501.9 0.673576 0.0197419 0.738 -0.0355156 
1576808260.123181 1576808260.326113 -0.000116425 0.366847 0 1 0 0 -4.99504e-07 -132.737 204.942 2153.67 0.999999 0.0002104 -0.000381459 0.000959019 -54.4713 40.8731 0 0.999701 0 0 -0.0244402 200834 4908.77 92434.8 0.673887 0.0191894 0.737769 -0.0347068 
1576808260.326113 1576808260.530900 3.63149e-05 0.387776 0 1 0 0 7.59226e-05 -150.436 188.118 2109.71 1 -0.000231716 3.27579e-05 -0.000209263 -54.4523 41.2604 0 0.999703 0 0 -0.0243643 202957 4936.47 92391.3 0.67386 0.0191865 0.737779 -0.0350194 
1576808260.530900 1576808260.631395 -9.50468e-06 0.179905 0 1 0 0 4.23691e-05 -61.2894 110.284 1049.26 1 -0.000598127 -0.00028574 -0.000745416 -54.4435 41.4401 0 0.999704 0 0 -0.0243219 204012 4966.21 92355.7 0.674056 0.0193434 0.737551 -0.0359575 
1576808260.631395 1576808260.830685 1.91845e-05 0.361837 0 1 -0 0 -0.000151962 -157.451 200.216 2089.64 1 0.000365894 1.84679e-05 -0.000223901 -54.4259 41.8015 0 0.9997 -0 0 -0.0244738 206117 5003.57 92321.7 0.674027 0.0197545 0.737572 -0.0358389 
1576808260.830685 1576808261.029635 0.000169985 0.360005 0 1 -0 0 -0.000212887 -144.174 208.366 2094.88 1 0.000130946 0.000142922 0.000311609 -54.4081 42.161 0 0.999695 -0 0 -0.0246867 208226 5047.46 92273.8 0.67393 0.0196078 0.737679 -0.0355351 
1576808261.029635 1576808261.237163 -5.80833e-05 0.358461 0 1 0 0 0.000175702 -140.357 207.042 2076.6 1 3.08896e-05 -0.000161994 2.13474e-06 -54.3905 42.5191 0 0.9997 0 0 -0.024511 210316 5092.73 92223.1 0.674049 0.0196328 0.737571 -0.0355077 
1576808261.237163 1576808261.432937 -6.64164e-05 0.355732 0 1 0 0 5.97266e-05 -155.17 186.913 2055.19 1 0.000610102 0.000188361 0.000222691 -54.3731 42.8744 0 0.999701 0 0 -0.0244513 212386 5119.92 92190.3 0.673906 0.0198731 0.737724 -0.0349113 
1576808261.432937 1576808261.634285 6.91446e-05 0.354044 0 1 -0 0 -0.000110879 -164.92 176.372 2059.86 1 -0.000577691 9.98786e-05 -0.000309595 -54.3558 43.228 0 0.999698 -0 0 -0.0245621 214459 5137.37 92166.3 0.673833 0.0197087 0.737765 -0.0355481 
1576808261.634285 1576808261.734592 1.99742e-05 0.175194 0 1 -0 0 -0.000193936 -73.7134 77.0902 1011.05 1 -0.000280046 -5.03221e-05 -0.000158473 -54.3471 43.403 0 0.999694 -0 0 -0.024756 215476 5135.71 92147.3 0.67387 0.0196387 0.737718 -0.0358605 
1576808261.734592 1576808261.936102 3.34714e-05 0.348596 0 1 0 0 6.7984e-05 -120.862 208.97 2002.58 1 -0.000398847 -0.000142782 0.000141304 -54.3299 43.7511 0 0.999695 0 0 -0.0246881 217491 5187.36 92083.4 0.673988 0.0192708 0.73761 -0.0360567 
1576808261.936102 1576808262.138292 0.000121234 0.363367 0 1 0 0 -0.000213579 -186.889 189.378 2029.92 1 -0.000207049 0.000266545 0.000164899 -54.3118 44.114 0 0.99969 0 0 -0.0249016 219538 5219.17 92083.9 0.673801 0.019 0.737785 -0.0361034 
