groundtruth: cam2wheel_ryp.roll = -0.957862, cam2wheel_ryp.yaw = -4.04534, cam2wheel_ryp.pitch = -7.22235, cam2wheel_xyz.x = 1.84476, cam2wheel_xyz.y = -0.283707, cam2wheel_xyz.z = 1.29741
from_timestamp to_timestamp delta_pos_wheel delta_q_wheel delta_pos_cam delta_q_cam pos_wheel q_wheel pos_cam q_cam 
1576461878.131880 1576461878.333119 -0.000575292 0.417411 0 0.999999 0 0 0.00154416 -209.86 349.109 2292.78 0.999993 -0.00314817 -0.00169701 0.00076107 -0.000575292 0.417411 0 0.999999 0 0 0.00154416 -41798.2 -3141.6 -301401 0.997303 0.0613176 0.0385782 0.011759 
1576461878.333119 1576461878.732763 -0.002298 0.8513 0 0.999996 0 0 0.00265826 -435.449 756.441 4832.92 0.999928 -0.0115736 -0.0029684 0.000898139 -0.00550236 1.2687 0 0.999991 0 0 0.0042024 -41867.6 -2990.04 -296493 0.998045 0.0497013 0.0358062 0.0123894 
1576461878.732763 1576461879.040504 -0.00223605 0.668024 0 0.999995 0 0 0.00329612 -374.808 536.567 3771.41 0.999976 -0.00617594 -0.00301177 -0.000422592 -0.0133529 1.93668 0 0.999972 0 0 0.00749847 -41978.5 -2837.7 -292670 0.998442 0.0435141 0.032855 0.0118959 
1576461879.040504 1576461879.341891 -0.00159424 0.644858 0 0.999997 0 0 0.00249427 -331.04 390.957 3630.84 0.999991 -0.00336092 -0.00270401 -0.000291179 -0.0246176 2.58144 0 0.99995 0 0 0.00999264 -42074.9 -2769.8 -289005 0.998671 0.0401354 0.0301822 0.0116123 
1576461879.341891 1576461879.644006 0.00118112 0.659142 0 0.999994 -0 0 -0.00359263 -198.154 375.477 3543.18 0.99999 -0.00233023 0.00329233 -0.00169947 -0.0366092 3.24048 0 0.99998 0 0 0.00640013 -42063.5 -2682.26 -285438 0.998675 0.0378974 0.0334287 0.0097125 
1576461879.644006 1576461879.945589 0.00778622 0.628178 0 0.999927 -0 0 -0.0121221 30.4711 410.01 3464.15 0.999924 0.00334367 0.0117129 0.00187373 -0.0368643 3.8687 0 0.999984 -0 0 -0.00572216 -41806.2 -2532.8 -281962 0.998063 0.0412849 0.0451621 0.0112509 
1576461879.945589 1576461880.250344 0.00719941 0.61838 0 0.999918 -0 0 -0.0128057 42.8003 394.516 3365.62 0.999918 0.00333012 0.0122172 -0.00208527 -0.0225885 4.48696 0 0.999828 -0 0 -0.0185272 -41464.4 -2412.55 -278592 0.997315 0.0448368 0.0572284 0.00881475 
1576461880.250344 1576461880.551670 0.00804546 0.603399 0 0.999898 -0 0 -0.0142666 94.9912 332.999 3289.63 0.999884 0.0025741 0.0149389 -0.00117603 0.00780615 5.08965 0 0.999462 -0 0 -0.0327894 -40996.1 -2369.67 -275318 0.99624 0.0475978 0.0720452 0.00711836 
1576461880.551670 1576461880.955295 0.0191493 0.782469 0 0.999679 -0 0 -0.0253408 281.128 444.498 4183.93 0.999663 0.00438366 0.0255243 -0.0017095 0.0782001 5.86918 0 0.99831 -0 0 -0.058106 -40117.8 -2313.81 -271194 0.993869 0.0522538 0.0973367 0.00451381 
1576461880.955295 1576461881.255778 0.011572 0.564777 0 0.999774 -0 0 -0.0212815 349.949 368.019 3055.2 0.999774 0.00278635 0.0209877 0.00194876 0.155217 6.4288 0 0.996848 -0 0 -0.0793384 -39181.5 -2255.77 -268243 0.991447 0.0549163 0.118263 0.00562413 
1576461881.255778 1576461881.661001 0.024082 0.744468 0 0.999443 -0 0 -0.0333578 521.762 532.44 3979.3 0.999445 0.00123218 0.0331603 -0.00285947 0.296753 7.16009 0 0.993646 -0 0 -0.112547 -37737.7 -2142 -264462 0.986923 0.0566321 0.15091 0.00111068 
1576461881.661001 1576461881.962957 0.0153032 0.547356 0 0.999588 -0 0 -0.0287183 479.581 434.059 2987.87 0.999573 -0.00151391 0.0291721 3.78239e-05 0.434092 7.69015 0 0.990004 -0 0 -0.141036 -36383.1 -2034.47 -261723 0.982186 0.0551405 0.17964 -0.000733006 
1576461881.962957 1576461882.365035 0.0302665 0.717082 0 0.99901 -0 0 -0.0444845 803.366 458.039 3833.72 0.999034 -0.00257787 0.0438737 0.000296263 0.663402 8.37026 0 0.98275 -0 0 -0.184937 -34269.4 -1980.73 -258395 0.973497 0.0524699 0.222573 -0.00332362 
1576461882.365035 1576461882.765978 0.0298471 0.66605 0 0.999072 -0 0 -0.043081 824.97 426.174 3594.81 0.999043 0.000125219 0.0437106 0.00176085 0.933312 8.9799 0 0.973871 -0 0 -0.227103 -31956.9 -1915.54 -255491 0.962836 0.0520044 0.265005 -0.00387188 
1576461882.765978 1576461883.168343 0.0246236 0.638446 0 0.999157 -0 0 -0.0410462 710.081 409.816 3441.82 0.999102 -0.00349164 0.0421571 -0.00240258 1.2378 9.54159 0 0.963728 -0 0 -0.266885 -29577.2 -1845.41 -252873 0.950972 0.0490693 0.305219 -0.00929935 
1576461883.168343 1576461883.570204 0.0271428 0.618128 0 0.999143 -0 0 -0.0413993 775.303 428.814 3334.57 0.999044 -0.00154062 0.0436587 -0.00161194 1.57905 10.0577 0 0.951853 -0 0 -0.306554 -26993.3 -1739.36 -250589 0.936798 0.0476433 0.346352 -0.0134359 
1576461883.570204 1576461883.972571 0.0251748 0.6233 0 0.999275 -0 0 -0.0380699 714.417 386.793 3387.04 0.999259 0.00347388 0.0381791 0.0032953 1.96325 10.5492 0 0.939493 -0 0 -0.342569 -24234.5 -1682.73 -248464 0.922759 0.049208 0.382065 -0.0109547 
1576461883.972571 1576461884.375004 0.017776 0.668676 0 0.999739 -0 0 -0.0228673 168.423 466.535 3540.11 0.99972 -0.00223062 0.023496 -0.00184288 2.40726 11.0495 0 0.931414 -0 0 -0.363963 -21596 -1566.77 -246055 0.913613 0.0475826 0.403524 -0.0146606 
1576461884.375004 1576461884.779545 0.00480824 0.686461 0 0.999989 0 0 -0.0047754 -214.822 437.676 3792.97 0.999978 -0.00250893 0.00601942 -0.00119491 2.87622 11.5508 0 0.929665 0 0 -0.368406 -18920.8 -1508.41 -243323 0.911266 0.0456833 0.408921 -0.0170508 
1576461884.779545 1576461885.180778 0.00307433 0.697503 0 0.99999 0 0 -0.00453698 -205.09 487.484 3852 0.99999 0.00193905 0.00411233 -2.23625e-06 3.35624 12.0568 0 0.927984 0 0 -0.372621 -16159.1 -1398.97 -240588 0.909486 0.0473806 0.412697 -0.0164476 
1576461885.180778 1576461885.582973 0.0007493 0.691407 0 0.999998 -0 0 -0.00176509 -210.96 492.01 3847.49 0.99999 8.38329e-05 0.002849 0.0035418 3.83494 12.5557 0 0.927325 -0 0 -0.374258 -13381.8 -1295.19 -237874 0.908356 0.0459478 0.415453 -0.0133266 
1576461885.582973 1576461885.985824 0.000801932 0.709646 0 0.999999 -0 0 -0.00138496 -292.516 502.428 3787.13 0.999997 -0.00050974 0.00205232 -0.000881876 4.32809 13.066 0 0.926805 -0 0 -0.375542 -10688.2 -1157.21 -235153 0.907512 0.0458237 0.417269 -0.0144337 
1576461885.985824 1576461886.286260 -0.00102446 0.513056 0 0.999995 0 0 0.00311534 -298.84 360.085 2853.29 0.999997 -0.000303317 -0.00245115 -0.000243953 4.6845 13.4351 0 0.927971 0 0 -0.372653 -8702.45 -1074.07 -233053 0.908543 0.0456855 0.415028 -0.0146693 
1576461886.286260 1576461886.695457 -0.00820657 0.684118 0 0.999914 0 0 0.0131075 -562.773 431.678 3721.83 0.999929 0.00227364 -0.0114734 0.00205645 5.15172 13.9349 0 0.932776 0 0 -0.360457 -6241.44 -1005.01 -230173 0.913167 0.0470628 0.404702 -0.0113321 
1576461886.695457 1576461887.094362 -0.0119803 0.648787 0 0.999813 0 0 0.0193465 -778.484 422.462 3600.41 0.999828 0.0015474 -0.0184692 -0.000174201 5.57914 14.4231 0 0.939575 0 0 -0.342344 -4082.59 -940.554 -227159 0.920409 0.0487475 0.387776 -0.00999377 
1576461887.094362 1576461887.494329 -0.013727 0.632309 0 0.999759 0 0 0.0219419 -805.318 434.559 3536.17 0.999746 0.00112531 -0.0224778 -0.00105307 5.9754 14.916 0 0.94686 0 0 -0.321646 -2100.37 -868.505 -224092 0.928827 0.0504039 0.366949 -0.00942839 
1576461887.494329 1576461887.996382 -0.0189075 0.774334 0 0.99972 0 0 0.0236492 -952.522 536.564 4283.4 0.999715 0.000933443 -0.0238505 -0.000912976 6.43206 15.5417 0 0.954202 0 0 -0.299163 148.811 -784.021 -220287 0.937258 0.0518164 0.344654 -0.00872901 
1576461887.996382 1576461888.398788 -0.013192 0.60487 0 0.99972 0 0 0.0236708 -859.798 391.612 3326.87 0.999742 0.000339516 -0.0227109 0.000830616 6.76656 16.0458 0 0.961016 0 0 -0.276493 1660.15 -754.372 -217176 0.944833 0.0520332 0.323325 -0.00665444 
1576461888.398788 1576461888.903871 -0.0266068 0.756943 0 0.999342 0 0 0.0362598 -1244.55 520.842 4102.92 0.999372 5.15899e-05 -0.0354082 -0.00108379 7.14628 16.7012 0 0.97041 0 0 -0.241465 3203.94 -683.699 -213143 0.955678 0.0526353 0.289611 -0.00581518 
1576461888.903871 1576461889.303494 -0.0138015 0.554182 0 0.999704 0 0 0.0243218 -896.262 406.927 3192.16 0.999661 -0.000157613 -0.0260437 -0.000411905 7.3938 17.1972 0 0.975995 0 0 -0.217791 4240.08 -628.316 -209968 0.962903 0.0527376 0.264601 -0.00488169 
1576461889.303494 1576461889.810545 -0.0244518 0.686499 0 0.999364 0 0 0.0356658 -1215.85 457.362 3751.83 0.99937 0.000241275 -0.0354505 -0.0013464 7.66352 17.829 0 0.983142 0 0 -0.182843 5121.49 -586.759 -206097 0.971657 0.053466 0.230229 -0.00424165 
1576461889.810545 1576461890.312024 -0.0172242 0.638243 0 0.999615 0 0 0.0277427 -988.147 468.793 3585.98 0.999571 0.000894077 -0.0292473 0.000807419 7.87691 18.4307 0 0.987836 0 0 -0.155497 5856.31 -516.437 -202421 0.97793 0.05425 0.201759 -0.00168572 
1576461890.312024 1576461890.812118 -0.0163594 0.609122 0 0.999676 0 0 0.0254396 -942.991 438.219 3427.15 0.999656 0.000672889 -0.0261923 -0.00153784 8.04847 19.0154 0 0.991472 0 0 -0.130317 6352.9 -464.304 -198875 0.982839 0.0552438 0.175993 -0.00163234 
1576461890.812118 1576461891.424881 -0.0226906 0.70824 0 0.999448 0 0 0.033211 -1173.64 482.511 3907.25 0.999471 0.000583965 -0.0324846 -0.00147779 8.20957 19.7055 0 0.995253 0 0 -0.0973172 6613.89 -430.336 -194775 0.988001 0.0561016 0.143892 -0.00118656 
1576461891.424881 1576461892.028162 -0.01201 0.641568 0 0.999849 0 0 0.0173785 -671.864 468.505 3663.76 0.999833 0.000882338 -0.0182417 0.000817341 8.32206 20.3372 0 0.996794 0 0 -0.0800065 7019.74 -381.457 -191043 0.990412 0.056868 0.125892 0.000771522 
1576461892.028162 1576461892.731450 -0.010264 0.662519 0 0.999889 0 0 0.014932 -666.22 466.759 3745.4 0.999877 0.000816731 -0.0156466 0.000803384 8.4176 20.9929 0 0.997878 0 0 -0.0651134 7314.93 -349.451 -187222 0.992213 0.0575567 0.110425 0.00255972 
1576461892.731450 1576461893.541713 -0.007934 0.657897 0 0.999927 0 0 0.0120806 -598.822 470.622 3722.39 0.999918 0.000687576 -0.0127616 -6.72996e-05 8.49523 21.6462 0 0.998592 0 0 -0.0530537 7551.1 -315.662 -183430 0.993502 0.058209 0.0977481 0.00330318 
1576461893.541713 1576461894.542269 -0.00740163 0.635291 0 0.999936 0 0 0.0112859 -604.607 445.637 3593.7 0.99994 0.000904169 -0.0108941 -0.00119817 8.55518 22.2787 0 0.999127 0 0 -0.0417803 7659.58 -297.235 -179760 0.994458 0.0591849 0.0868461 0.00283511 
1576461894.542269 1576461897.668541 -0.00667474 0.637472 0 0.999958 0 0 0.0092039 -443.971 418.296 3164.96 0.999954 9.50592e-05 -0.0095972 0.000591566 8.60175 22.9145 0 0.999469 0 0 -0.0325827 7772 -259.944 -176539 0.995238 0.0591981 0.0773328 0.00399953 
1576461897.668541 1576461899.279322 0 0.0172462 0 1 0 0 0 10.4903 3.77892 1.46958 1 8.49728e-05 0.000178136 -0.000270724 8.60288 22.9317 0 0.999469 0 0 -0.0325827 7782.59 -256.185 -176539 0.99522 0.0593043 0.0774937 0.00372612 
1576461899.279322 1576461900.588335 0 0 0 1 0 0 0 0.521157 -3.27511 -6.57635 1 -9.36809e-05 7.22083e-05 0.00026114 8.60288 22.9317 0 0.999469 0 0 -0.0325827 7782.08 -258.655 -176546 0.995219 0.0591911 0.0775814 0.00397447 
1576461900.588335 1576461900.890494 0 0 0 1 0 0 0 12.9763 1.81805 2.57232 1 4.69132e-05 -5.41924e-05 0.000145427 8.60288 22.9317 0 0.999469 0 0 -0.0325827 7795.3 -256.93 -176545 0.99522 0.0592263 0.0775359 0.00412605 
1576461900.890494 1576461901.996352 -0.00702342 0.399844 0 0.999874 0 0 0.0158781 -589.491 235.509 2459.57 0.999884 0.00588161 -0.0140164 0.000126767 8.62191 23.3312 0 0.99986 0 0 -0.0167089 7593.94 -321.713 -174014 0.995843 0.0650053 0.0635608 0.00553791 
1576461901.996352 1576461902.197395 -0.00312186 0.321217 0 0.999955 0 0 0.00949887 -361.335 224.809 1739.15 0.99996 0.000825975 -0.00888835 -3.54976e-05 8.62952 23.6523 0 0.999974 0 0 -0.00721056 7456.34 -329.732 -172229 0.996315 0.0657783 0.0547 0.00613263 
1576461902.197395 1576461902.398330 -0.00398949 0.405635 0 0.999955 0 0 0.00943701 -387.51 305.036 2234.27 0.999956 0.000175028 -0.00935729 -0.000869927 8.63138 24.058 0 0.999998 0 0 0.00222652 7314.98 -326.233 -169945 0.996777 0.06594 0.0453165 0.00589072 
1576461902.398330 1576461902.504982 -0.00124055 0.256656 0 0.99999 0 0 0.00452624 -191.837 167.305 1267.52 0.999991 3.20118e-05 -0.00432477 -0.000264613 8.629 24.3146 0 0.999977 0 0 0.00675272 7238.47 -329.739 -168655 0.996963 0.0659578 0.0409876 0.00591353 
1576461902.504982 1576461902.704150 -0.0028443 0.477821 0 0.999986 0 0 0.00531403 -362.48 410.534 2834.82 0.999977 -0.000592707 -0.00672663 -8.11281e-05 8.6197 24.7924 0 0.999927 0 0 0.0120665 7108.5 -300.487 -165770 0.997255 0.0653289 0.0342786 0.00625189 
1576461902.704150 1576461902.804640 -0.000601997 0.307288 0 0.999998 0 0 0.00180625 -156.343 211.074 1538.13 0.999998 -0.000537585 -0.00210099 -0.000201336 8.61168 25.0995 0 0.999904 0 0 0.0138726 7057.27 -293.64 -164211 0.997361 0.0647864 0.0321735 0.00616992 
1576461902.804640 1576461902.905076 -0.000330064 0.283971 0 0.999999 0 0 0.00104057 -154.998 214.271 1579.18 0.999999 -0.000640432 -0.00133907 -0.000486168 8.60348 25.3834 0 0.999889 0 0 0.0149131 7003.47 -287.19 -162611 0.997448 0.064155 0.0308104 0.00575118 
1576461902.905076 1576461903.005026 -0.000148952 0.29832 0 1 0 0 0.000253976 -159.267 219.603 1635.21 1 -0.000346074 -0.000600514 0.000188762 8.59443 25.6816 0 0.999885 0 0 0.015167 6944.58 -280.566 -160954 0.997487 0.0638005 0.0302255 0.00596732 
1576461903.005026 1576461903.106155 -7.57792e-05 0.309215 0 1 0 0 0.000126962 -118.801 240.371 1738.24 1 -1.4134e-05 -0.000351616 0.000558829 8.58498 25.9907 0 0.999883 0 0 0.015294 6930.21 -264.659 -159195 0.997495 0.0637674 0.0299105 0.00654675 
1576461903.106155 1576461903.209446 -4.38199e-05 0.32083 0 1 0 0 0.000102375 -135.685 232.729 1757.42 1 -0.000509671 -7.41778e-05 0.000310126 8.57512 26.3113 0 0.999881 0 0 0.0153964 6898.96 -259.015 -157418 0.997527 0.0632492 0.0298596 0.00684558 
1576461903.209446 1576461903.308849 -0.000105581 0.333323 0 1 0 0 0.000296109 -158.539 240.473 1853.68 1 -6.0846e-05 -0.000209575 -0.000293851 8.56475 26.6445 0 0.999877 0 0 0.0156924 6850.37 -256.402 -155542 0.99754 0.0631959 0.0296324 0.0065639 
1576461903.308849 1576461903.407169 2.13053e-05 0.34637 0 1 -0 0 -8.48259e-05 -171.947 261.92 1940.2 1 -8.02597e-06 9.45953e-05 -0.000536563 8.5539 26.9907 0 0.999878 0 0 0.0156076 6792.61 -243.359 -153578 0.997541 0.0632044 0.0296929 0.00602244 
1576461903.407169 1576461903.508245 0.000107075 0.359824 0 1 0 0 -0.000211676 -89.2017 268.843 2019.13 1 -0.000274053 -0.0001802 7.14051e-05 8.54278 27.3503 0 0.999881 0 0 0.015396 6822.5 -231.975 -151539 0.997563 0.0629278 0.0295193 0.00609692 
1576461903.508245 1576461903.608948 -1.12424e-05 0.373622 0 1 -0 0 -2.5116e-05 -162.964 274.155 2034.02 1 0.000132834 -8.22758e-05 0.000308144 8.53127 27.7238 0 0.999882 0 0 0.0153708 6778.87 -217.237 -149481 0.997555 0.0630507 0.0294558 0.00641341 
1576461903.608948 1576461903.709269 4.57504e-05 0.386833 0 1 -0 0 -0.000120534 -159.379 282.268 2124.25 1 0.000274649 7.75593e-05 3.95879e-05 8.51942 28.1104 0 0.999884 0 0 0.0152503 6743.77 -206.281 -147332 0.997535 0.063324 0.0295339 0.0064561 
1576461903.709269 1576461903.809759 -7.57213e-05 0.399462 0 1 0 0 0.000211973 -185.163 291.93 2194.04 1 3.44987e-05 0.000112979 -0.000466862 8.50716 28.5097 0 0.99988 0 0 0.0154623 6687.35 -196.144 -145112 0.997532 0.0633729 0.0296168 0.00598425 
1576461903.809759 1576461903.910367 0.00120362 0.440787 0 0.999852 0 0 -0.0172026 -186.939 302.848 2238.64 1 7.96045e-06 -1.6562e-05 -0.000866713 8.49474 28.9503 0 0.999998 0 0 -0.00174061 6632.25 -180.929 -142846 0.997537 0.0634064 0.0295453 0.00512096 
1576461903.910367 1576461904.010762 0.0108443 0.446093 0 0.999912 -0 0 -0.0132617 -185.798 301.043 2322.42 1 0.000481473 0.000255114 -0.000210077 8.50713 29.3964 0 0.999887 -0 0 -0.0150021 6583.24 -178.002 -140497 0.9975 0.0638942 0.029784 0.00490945 
1576461904.010762 1576461904.111327 0.000171469 0.438055 0 1 -0 0 -0.000278739 -186.136 291.411 2410.6 1 0.00030117 0.000318981 0.0001426 8.52045 29.8342 0 0.999883 -0 0 -0.0152808 6540.44 -198.088 -138063 0.99747 0.0641919 0.0301098 0.00504028 
1576461904.111327 1576461904.213441 4.46052e-05 0.447373 0 1 -0 0 -0.000125857 -206.776 318.055 2484.92 1 0.00021766 0.000214798 8.12658e-05 8.53416 30.2814 0 0.999881 -0 0 -0.0154067 6482.95 -203.012 -135549 0.99745 0.0644077 0.0303282 0.00511411 
1576461904.213441 1576461904.311841 4.31659e-05 0.451721 0 1 0 0 -9.10137e-05 -182.001 304.286 2515.86 0.999998 0.00180904 0.000225716 -0.000483249 8.54812 30.7329 0 0.99988 -0 0 -0.0154977 6453.25 -226.309 -133009 0.997327 0.0662278 0.0305129 0.00467241 
1576461904.311841 1576461904.412500 0.000334567 0.457419 0 1 -0 0 -0.000723171 -216.918 378.361 2506.64 1 -0.00019847 0.000363042 -0.000117472 8.56263 31.1901 0 0.999868 -0 0 -0.0162207 6388.86 -184.598 -130466 0.997329 0.0660351 0.0308681 0.00452515 
1576461904.412500 1576461904.513250 0.000411006 0.458489 0 1 -0 0 -0.000945241 -171.726 370.253 2599.53 0.999999 -0.00128165 0.000287222 0.000194943 8.57792 31.6483 0 0.999853 -0 0 -0.0171659 6377.25 -161.516 -127835 0.997403 0.0647521 0.0311732 0.00466104 
1576461904.513250 1576461904.613970 -3.29666e-05 0.463911 0 1 0 0 0.000139356 -220.212 368.129 2573.16 1 -0.000789311 0.000194854 -8.71663e-05 8.59381 32.112 0 0.999855 0 0 -0.0170265 6317.1 -131.048 -125227 0.997449 0.0639685 0.0313656 0.00453688 
1576461904.613970 1576461904.716377 -6.73849e-05 0.505796 0 1 0 0 0.000169073 -216.126 360.393 2594.62 1 -0.00051724 -8.86426e-06 -0.000115324 8.61096 32.6175 0 0.999858 0 0 -0.0168575 6263.45 -106.805 -122599 0.997482 0.0634561 0.0313517 0.00440619 
1576461904.716377 1576461904.816717 0.000149074 0.462584 0 1 -0 0 -0.000598802 -218.464 320.923 2591.91 1 -0.000282999 0.000471883 -0.000178754 8.62671 33.0798 0 0.999848 -0 0 -0.0174562 6207.44 -118.669 -119979 0.997486 0.0631815 0.0318123 0.00418907 
1576461904.816717 1576461904.915161 -0.000298352 0.481259 0 1 0 0 0.000540464 -216.533 368.498 2612.77 0.999998 -0.0017438 -3.62516e-05 -0.000470122 8.64321 33.5608 0 0.999857 -0 0 -0.0169158 6156.96 -84.4366 -117332 0.997598 0.0614568 0.0317537 0.00366694 
1576461904.915161 1576461905.016096 -0.000148674 0.467129 0 1 0 0 0.000513339 -187.478 266.264 2708.25 0.999998 -0.00204055 -0.000449852 0.000460235 8.65886 34.0276 0 0.999865 -0 0 -0.0164025 6141.76 -153.745 -114605 0.997733 0.0594047 0.0313406 0.00408891 
1576461905.016096 1576461905.116672 -1.74349e-05 0.468475 0 1 0 0 0.000325763 -184.9 307.593 2639.77 0.999999 0.00155498 -0.000132959 0.000353951 8.67421 34.4959 0 0.999871 -0 0 -0.0160768 6122.23 -162.772 -111941 0.997643 0.0609445 0.0312226 0.00449869 
1576461905.116672 1576461905.218539 -6.04516e-06 0.470753 0 1 0 0 0.00022394 -222.331 309.184 2581.72 0.999997 0.00187636 4.93576e-05 0.00126684 8.68934 34.9664 0 0.999874 0 0 -0.0158529 6061 -171.955 -109332 0.997518 0.0627769 0.0313405 0.0058181 
1576461905.218539 1576461905.317779 -0.000100134 0.473257 0 1 0 0 0.00025194 -179.941 346.148 2673.33 0.999999 0.00127063 -0.000443785 0.000224651 8.70424 35.4394 0 0.999878 0 0 -0.015601 6047.87 -165.195 -106631 0.99745 0.0640347 0.0309045 0.00610987 
1576461905.317779 1576461905.419747 -5.24809e-05 0.47467 0 1 0 0 0.000134556 -232.253 345.322 2632.03 1 0.000547967 -6.46832e-05 -0.000779947 8.719 35.9138 0 0.99988 -0 0 -0.0154665 5977.56 -161.709 -103967 0.997422 0.064605 0.0307867 0.00535299 
1576461905.419747 1576461905.519731 -2.79413e-05 0.475139 0 1 0 0 0.000187236 -231.781 332.916 2688.48 1 4.71133e-05 -0.000254915 0.000438424 8.73366 36.3887 0 0.999883 0 0 -0.0152792 5910.97 -180.584 -101249 0.997424 0.0646371 0.0305605 0.0058082 
1576461905.519731 1576461905.621842 -0.000158068 0.475158 0 1 0 0 0.000501079 -202.08 347.365 2635.81 1 0.000218907 -0.000195959 0.000204926 8.74802 36.8637 0 0.999891 0 0 -0.0147782 5869.3 -178.215 -98583 0.997414 0.064848 0.030377 0.00603195 
1576461905.621842 1576461905.727410 -0.000463123 0.531843 0 1 0 0 0.000810376 -238.737 360.885 2678.01 1 0.000295975 -0.000189359 -0.000101327 8.76328 37.3953 0 0.999902 -0 0 -0.0139679 5792.47 -169.652 -95871.4 0.997402 0.0651452 0.0301798 0.00595216 
1576461905.727410 1576461905.823736 4.43119e-05 0.42424 0 1 -0 0 -0.000205047 -195.144 353.713 2711.02 1 -2.30651e-05 -0.000346092 0.000410941 8.77517 37.8194 0 0.9999 -0 0 -0.014173 5760.2 -173.378 -93130.6 0.997411 0.0651077 0.0298615 0.00638388 
1576461905.823736 1576461905.923227 0.000250082 0.482527 0 1 0 0 -0.000164555 -231.306 343.082 2680.87 1 -0.000418615 -8.76962e-06 0.000170293 8.7891 38.3017 0 0.999897 0 0 -0.0143375 5688.22 -184.243 -90419 0.997437 0.064685 0.0298665 0.0065418 
1576461905.923227 1576461906.027286 -0.000951047 0.543308 0 0.999999 0 0 0.00140316 -237.982 347.325 2734.43 1 -0.000534194 -3.26208e-05 -0.000362686 8.80373 38.8448 0 0.999916 0 0 -0.0129345 5612.72 -195.658 -87653.4 0.997475 0.0641628 0.029814 0.0061662 
1576461906.027286 1576461906.123855 -5.86772e-05 0.433333 0 1 0 0 0.000151382 -244.349 346.965 2725.16 1 -1.84081e-05 -0.000460087 0.000549018 8.81488 39.278 0 0.999918 0 0 -0.0127831 5530.13 -203.34 -84896.6 0.997486 0.0641252 0.0293904 0.0067428 
1576461906.123855 1576461906.224419 0.000242114 0.552208 0 1 0 0 -0.000296824 -154.106 354.661 2784.18 1 0.000273568 -0.000403211 0.000293985 8.82924 39.83 0 0.999914 0 0 -0.0130799 5538.52 -209.352 -82085.7 0.997478 0.0643867 0.0290052 0.00706994 
1576461906.224419 1576461906.324704 -0.00017179 0.50172 0 1 0 0 0.00062308 -246.257 366.652 2822.74 1 0.000384585 -0.000237652 0.000250871 8.84219 40.3316 0 0.999922 0 0 -0.0124569 5454.8 -211.589 -79229.9 0.997459 0.0647614 0.0287816 0.00734664 
1576461906.324704 1576461906.424981 -0.000470641 0.506849 0 1 0 0 0.000972217 -273.59 382.213 2800.44 0.999999 -0.000661998 -0.000416316 -0.000845789 8.85434 40.8383 0 0.999934 0 0 -0.0114847 5340.98 -198.268 -76392.6 0.997519 0.0641223 0.0283164 0.0065109 
1576461906.424981 1576461906.525777 -0.000368401 0.513138 0 1 0 0 0.000820666 -236.888 400.145 2851.45 0.999999 -0.00136017 -0.00063965 -0.000803905 8.86576 41.3513 0 0.999943 0 0 -0.0106641 5264.21 -169.109 -73504.6 0.997628 0.062784 0.0276356 0.00571148 
1576461906.525777 1576461906.626426 -0.000269879 0.520403 0 1 0 0 0.000502828 -299.24 428.328 2973.3 0.999998 -0.00161258 -0.000486197 -0.000747202 8.87659 41.8716 0 0.999948 0 0 -0.0101613 5128.13 -120.161 -70489.2 0.997745 0.061193 0.0271128 0.004952 
1576461906.626426 1576461906.728838 -0.000179925 0.527506 0 1 0 0 0.000948944 -245.134 378.549 2916.57 0.999998 -0.00184663 -0.000659842 -0.000783448 8.88713 42.399 0 0.999958 0 0 -0.0092124 5040.45 -103.061 -67539.4 0.997878 0.0593684 0.0264156 0.00416062 
1576461906.728838 1576461906.829142 -0.000383308 0.535929 0 1 0 0 0.000356748 -292.932 373.976 2926.25 0.999996 -0.00159476 -0.000726345 -0.00199849 8.89662 42.9348 0 0.999961 -0 0 -0.00885566 4901.72 -81.1576 -64578.1 0.997997 0.0578266 0.0255787 0.00216735 
1576461906.829142 1576461906.928162 6.93789e-06 0.54328 0 1 0 0 0.000241942 -236.705 311.475 3050.14 0.999999 0.00109606 -0.000566702 -0.00031711 8.90625 43.478 0 0.999963 0 0 -0.00861373 4821.39 -125.206 -61504.4 0.997948 0.0589273 0.0249924 0.00191168 
1576461906.928162 1576461907.028613 -0.000182902 0.548238 0 1 0 0 0.000412844 -274.366 341.983 3016.3 0.999995 0.00301711 -0.000489999 0.000414112 8.91551 44.0262 0 0.999966 0 0 -0.0082009 4698.21 -141.921 -58458.9 0.997776 0.0619266 0.0245219 0.00242921 
1576461907.028613 1576461907.130918 -3.16475e-05 0.550801 0 1 0 0 0.000203508 -239.221 360.402 3001.1 0.999996 0.00260553 -0.000737268 -0.000198022 8.92451 44.5769 0 0.999968 0 0 -0.0079974 4606.39 -156.686 -55428.2 0.99763 0.0645292 0.0237676 0.00234117 
1576461907.130918 1576461907.229742 0.000482464 0.553219 0 1 0 0 -0.000605305 -283.417 385.433 3015.09 0.999997 0.00213468 -0.000364969 -0.000863617 8.93384 45.13 0 0.999963 0 0 -0.00860268 4466.57 -164.525 -52378.6 0.9975 0.0666783 0.0233427 0.00155388 
1576461907.229742 1576461907.330396 -0.00158623 0.544198 0 0.999998 0 0 0.00222544 -282.856 420.586 3095.09 0.999997 0.00180764 -0.000446157 -0.00184445 8.94162 45.6742 0 0.99998 -0 0 -0.0063773 4328.8 -160.933 -49245.3 0.99739 0.0685236 0.0227718 -0.000214016 
1576461907.330396 1576461907.433016 0.000139018 0.550616 0 1 0 0 0.000169833 -264.804 429.273 3034.82 0.999998 -0.00143202 -0.00110698 0.000482392 8.94878 46.2248 0 0.999981 0 0 -0.00620747 4203.56 -151.262 -46171.5 0.997511 0.0670844 0.0217004 0.000310362 
1576461907.433016 1576461907.531463 -8.80688e-05 0.552598 0 1 0 0 0.000420376 -246.322 410.521 3033.31 0.999995 -0.0024461 -0.0010258 0.00149328 8.95555 46.7773 0 0.999983 0 0 -0.0057871 4089.86 -151.228 -43102.7 0.997693 0.0646114 0.020778 0.00181566 
1576461907.531463 1576461907.631675 -0.000868333 0.556871 0 0.999998 0 0 0.00175439 -264.732 377.982 3185.97 0.999999 -0.000800859 -0.00133142 0.000752676 8.96113 47.3342 0 0.999992 0 0 -0.00403273 3957.84 -188.584 -39886.4 0.997769 0.0637942 0.0194997 0.00263598 
1576461907.631675 1576461907.732055 -0.00100725 0.550475 0 0.999998 0 0 0.00203719 -277.674 411.108 3069.67 0.999998 8.11281e-05 -0.00193007 8.80534e-05 8.96456 47.8846 0 0.999998 0 0 -0.00199555 3799.73 -173.444 -36781 0.997799 0.0638682 0.0175793 0.00284854 
1576461907.732055 1576461907.833166 -0.00125403 0.547472 0 0.999998 0 0 0.00222138 -349.552 328.478 3012.62 0.999998 -0.000229119 -0.00183651 -0.000149742 8.9655 48.4321 0 1 0 0 0.000225832 3556.05 -234.096 -33740.8 0.997845 0.0636369 0.0157379 0.00281239 
1576461907.833166 1576461907.933417 -0.00131893 0.55194 0 0.999997 0 0 0.00251764 -273.305 405.331 3092.75 0.999998 -0.000273093 -0.00220074 0.000155151 8.96393 48.984 0 0.999996 0 0 0.00274347 3379.66 -226.639 -30614.6 0.997894 0.0633556 0.0135525 0.00310295 
1576461907.933417 1576461908.033960 -0.00118095 0.5511 0 0.999998 0 0 0.00215187 -298.279 417.684 3125.85 0.999997 -3.94216e-05 -0.0022508 -0.000153482 8.95972 49.5351 0 0.999988 0 0 0.00489532 3165.41 -209.659 -27454.2 0.997925 0.0633112 0.0112968 0.00309185 
1576461908.033960 1576461908.134751 -0.00147819 0.600025 0 0.999997 0 0 0.00239773 -274.554 425.814 3062.63 0.999998 0.00024234 -0.00217187 -0.000356183 8.95237 50.1351 0 0.999973 0 0 0.00729301 2959.16 -176.133 -24357 0.997933 0.0635502 0.00910611 0.00287664 
1576461908.134751 1576461908.236819 -0.00114843 0.555698 0 0.999998 0 0 0.00200176 -354.681 366.975 3054.49 0.999999 -0.000154093 -0.00170196 -0.000151565 8.94312 50.6907 0 0.999957 0 0 0.0092947 2659.5 -201.839 -21274.8 0.997957 0.0633928 0.00739846 0.00283214 
1576461908.236819 1576461908.337531 -0.00122196 0.560087 0 0.999998 0 0 0.00197669 -291.067 384.885 3119.17 0.999998 -0.000482758 -0.00189866 7.56588e-05 8.93148 51.2507 0 0.999936 0 0 0.0112713 2413.83 -216.5 -18128.1 0.998 0.062905 0.00550983 0.00302443 
1576461908.337531 1576461908.435931 -0.000810016 0.562839 0 0.999999 0 0 0.00161984 -267.346 407.138 3160.29 0.999998 -0.000612641 -0.0017406 0.000537757 8.91799 51.8134 0 0.999917 0 0 0.012891 2180.29 -211.086 -14939.1 0.998044 0.0622852 0.00380838 0.00366722 
1576461908.435931 1576461908.538331 -0.000980891 0.567857 0 0.999999 0 0 0.00161458 -299.211 398.814 3159.43 0.999999 -8.46926e-05 -0.00164431 -0.00039899 8.90237 52.381 0 0.999895 0 0 0.0145054 1903.82 -210.423 -11752.5 0.998056 0.0621961 0.00214274 0.0033711 
1576461908.538331 1576461908.638973 -0.0007385 0.573111 0 0.999999 0 0 0.00141474 -313.782 406.813 3206.9 0.999999 0.000300748 -0.00166878 -0.000267229 8.885 52.9539 0 0.999873 0 0 0.01592 1602.48 -207.053 -8518.72 0.99804 0.0624911 0.00045957 0.00320882 
1576461908.638973 1576461908.738133 -0.000962673 0.577601 0 0.999999 0 0 0.00152342 -280.071 389.413 3206.96 0.999999 5.99803e-05 -0.00160105 -0.000285977 8.86565 53.5311 0 0.999848 0 0 0.0174432 1324.17 -222.517 -5288.08 0.998037 0.0625459 -0.00115641 0.00302348 
1576461908.738133 1576461908.840456 -0.000558486 0.582657 0 1 0 0 0.000895243 -270.744 385.594 3308.37 0.999999 1.219e-05 -0.00142668 -0.00016023 8.84477 54.1134 0 0.999832 0 0 0.0183383 1044.67 -254.601 -1958.2 0.998034 0.0625535 -0.00259035 0.00295278 
1576461908.840456 1576461908.938931 -0.000145335 0.586941 0 1 0 0 9.46489e-05 -308.707 444.016 3241.21 1 0.00054273 -0.000555307 -0.000233288 8.8231 54.7 0 0.99983 0 0 0.018433 717.649 -220.538 1311.33 0.997999 0.0630929 -0.00316076 0.00275328 
1576461908.938931 1576461909.039465 -3.18891e-05 0.590923 0 1 0 0 1.35424e-05 -277.692 429.787 3315.58 1 0.000378582 -0.000157226 -0.000244682 8.80129 55.2905 0 0.99983 0 0 0.0184465 417.668 -213.194 4652.71 0.997975 0.0634695 -0.00333415 0.00251781 
1576461909.039465 1576461909.139860 0.000118495 0.593128 0 1 0 0 -0.000102593 -252.805 421.791 3325.4 1 0.000311252 -3.14369e-05 0.00016209 8.77953 55.8832 0 0.999832 0 0 0.0183439 141.506 -217.295 8002.92 0.997955 0.0637806 -0.00335602 0.00268053 
1576461909.139860 1576461909.241108 0.000254914 0.595147 0 1 -0 0 -0.000707147 -273.713 421.007 3301.49 1 0.000327413 0.000373878 0.000267203 8.75795 56.478 0 0.999844 0 0 0.0176369 -155.615 -221.406 11329.1 0.997934 0.0641092 -0.00296674 0.00292224 
1576461909.241108 1576461909.341308 0.000700296 0.598338 0 1 -0 0 -0.000982061 -261.25 448.452 3362.8 1 3.75033e-05 0.000571791 0.000586622 8.73755 57.076 0 0.999861 0 0 0.016655 -438.294 -208.413 14720 0.997931 0.06415 -0.00235863 0.00347088 
1576461909.341308 1576461909.441837 0.000317885 0.596734 0 1 -0 0 -0.000455855 -218.613 444.341 3377.54 0.999999 -0.000747976 0.000536567 0.00142079 8.71799 57.6724 0 0.999869 0 0 0.0161992 -674.508 -201.686 18125.4 0.997974 0.0634087 -0.00172943 0.00485607 
1576461909.441837 1576461909.542607 0.000161462 0.598783 0 1 0 0 -0.000296244 -240.776 447.838 3370.62 1 -0.000804625 0.000485165 0.000144145 8.69876 58.2709 0 0.999874 0 0 0.015903 -929.269 -186.395 21524.6 0.998025 0.0626083 -0.0012322 0.00497055 
1576461909.542607 1576461909.642836 0.000224847 0.602665 0 1 0 0 -0.000253333 -284.734 421.118 3360.28 0.999999 -0.00138673 0.000497331 -0.000266354 8.67982 58.8732 0 0.999878 0 0 0.0156497 -1224.41 -191.354 24910.3 0.998113 0.0612264 -0.000745633 0.00467529 
1576461909.642836 1576461909.743753 -5.86444e-05 0.602478 0 1 0 0 0.000355659 -295.54 415.363 3364.49 0.999999 -0.000210001 0.000616293 -0.00132065 8.6609 59.4754 0 0.999872 0 0 0.0160053 -1526.93 -193.091 28299.7 0.998131 0.0610186 -0.000210379 0.00331955 
1576461909.743753 1576461909.844170 -0.000311507 0.60553 0 1 0 0 0.000157104 -272.09 405.001 3438.65 0.999999 0.000769925 0.000291771 -0.00104898 8.64121 60.0806 0 0.999869 0 0 0.0161624 -1801.76 -211.776 31761.8 0.998087 0.0617878 1.42833e-05 0.00225456 
1576461909.844170 1576461909.944792 0.000897861 0.673221 0 0.999999 -0 0 -0.00158193 -231.944 415.157 3419.67 0.999999 0.000972178 0.000337989 0.000805133 8.62035 60.7535 0 0.999894 0 0 0.0145806 -2034.52 -222.616 35206.6 0.998024 0.0627588 0.000399181 0.00303728 
1576461909.944792 1576461910.047181 0.00137585 0.609037 0 0.999998 -0 0 -0.0021743 -229.2 454.839 3382.62 0.999998 0.00107554 0.00124586 0.000717362 8.60397 61.3623 0 0.999923 0 0 0.0124065 -2262.46 -196.501 38619.6 0.997952 0.0638356 0.00168433 0.00367546 
1576461910.047181 1576461910.146608 0.00117475 0.603552 0 0.999998 -0 0 -0.0019638 -233.629 434.546 3390.58 0.999998 0.000329003 0.00178717 -0.000577908 8.59017 61.9657 0 0.999945 0 0 0.0104429 -2486.19 -199.223 42038.6 0.997929 0.0641714 0.00342974 0.0029852 
1576461910.146608 1576461910.246386 0.000849392 0.601298 0 0.999999 -0 0 -0.00143159 -283.684 419.383 3366.23 0.999994 0.000346742 0.00250518 -0.00248417 8.57846 62.5669 0 0.999959 0 0 0.00901133 -2747.84 -216.183 45432.6 0.997899 0.064533 0.00576926 0.000346586 
1576461910.246386 1576461910.346947 0.0012421 0.608792 0 0.999998 -0 0 -0.00211643 -243.515 410.292 3412.03 0.999997 1.20603e-05 0.00241447 -0.0010512 8.56873 63.1756 0 0.999976 0 0 0.00689497 -2951.88 -249.097 48871.6 0.997881 0.0645517 0.00811079 -0.00085815 
1576461910.346947 1576461910.449323 0.00172472 0.613187 0 0.999995 -0 0 -0.00313025 -193.305 418.702 3418.02 0.999996 0.000469744 0.00237684 0.00115771 8.562 63.7888 0 0.999993 0 0 0.00376477 -3089.05 -274.147 52317.7 0.997829 0.0650088 0.0105577 0.000147492 
1576461910.449323 1576461910.551968 0.00218899 0.61522 0 0.999995 -0 0 -0.00324903 -184.247 432.256 3432.07 0.999994 0.000608927 0.00298948 0.00143763 8.55955 64.404 0 1 0 0 0.000515744 -3200.42 -291.102 55780 0.997752 0.0656013 0.013634 0.00139409 
1576461910.551968 1576461910.657534 0.00235367 0.674425 0 0.999994 -0 0 -0.00340582 -202.594 456.343 3536.89 0.999993 0.000443682 0.00363166 -0.00022687 8.56121 65.0784 0 0.999996 -0 0 -0.00289008 -3306.51 -302.486 59350.4 0.997667 0.0660517 0.0172419 0.000935528 
1576461910.657534 1576461910.759492 0.00194667 0.626265 0 0.999995 -0 0 -0.00318681 -231.175 464.041 3707.59 0.999993 0.000154183 0.00383489 -0.000424837 8.56678 65.7047 0 0.999982 -0 0 -0.00607687 -3409.35 -331.976 63092.5 0.997583 0.0662159 0.0210395 0.000261032 
1576461910.759492 1576461910.860066 0.00201484 0.628533 0 0.999995 -0 0 -0.0032452 -214.341 451.204 3510.4 0.999993 0.000122668 0.00380393 3.37727e-05 8.57643 66.3331 0 0.999957 -0 0 -0.00932198 -3475 -349.164 66637.6 0.997488 0.0663381 0.0248363 4.54213e-05 
1576461910.860066 1576461910.960093 0.00241865 0.633919 0 0.999991 -0 0 -0.00417776 -191.105 454.265 3543.6 0.999991 -0.00039719 0.0040568 0.000806188 8.59067 66.9669 0 0.999909 -0 0 -0.0134995 -3488.81 -368.508 70215.2 0.997405 0.0659215 0.0289362 0.000570598 
1576461910.960093 1576461911.060282 0.002838 0.633535 0 0.99999 -0 0 -0.00452319 -127.21 454.459 3489.8 0.999992 0.000176975 0.00389876 0.00060824 8.61061 67.6001 0 0.999838 -0 0 -0.0180221 -3412.89 -377.426 73736 0.997272 0.0660821 0.0328646 0.000925364 
1576461911.060282 1576461911.160840 0.00213586 0.634727 0 0.999993 -0 0 -0.00380975 -196.649 490.853 3553.97 0.999991 6.92647e-05 0.00422771 0.000217236 8.63562 68.2344 0 0.999762 -0 0 -0.0218311 -3374.49 -360.289 77328.8 0.99712 0.0661474 0.0370948 0.0008649 
1576461911.160840 1576461911.260226 0.00218551 0.637945 0 0.999993 -0 0 -0.00383774 -238.625 487.729 3559.82 0.999991 -0.00112161 0.00413635 -2.02773e-05 8.66565 68.8716 0 0.999671 -0 0 -0.0256678 -3347.16 -347.772 80929.7 0.997031 0.0650327 0.0412185 0.000529458 
1576461911.260226 1576461911.360917 0.00265953 0.63955 0 0.999991 -0 0 -0.00423325 -184.693 443.987 3537.45 0.999992 -0.00102038 0.0039903 -7.1782e-05 8.70112 69.5102 0 0.999553 -0 0 -0.0298994 -3238.32 -367.306 84498 0.996925 0.0640199 0.0451925 0.000156326 
1576461911.360917 1576461911.461340 0.00250389 0.641081 0 0.999993 -0 0 -0.00374435 -218.804 463.984 3501.4 0.999991 -0.000333789 0.00418442 -0.000444937 8.74194 70.15 0 0.999434 -0 0 -0.0336419 -3138.12 -355.35 88035.3 0.996748 0.0637073 0.0493352 -0.000570215 
1576461911.461340 1576461911.565842 0.0030252 0.713302 0 0.999991 -0 0 -0.00423171 -230.12 456.944 3579.32 0.99999 -0.00111451 0.00418564 -0.000611307 8.79293 70.8614 0 0.999283 -0 0 -0.0378709 -3011.96 -358.077 91648.8 0.996603 0.0626236 0.0534672 -0.00150117 
1576461911.565842 1576461911.666402 0.00242458 0.643614 0 0.999992 -0 0 -0.00398667 -211.703 452.859 3752.85 0.999991 -0.000922575 0.0040239 -0.000129273 8.84406 71.503 0 0.999124 -0 0 -0.0418544 -2818.82 -378.595 95429.8 0.996437 0.0617045 0.0574675 -0.00193131 
1576461911.666402 1576461911.771338 0.00238133 0.644263 0 0.999993 -0 0 -0.00369867 -220.265 488.015 3583.39 0.999992 -0.000323337 0.00385396 0.000699304 8.90032 72.1448 0 0.998962 -0 0 -0.0455495 -2622.76 -336.457 99047.4 0.996229 0.0613342 0.0613498 -0.00149087 
1576461911.771338 1576461911.870999 0.0024782 0.645108 0 0.999993 -0 0 -0.00387083 -213.478 440.635 3676.31 0.999993 -0.000176834 0.00370609 0.000280084 8.96149 72.787 0 0.998778 -0 0 -0.049416 -2381.3 -350.05 102748 0.996006 0.0611349 0.0650584 -0.00144999 
1576461911.870999 1576461911.971495 0.00238353 0.646029 0 0.999993 -0 0 -0.00369118 -218.425 437.787 3605.68 0.999994 0.000348087 0.00344318 0.000246418 9.02763 73.4297 0 0.998589 -0 0 -0.0531023 -2126.48 -356.429 106378 0.995755 0.0614602 0.068503 -0.0013924 
1576461911.971495 1576461912.072261 0.0019837 0.643812 0 0.999996 -0 0 -0.00269391 -186.919 479.144 3578.87 0.999995 0.000170399 0.00311938 -0.000589434 9.09788 74.0696 0 0.998442 -0 0 -0.0557922 -1818.64 -320.693 109980 0.995525 0.0616656 0.0715728 -0.00215937 
1576461912.072261 1576461912.174695 0.00185037 0.696882 0 0.999996 -0 0 -0.00279232 -245.872 455.306 3569.02 0.999995 -0.000631889 0.00298087 -0.00025306 9.17736 74.762 0 0.998283 -0 0 -0.05858 -1548.37 -309.272 113577 0.995345 0.0610479 0.074523 -0.00264033 
1576461912.174695 1576461912.274332 0.00167356 0.586286 0 0.999996 -0 0 -0.00272928 -223.195 433.62 3574.62 0.999995 -0.000367638 0.00297965 0.000505582 9.2476 75.344 0 0.998119 -0 0 -0.0613044 -1233.7 -315.569 117171 0.995143 0.0606362 0.0775184 -0.00234639 
1576461912.274332 1576461912.374227 0.00190582 0.693808 0 0.999997 -0 0 -0.00259854 -283.606 481.435 3577.75 0.999995 -0.000203425 0.00276829 0.0014584 9.3344 76.0324 0 0.997956 -0 0 -0.0638978 -956.154 -272.098 120781 0.994939 0.0603139 0.0803608 -0.00107869 
1576461912.374227 1576461912.477919 0.00115601 0.639537 0 0.999998 -0 0 -0.00184137 -259.823 433.114 3530.54 0.999997 -0.000975185 0.00209212 0.000346039 9.41711 76.6666 0 0.997837 -0 0 -0.0657353 -643.389 -268.435 124334 0.994827 0.0593134 0.0824619 -0.000938949 
1576461912.477919 1576461912.575551 0.000931673 0.634056 0 0.999999 -0 0 -0.00151804 -222.823 437.259 3516.05 0.999998 -0.000489363 0.00190299 -0.000922267 9.50121 77.295 0 0.997736 -0 0 -0.06725 -281.597 -251.502 127865 0.994696 0.0589007 0.0842997 -0.00200967 
1576461912.575551 1576461912.677742 0.00120667 0.63356 0 0.999998 -0 0 -0.00198644 -218.579 404.292 3537.63 0.999998 -0.000246895 0.00171955 3.74913e-05 9.58743 77.9227 0 0.997601 -0 0 -0.0692318 101.005 -267.041 131412 0.994564 0.0586484 0.0860117 -0.00209447 
1576461912.677742 1576461912.778684 0.000988417 0.632271 0 0.999999 -0 0 -0.00158482 -341.991 461.003 3602.24 0.999998 -0.000161241 0.00187961 0.000236286 9.67574 78.5488 0 0.99749 -0 0 -0.0708127 386.066 -232.771 135048 0.994411 0.0584637 0.0878945 -0.00198357 
1576461912.778684 1576461912.877083 0.000780248 0.629587 0 0.999999 -0 0 -0.00102243 -284.065 401.541 3534.21 0.999999 0.000497426 0.00144284 0.000372893 9.76545 79.1719 0 0.997417 -0 0 -0.0718326 729.086 -247.946 138600 0.994254 0.0589226 0.0893519 -0.00165339 
1576461912.877083 1576461912.979368 0.000868196 0.626203 0 0.999999 -0 0 -0.00147811 -234.882 433.792 3432.03 0.999999 0.000460589 0.00118962 -8.33685e-05 9.85605 79.7915 0 0.997309 -0 0 -0.0733068 1113.07 -222.008 142046 0.99412 0.059386 0.0905305 -0.00176522 
1576461912.979368 1576461913.079215 0.000752479 0.625082 0 0.999999 -0 0 -0.00124597 -254.918 390.868 3438.48 0.999999 0.000214246 0.00123037 0.000174998 9.94819 80.4098 0 0.997217 -0 0 -0.0745493 1486.1 -242.839 145496 0.993995 0.0595809 0.0917643 -0.00164492 
1576461913.079215 1576461913.180159 0.000722671 0.620546 0 0.999999 -0 0 -0.00107423 -270.953 441.893 3431.84 0.999999 0.000370029 0.00125226 0.000135469 10.0412 81.0233 0 0.997137 -0 0 -0.0756205 1851.38 -213.687 148947 0.993858 0.0599342 0.0930177 -0.00155092 
1576461913.180159 1576461913.280874 0.000652549 0.618225 0 0.999999 -0 0 -0.00120641 -228.158 421.925 3466.21 0.999999 -0.000127554 0.00112561 -7.38172e-05 10.135 81.6344 0 0.997045 -0 0 -0.0768234 2273.41 -210.573 152421 0.99376 0.0598125 0.0941317 -0.00170361 
1576461913.280874 1576461913.381770 0.000719047 0.616575 0 1 0 0 -0.000793022 -248.28 420.284 3470.96 0.999999 -0.000326018 0.00091986 0.00025526 10.2302 82.2436 0 0.996983 0 0 -0.0776141 2684.36 -208.99 155902 0.993693 0.0594629 0.0950605 -0.00153565 
1576461913.381770 1576461913.481597 0.000490406 0.611918 0 1 -0 0 -0.000696646 -258.422 440.708 3416.5 0.999999 2.09559e-05 0.000955208 0.000451484 10.3254 82.8481 0 0.996929 -0 0 -0.0783086 3081.76 -178.278 159333 0.993601 0.0594393 0.0960365 -0.00114182 
1576461913.481597 1576461913.581641 0.000702775 0.609592 0 0.999999 -0 0 -0.00123854 -247.388 398.57 3407.47 0.999999 -0.000291032 0.000967387 0.000308016 10.4213 83.4501 0 0.996831 -0 0 -0.0795433 3494.22 -188.019 162748 0.993525 0.0591194 0.0970156 -0.000921225 
1576461913.581641 1576461913.683223 0.000897766 0.604634 0 0.999999 -0 0 -0.00146253 -268.85 423.796 3389.3 0.999999 0.000506351 0.00142603 -0.000521722 10.518 84.0469 0 0.996714 -0 0 -0.0810011 3889.07 -168.536 166151 0.993355 0.0596717 0.0984019 -0.00147475 
1576461913.683223 1576461913.783052 0.000481766 0.601242 0 1 -0 0 -0.000743872 -225.647 423.098 3351.7 0.999999 0.000441536 0.00119194 -0.0006508 10.6156 84.6402 0 0.996653 -0 0 -0.0817425 4328.66 -148.76 169508 0.993209 0.0601725 0.0995476 -0.0021489 
1576461913.783052 1576461913.883799 0.000566896 0.59917 0 1 -0 0 -0.000826515 -275.987 434.343 3288.38 0.999997 -0.000652367 0.00136854 -0.00168185 10.7138 85.2312 0 0.996586 -0 0 -0.0825662 4714.61 -114.154 172814 0.993106 0.0596889 0.100804 -0.00396661 
1576461913.883799 1576461913.984637 0.000744039 0.657438 0 0.999999 -0 0 -0.00131604 -250.409 419.723 3322.11 0.999999 -0.000988841 0.00112336 -0.000863668 10.8227 85.8796 0 0.996476 -0 0 -0.0838777 5141.23 -94.984 176145 0.993047 0.0587894 0.101864 -0.00499105 
1576461913.984637 1576461914.084767 0.000913278 0.587844 0 0.999999 -0 0 -0.00131711 -246.283 392.065 3232.09 1 0.00026413 0.000923874 0.00017443 10.9219 86.459 0 0.996365 -0 0 -0.0851901 5560.64 -86.8267 179383 0.992938 0.0590293 0.102793 -0.00484524 
1576461914.084767 1576461914.185212 0.000479258 0.583123 0 1 -0 0 -0.00086417 -240.124 376.058 3223.84 1 5.42084e-05 0.000342371 -2.61368e-06 11.0213 87.0336 0 0.996291 -0 0 -0.0860511 5990.04 -95.1367 182609 0.992899 0.0590817 0.103133 -0.00486247 
1576461914.185212 1576461914.284349 5.62273e-05 0.578921 0 1 0 0 0.000105716 -308.008 374.286 3161.56 0.999999 -0.000117186 6.1157e-05 -0.00123711 11.1207 87.6039 0 0.9963 0 0 -0.0859458 6342.45 -98.3599 185788 0.992893 0.0590926 0.10312 -0.00610649 
1576461914.284349 1576461914.384895 -5.26205e-05 0.57266 0 1 0 0 7.82648e-05 -326.206 387.142 3087.63 1 0.0004657 -0.000316803 -0.000647658 11.2187 88.1681 0 0.996307 0 0 -0.0858678 6662.66 -80.1782 188900 0.992894 0.0596237 0.10277 -0.0066828 
1576461914.384895 1576461914.487230 -0.00105646 0.566701 0 0.999998 0 0 0.00203004 -311.786 388.035 3127.03 0.999999 0.000452622 -0.00135226 -0.000389611 11.3146 88.7267 0 0.996479 0 0 -0.0838451 7003.06 -69.1558 192048 0.993002 0.0601221 0.101407 -0.00694249 
1576461914.487230 1576461914.585893 -0.00103531 0.562422 0 0.999998 0 0 0.00204837 -352.251 367.994 3070.12 0.999998 -0.000809439 -0.00196673 0.000265866 11.4076 89.2814 0 0.996648 0 0 -0.0818038 7283.39 -74.1998 195148 0.99325 0.0593049 0.0994642 -0.00664231 
1576461914.585893 1576461914.686443 -0.00135724 0.558169 0 0.999997 0 0 0.00248187 -324.08 380.161 3093.36 0.999996 -0.000401112 -0.00265167 -0.000129801 11.4972 89.8323 0 0.996848 0 0 -0.07933 7584.02 -64.807 198267 0.993533 0.0589368 0.0968197 -0.00665385 
1576461914.686443 1576461914.788577 -0.00179632 0.553038 0 0.999994 0 0 0.00344498 -320.823 346.437 3129.61 0.999995 -6.50702e-05 -0.00306791 0.000160825 11.5829 90.3786 0 0.997116 0 0 -0.0758954 7877.42 -90.7723 201418 0.99383 0.0588767 0.0937802 -0.00631952 
1576461914.788577 1576461914.887572 -0.00198532 0.546664 0 0.999994 0 0 0.00360045 -343.032 341.371 3029.16 0.999993 0.000344231 -0.00367337 4.83488e-05 11.6637 90.9193 0 0.997383 0 0 -0.0723048 8110.9 -109.359 204477 0.994148 0.0592371 0.0901339 -0.00602287 
1576461914.887572 1576461914.988013 -0.00175196 0.546322 0 0.999995 0 0 0.00323352 -351.143 353.823 2998.21 0.999995 -0.000212284 -0.0032144 -0.000166393 11.7408 91.4602 0 0.997611 0 0 -0.0690794 8308.68 -113.976 207510 0.994444 0.0590601 0.0869267 -0.00601698 
1576461914.988013 1576461915.088496 -0.00182615 0.53646 0 0.999994 0 0 0.00334257 -357.094 403.15 2973.73 0.999996 -0.000177027 -0.00283275 -0.000278828 11.8129 91.9918 0 0.997836 0 0 -0.0657444 8477.98 -65.478 210527 0.994695 0.0589251 0.0840918 -0.00614232 
1576461915.088496 1576461915.191028 -0.00147897 0.527975 0 0.999996 0 0 0.00283398 -315.516 384.71 2988.25 0.999994 -0.000917558 -0.00325026 0.000586492 11.8807 92.5154 0 0.998019 0 0 -0.0629163 8673.21 -36.1248 213549 0.99502 0.0579827 0.0808872 -0.00544454 
1576461915.191028 1576461915.289700 -0.00174157 0.528155 0 0.999995 0 0 0.00322525 -304.623 368.787 2973.16 0.999995 -0.000841515 -0.00299294 0.000348538 11.9453 93.0396 0 0.998217 0 0 -0.0596971 8856.75 -15.0829 216555 0.995308 0.0571332 0.0779244 -0.00499224 
1576461915.289700 1576461915.390260 -0.00160362 0.521775 0 0.999996 0 0 0.00295111 -331.71 325.837 2901.12 0.999996 -0.000924813 -0.00278267 0.000210511 12.0059 93.5578 0 0.998388 0 0 -0.056751 8983.59 -23.2488 219491 0.995575 0.05621 0.0751619 -0.00469578 
1576461915.390260 1576461915.490619 -0.001386 0.519664 0 0.999997 0 0 0.0025605 -333.534 343.645 2883.41 0.999997 -0.00035086 -0.00242797 -1.57396e-05 12.0634 94.0743 0 0.99853 0 0 -0.0541944 9089.96 -6.2431 222412 0.995774 0.0558731 0.0727419 -0.00460133 
1576461915.490619 1576461915.593192 -0.00112243 0.51542 0 0.999998 0 0 0.00210931 -298.12 329.906 2883.05 0.999997 0.000669727 -0.00233656 0.000317279 12.1181 94.5868 0 0.998642 0 0 -0.0520881 9216.89 -0.840072 225326 0.995905 0.0565275 0.0704358 -0.00410611 
1576461915.593192 1576461915.691716 -0.00119853 0.50926 0 0.999997 0 0 0.00224217 -287.953 344.291 2810.23 0.999996 0.00181244 -0.00217499 0.000504452 12.1699 95.0934 0 0.998757 0 0 -0.0498488 9330.32 23.267 228169 0.995954 0.0583057 0.0683054 -0.0033531 
1576461915.691716 1576461915.799011 -0.00120276 0.546267 0 0.999997 0 0 0.00224787 -315.04 326.013 2801.05 0.999998 0.000479786 -0.00173872 0.000208315 12.2231 95.6371 0 0.998866 0 0 -0.0476036 9403.01 20.0549 231006 0.996043 0.058775 0.0665873 -0.00301147 
1576461915.799011 1576461915.895043 -0.000791363 0.497788 0 0.999999 0 0 0.00152213 -298.856 357.952 2804.81 0.999999 5.35425e-05 -0.00163197 -6.0578e-05 12.2696 96.1327 0 0.998938 0 0 -0.0460832 9482.82 45.4548 233848 0.996147 0.0588372 0.0649583 -0.00297232 
1576461915.895043 1576461915.993446 -0.000598814 0.447863 0 0.999999 0 0 0.00132922 -268.827 341.107 2797.39 0.999999 0.000282458 -0.00142593 0.000483104 12.3103 96.5787 0 0.998998 0 0 -0.0447553 9581.94 54.7373 236677 0.996224 0.0590914 0.0635671 -0.00238883 
1576461915.993446 1576461916.093683 -0.000729791 0.482208 0 0.999999 0 0 0.00153655 -321.483 351.038 2710.6 0.999999 -2.62533e-05 -0.00118236 -0.000251631 12.3527 97.059 0 0.999066 0 0 -0.0432203 9609.91 82.4754 239429 0.996299 0.059084 0.0623742 -0.00257131 
1576461916.093683 1576461916.196051 -0.000897241 0.509673 0 0.999999 0 0 0.00169853 -261.357 324.047 2706.45 0.999999 -0.000881618 -0.00122654 -0.000495074 12.3958 97.5669 0 0.999138 0 0 -0.0415233 9690.19 84.1679 242166 0.996425 0.0582396 0.0611206 -0.00304707 
1576461916.196051 1576461916.303193 -0.000457271 0.457984 0 1 0 0 0.000948872 -241.018 323.117 2685.63 0.999999 -0.00102709 -0.000924175 -0.000707922 12.4333 98.0233 0 0.999176 0 0 -0.0405752 9781.41 92.1326 244880 0.996538 0.0572622 0.0601553 -0.00376141 
1576461916.303193 1576461916.399247 -0.000177627 0.443008 0 1 0 0 0.000247255 -260.69 319.286 2660.03 1 -0.000213826 -0.000555106 -0.000473603 12.4691 98.4649 0 0.999186 0 0 -0.0403281 9844.98 104.686 247571 0.996582 0.0570797 0.0595742 -0.00421445 
1576461916.399247 1576461916.499938 2.99683e-05 0.424539 0 1 0 0 6.76833e-05 -204.091 286.17 2456.79 1 0.000156882 -0.000301512 0.000578961 12.5033 98.8881 0 0.999189 0 0 -0.0402605 9937.24 108.567 250051 0.996593 0.0572028 0.0593074 -0.00361091 
1576461916.499938 1576461916.602466 5.35755e-05 0.409462 0 1 -0 0 -0.000186437 -158.888 304.885 2412.89 1 -0.000191371 -0.000154594 0.000389652 12.5363 99.2962 0 0.999182 -0 0 -0.0404468 10068 135.373 252485 0.996614 0.0569895 0.0591749 -0.00322509 
1576461916.602466 1576461916.702848 8.42229e-05 0.392817 0 1 0 0 -9.12958e-05 -194.653 270.575 2288.46 1 -0.000477657 0.000286688 -0.00032575 12.5681 99.6877 0 0.999178 0 0 -0.040538 10147.3 143.296 254796 0.996623 0.0565318 0.0594405 -0.00359434 
1576461916.702848 1576461916.803000 6.78714e-05 0.376037 0 1 0 0 -0.000124932 -183.844 250.294 2174.21 1 -0.000359861 -6.29989e-05 -0.000308172 12.5987 100.063 0 0.999173 0 0 -0.0406628 10225 146.143 256991 0.996646 0.0561917 0.059359 -0.0039193 
1576461916.803000 1576461916.902034 0.000126601 0.3594 0 1 -0 0 -0.000329415 -156.16 257.395 2102.65 1 -1.98564e-05 -2.13719e-05 -0.000288421 12.628 100.421 0 0.999159 -0 0 -0.040992 10321.5 165.594 259113 0.996647 0.0561891 0.0593214 -0.00420673 
1576461916.902034 1576461917.002800 0.000173005 0.343113 0 1 -0 0 -0.000448797 -142.084 241.209 1994.2 1 -0.000283743 1.59961e-05 0.000728874 12.6563 100.763 0 0.999141 -0 0 -0.0414404 10418.9 181.167 261124 0.996665 0.055863 0.0593771 -0.00349803 
1576461917.002800 1576461917.103081 -1.07257e-05 0.32597 0 1 0 0 0.000102328 -159.888 215.145 1873.62 1 -0.000331663 3.7873e-05 0.000585952 12.6833 101.088 0 0.999145 0 0 -0.0413382 10484.1 185.606 263016 0.996683 0.0554975 0.0594464 -0.00293584 
1576461917.103081 1576461917.203349 -9.35385e-05 0.309844 0 1 0 0 0.000364159 -151.984 192.12 1789.49 1 -0.000308427 -0.000148378 5.76211e-05 12.7088 101.396 0 0.99916 0 0 -0.0409743 10547.1 177.835 264821 0.996709 0.0551871 0.0593008 -0.00288851 
1576461917.203349 1576461917.305938 -0.000103865 0.326513 0 1 0 0 0.000293044 -146.9 180.257 1712.19 1 -1.0827e-05 3.89852e-05 -0.000500754 12.7354 101.722 0 0.999172 0 0 -0.0406815 10605.3 167.93 266548 0.996706 0.0552059 0.059312 -0.00339041 
1576461917.305938 1576461917.404702 -5.7897e-05 0.24243 0 1 0 0 0.000215058 -128.843 200.566 1600.62 1 0.000263726 -0.000131881 -0.000580185 12.755 101.963 0 0.999181 0 0 -0.0404666 10668.7 190.506 268165 0.996697 0.0555036 0.0591494 -0.00394576 
1576461917.404702 1576461917.505263 -5.46238e-05 0.292584 0 1 0 0 0.000127484 -112.047 174.7 1536.37 1 -9.22428e-05 -8.98276e-05 0.000118713 12.7786 102.255 0 0.999186 -0 0 -0.0403392 10740.4 193.568 269713 0.996708 0.055405 0.0590661 -0.00382791 
1576461917.505263 1576461917.605741 1.54395e-05 0.242178 0 1 0 0 -7.42818e-05 -116.315 185.036 1445.44 1 0.000262492 -2.67329e-05 0.000146488 12.7982 102.496 0 0.999183 0 0 -0.0404135 10797.1 217.293 271174 0.996696 0.0556581 0.0590486 -0.00366492 
1576461917.605741 1576461917.806822 -0.000192839 0.438374 0 1 0 0 0.000660481 -206.16 296.671 2590.94 1 0.000162852 -0.000601464 -0.00016476 12.8334 102.933 0 0.99921 0 0 -0.0397535 10900.4 223.687 273788 0.996721 0.0558323 0.0584405 -0.00378604 
1576461917.806822 1576461918.008199 -0.000338966 0.378721 0 0.999999 0 0 0.00103224 -204.058 252.953 2218.72 1 0.000432558 -0.000591944 0.000124671 12.8631 103.311 0 0.99925 0 0 -0.0387221 10958.9 227.341 276029 0.996732 0.0562584 0.0578591 -0.00360345 
1576461918.008199 1576461918.108701 -2.07087e-05 0.173031 0 1 0 0 0.000126911 -97.8657 102.435 968.835 1 0.000424101 -0.000282004 0.000423992 12.8765 103.483 0 0.999255 0 0 -0.0385952 10974.4 220.133 277008 0.996726 0.0566576 0.0576034 -0.00314044 
1576461918.108701 1576461918.310089 -0.000127702 0.325869 0 1 0 0 0.00053106 -149.251 220.143 1885.64 0.999999 0.000980906 -0.000684352 -7.54895e-05 12.9015 103.808 0 0.999275 0 0 -0.0380646 11044.8 225.164 278911 0.996708 0.0576417 0.05692 -0.0031204 
1576461918.310089 1576461918.510765 -0.000270161 0.309663 0 1 0 0 0.000695445 -186.646 221.661 1743.32 1 0.000373794 -0.000501694 -0.000612722 12.9248 104.117 0 0.999302 0 0 -0.0373696 11059.4 244.35 280678 0.996713 0.0580507 0.0563858 -0.00368091 
1576461918.510765 1576461918.812873 -0.000240177 0.440514 0 1 0 0 0.000489563 -219.926 270.882 2500.48 0.999999 0.000702363 -0.00103743 0.0010478 12.9575 104.556 0 0.99932 0 0 -0.0368804 11124.6 223.181 283202 0.996733 0.0586954 0.0554151 -0.00253672 
1576461918.812873 1576461919.016013 -0.000157195 0.274914 0 1 0 0 0.000476426 -119.604 63.3092 1492.95 0.999989 0.00461569 -0.000579995 -4.16741e-05 12.9776 104.831 0 0.999337 0 0 -0.0364043 11171 110.774 284696 0.996484 0.0632992 0.0548457 -0.00228841 
1576461919.016013 1576461919.317186 -0.000752834 0.379169 0 0.999999 0 0 0.00119161 -265.733 386.123 2105.02 0.999996 -0.00209671 -0.00119151 -0.00145771 13.0044 105.209 0 0.99938 0 0 -0.0352135 11140.8 227.082 286850 0.996675 0.0612923 0.0535611 -0.00378056 
1576461919.317186 1576461919.517041 -8.08428e-05 0.262926 0 1 0 0 0.000610826 -103.63 222.064 1518.88 0.999997 -0.00137135 -0.00101436 0.00158017 13.0228 105.471 0 0.999401 0 0 -0.034603 11202.3 261.385 288387 0.996816 0.0598445 0.0526416 -0.00221691 
1576461919.517041 1576461919.820565 -0.000508856 0.380038 0 0.999999 0 0 0.00122751 -211.055 232.019 2172.61 0.999999 0.000792373 -0.0011498 0.000157148 13.0486 105.85 0 0.999443 0 0 -0.0333762 11222.4 231.627 290581 0.996829 0.0606286 0.0515066 -0.00194974 
1576461919.820565 1576461920.120451 -0.000533579 0.318538 0 0.999998 0 0 0.00187821 -156.703 255.446 1893.9 0.999998 -0.000332904 -0.00133842 -0.00139951 13.0693 106.168 0 0.999504 0 0 -0.031499 11263.1 255.523 292498 0.996913 0.0603713 0.0500868 -0.00328081 
1576461920.120451 1576461920.526827 -0.000149326 0.294223 0 1 0 0 0.000421727 -140.411 208.194 1645.86 0.999999 0.00015577 -0.000911859 0.0013154 13.0877 106.462 0 0.999517 -0 0 -0.0310775 11289.7 263.61 294163 0.996952 0.0604636 0.0492576 -0.00190661 
1576461920.526827 1576461921.434185 -0.000293264 0.295399 0 1 0 0 0.000779092 -161.776 175.505 1665.95 0.999997 0.00196306 -0.00126153 -0.000197699 13.1058 106.757 0 0.999541 0 0 -0.0302987 11293.7 236.323 295846 0.996893 0.0624327 0.0479916 -0.00193073 
1576461921.434185 1576461922.240057 -0.000760132 0.37046 0 0.999998 0 0 0.00192551 -217.414 272.809 2133.71 0.999998 0.000936351 -0.00117415 0.000995912 13.1275 107.126 0 0.999597 0 0 -0.0283741 11283.6 240.543 298008 0.996891 0.0633205 0.046885 -0.000819667 
1576461922.240057 1576461922.743523 -0.000366888 0.296233 0 1 0 0 0.000786927 -160.643 176.442 1725.29 0.999998 -0.000278895 -0.00122357 0.00142127 13.1439 107.422 0 0.999619 -0 0 -0.0275874 11286.1 196.933 299749 0.996965 0.0629767 0.0457549 0.000661584 
1576461922.743523 1576461923.452868 -0.00121257 0.39377 0 0.999995 0 0 0.00328765 -233.102 217.234 2210.88 0.999997 -0.00221281 -0.00135642 6.97373e-05 13.1644 107.815 0 0.999705 0 0 -0.0243009 11256.8 133.304 301981 0.997163 0.0607663 0.0444083 0.000715283 
1576461923.452868 1576461923.754246 -0.000312451 0.283178 0 0.999999 0 0 0.00142311 -182.091 250.237 1554.94 0.999976 0.00687599 -0.00103488 0.000168385 13.1778 108.098 0 0.999738 0 0 -0.0228782 11214.3 192.11 303565 0.996767 0.0676131 0.0433806 0.00125141 
1576461923.754246 1576461924.057599 -0.00101861 0.342307 0 0.999995 0 0 0.00311744 -232.465 219.218 1879.46 0.999997 -0.00128113 -0.00225097 0.000375879 13.1925 108.44 0 0.999805 0 0 -0.0197614 11146.3 154.252 305470 0.996948 0.0663168 0.0411638 0.00172269 
1576461924.057599 1576461924.357996 -0.000967722 0.37634 0 0.999995 0 0 0.0030602 -256.955 276.199 2110.41 0.999991 -8.6545e-05 -0.00390041 0.00171214 13.2064 108.816 0 0.999861 0 0 -0.0167017 11064.5 146.977 307612 0.997102 0.0661527 0.0373886 0.00368469 
1576461924.357996 1576461924.558758 -0.0016319 0.301529 0 0.999986 0 0 0.00528328 -299.694 194.882 1624.59 0.999991 0.00159785 -0.00386058 -0.000765944 13.2148 109.118 0 0.999935 0 0 -0.011419 10887.1 122.591 309266 0.997134 0.0677597 0.0334823 0.00323606 
1576461924.558758 1576461924.760374 -0.00137731 0.336349 0 0.999991 0 0 0.0041403 -156.244 303.928 2001.84 0.999985 -0.00116589 -0.00514454 0.00160315 13.2211 109.454 0 0.999974 0 0 -0.00727883 10865.2 151.927 311297 0.997365 0.0665258 0.0284644 0.00514412 
1576461924.760374 1576461924.961437 -0.00247777 0.356857 0 0.999974 0 0 0.00714718 -365.008 243.079 2030.05 0.999982 -0.000235301 -0.00585057 -0.00094198 13.2239 109.811 0 1 0 0 -0.000131656 10615.9 118.918 313358 0.997535 0.0662867 0.0225673 0.00458705 
1576461924.961437 1576461925.162419 -0.00267522 0.370266 0 0.999973 0 0 0.00736256 -318.753 251.547 2042.09 0.999976 0.000301159 -0.00690355 -0.000530085 13.2213 110.181 0 0.999974 0 0 0.0072309 10389.1 94.7376 315428 0.997649 0.0665658 0.0156437 0.00452257 
1576461925.162419 1576461925.263069 -0.000733221 0.191698 0 0.999993 0 0 0.00387022 -157.321 155.82 1111.1 0.999993 -0.000277201 -0.00366039 -8.37495e-05 13.2178 110.373 0 0.999938 0 0 0.011101 10266.1 100.006 316554 0.997719 0.0662736 0.0119875 0.00467831 
1576461925.263069 1576461925.466007 -0.00330321 0.431109 0 0.999972 0 0 0.00750527 -305.388 257.038 2316.79 0.999972 0.000584261 -0.00747832 0.000746938 13.2049 110.804 0 0.999827 0 0 0.0186055 10015.7 45.315 318891 0.997738 0.0668107 0.00457267 0.00592603 
1576461925.466007 1576461925.667274 -0.0033393 0.452105 0 0.999969 0 0 0.00783669 -380.437 331.444 2539.06 0.999969 0.00035008 -0.00777058 -0.00101634 13.1847 111.255 0 0.99965 0 0 0.0264402 9656.75 30.678 321455 0.997725 0.0671165 -0.00325045 0.00543256 
1576461925.667274 1576461925.765854 -0.000990681 0.245189 0 0.999992 0 0 0.00394715 -206.766 185.447 1358.28 0.999992 -0.000149545 -0.00396482 0.000265234 13.1708 111.5 0 0.999538 0 0 0.0303858 9440.09 30.3319 322824 0.997713 0.0669461 -0.00718761 0.00596374 
1576461925.765854 1576461925.866911 -0.000955709 0.258994 0 0.999994 0 0 0.00359706 -173.632 201.211 1439.9 0.999992 2.159e-05 -0.00390681 0.000596812 13.1541 111.759 0 0.999422 0 0 0.033981 9244.4 35.3527 324275 0.997672 0.0669481 -0.0110456 0.00682053 
1576461925.866911 1576461926.067776 -0.00426853 0.560287 0 0.999974 0 0 0.0072265 -357.414 380.253 3150.33 0.999968 0.000146965 -0.00796807 -0.000282833 13.1118 112.317 0 0.999151 0 0 0.0412024 8814.81 -13.4836 327439 0.997544 0.0670351 -0.0190147 0.00706996 
1576461926.067776 1576461926.168281 -0.000964208 0.299267 0 0.999995 0 0 0.00311554 -267.72 227.623 1628.43 0.999995 -0.000104884 -0.00284301 -0.000963415 13.0862 112.616 0 0.999018 0 0 0.0443151 8483.29 -9.24876 329071 0.9975 0.0668918 -0.0219145 0.00630146 
1576461926.168281 1576461926.269602 -0.000786116 0.310474 0 0.999997 0 0 0.00233243 -267.268 249.541 1707.1 0.999996 -0.000911742 -0.00244395 -0.00108383 13.0579 112.925 0 0.998912 0 0 0.0466451 8139.24 7.17995 330783 0.99751 0.0659429 -0.024419 0.00540377 
1576461926.269602 1576461926.371868 -0.000649712 0.320345 0 0.999998 0 0 0.00189909 -207.652 260.92 1840.99 0.999996 -0.00116503 -0.00237671 -0.00121792 13.0274 113.244 0 0.998821 0 0 0.0485421 7839.82 21.564 332630 0.997531 0.0647379 -0.0268637 0.00437403 
1576461926.371868 1576461926.470425 -0.000520021 0.330275 0 0.999999 0 0 0.00130656 -182.339 256.003 1844.02 0.999998 -0.000735212 -0.00141883 -0.001176 12.9949 113.572 0 0.998757 0 0 0.0498471 7556.84 35.8538 334479 0.997544 0.0639666 -0.0283519 0.00331253 
1576461926.470425 1576461926.573349 -8.63023e-05 0.33854 0 1 0 0 7.2355e-05 -157.192 219.805 1896.67 0.999999 -0.000455933 -0.000671879 -0.000706528 12.9611 113.909 0 0.998753 0 0 0.0499193 7291.17 10.9798 336376 0.997556 0.0634895 -0.0290658 0.00266364 
1576461926.573349 1576461926.673464 0.000221811 0.34502 0 0.999999 -0 0 -0.00105151 -132.597 219.952 1929.31 1 1.15737e-05 0.000877035 -0.000144802 12.9269 114.253 0 0.998805 0 0 0.0488691 7045.59 -15.741 338306 0.99758 0.0634991 -0.0282001 0.00246317 
1576461926.673464 1576461926.771910 0.000645617 0.351372 0 0.999998 -0 0 -0.00200657 -67.3861 272.803 1964.72 0.999999 6.97877e-05 0.00160329 0.000115727 12.8932 114.602 0 0.998901 0 0 0.0468648 6866.07 5.58417 340283 0.99762 0.0635759 -0.0265935 0.00247484 
1576461926.771910 1576461926.873063 0.00102069 0.35752 0 0.999995 -0 0 -0.00305906 -72.8602 273.331 2004.62 0.999997 -0.00011852 0.00227314 0.000264132 12.8608 114.958 0 0.99904 0 0 0.0438089 6685.3 22.0407 342299 0.997684 0.0634701 -0.0243086 0.00259697 
1576461926.873063 1576461926.973386 0.00123611 0.36427 0 0.999994 -0 0 -0.00339664 -91.9362 234.836 2077.35 0.999995 -0.000212676 0.00302508 -0.000673355 12.8301 115.321 0 0.999183 0 0 0.0404153 6491.46 -8.5623 344383 0.997768 0.0632491 -0.0213326 0.00173833 
1576461926.973386 1576461927.074049 0.00126049 0.370015 0 0.999993 -0 0 -0.003664 -72.9308 256.336 2061.59 0.999994 0.000684201 0.00350792 6.26895e-05 12.8015 115.69 0 0.999324 0 0 0.036754 6329.71 -14.6936 346455 0.997793 0.0639388 -0.0178296 0.0015644 
1576461927.074049 1576461927.176206 0.00164048 0.403314 0 0.999991 -0 0 -0.00427957 -92.4365 287.702 2083.1 0.999991 0.00102779 0.00409139 -0.000189401 12.7735 116.093 0 0.999472 0 0 0.032477 6162.07 4.66601 348553 0.997792 0.0649668 -0.0137608 0.00109548 
1576461927.176206 1576461927.275113 0.00166465 0.373427 0 0.99999 -0 0 -0.00456056 -84.3079 260.402 2098.43 0.999989 8.49274e-05 0.0045751 0.000520029 12.7509 116.465 0 0.99961 0 0 0.0279185 6019.44 -9.28218 350665 0.997838 0.065063 -0.00916196 0.00131595 
1576461927.275113 1576461927.377738 0.00180999 0.37402 0 0.999987 -0 0 -0.00505493 -54.5694 280.735 2085.84 0.999987 -9.50079e-05 0.00506928 8.1625e-05 12.7319 116.839 0 0.999739 0 0 0.0228652 5926.02 -1.88823 352768 0.997878 0.0649748 -0.00409809 0.00106843 
1576461927.377738 1576461927.475792 0.00225199 0.376943 0 0.99998 -0 0 -0.00632264 0.29271 246.641 2134.88 0.999987 -0.000632221 0.00501422 0.000530106 12.7169 117.215 0 0.999863 0 0 0.0165437 5908.49 -34.1873 354917 0.997926 0.0643506 0.00094066 0.00127419 
1576461927.475792 1576461927.578366 0.00197217 0.375175 0 0.999985 -0 0 -0.0054459 -36.9302 253.638 2106.21 0.999985 6.68686e-05 0.00546761 0.00034213 12.7064 117.591 0 0.999938 0 0 0.0110983 5875.25 -53.2544 357038 0.997901 0.064423 0.00641885 0.00126381 
1576461927.578366 1576461927.677156 0.00163816 0.375645 0 0.99999 -0 0 -0.00446895 -64.7744 314.449 2113.29 0.999987 -0.000265862 0.00507248 9.39943e-05 12.6997 117.966 0 0.999978 0 0 0.00662954 5837.37 -13.3168 359175 0.997873 0.0641627 0.011487 0.0010291 
1576461927.677156 1576461927.777806 0.00152396 0.375216 0 0.999992 -0 0 -0.00396603 -103.39 301.237 2117.4 0.999988 -0.00123456 0.00469164 -0.000414445 12.6963 118.341 0 0.999996 0 0 0.00266354 5782.65 13.9862 361315 0.997887 0.0629396 0.0161432 0.000300315 
1576461927.777806 1576461927.880299 0.00137465 0.374164 0 0.999993 -0 0 -0.00361559 -52.1619 238.576 2140.87 0.99999 -0.00187621 0.00400025 -0.000244846 12.6957 118.715 0 1 -0 0 -0.000952056 5799.91 -18.3649 363470 0.997931 0.0610719 0.02012 -0.000226079 
1576461927.880299 1576461927.978850 0.00123587 0.371977 0 0.999994 -0 0 -0.00340571 -80.1746 258.888 2129.29 0.999993 -0.00101106 0.00365589 0.000231679 12.6976 119.087 0 0.999991 -0 0 -0.00435776 5806 -21.129 365616 0.997912 0.060057 0.0237821 -0.000238492 
1576461927.978850 1576461928.079355 0.00130441 0.365497 0 0.999994 -0 0 -0.00353722 -107.004 261.187 2078.05 0.999993 -0.000701344 0.00349904 0.0012006 12.7021 119.453 0 0.999969 -0 0 -0.00789492 5798.56 -11.1854 367713 0.997864 0.0593273 0.0273456 0.000732786 
1576461928.079355 1576461928.179916 0.00119301 0.356641 0 0.999995 -0 0 -0.00306039 -49.4949 248.694 2062.17 0.999995 -0.000979177 0.00259886 0.00147832 12.7089 119.809 0 0.99994 -0 0 -0.0109552 5862.31 -8.55605 369790 0.997845 0.0583114 0.0300272 0.00202698 
1576461928.179916 1576461928.280102 0.000609279 0.345733 0 0.999999 -0 0 -0.00161703 -115.005 230.022 1970.89 0.999997 -0.00123229 0.00209979 0.000441201 12.7171 120.155 0 0.999921 -0 0 -0.0125721 5865.96 -10.0839 371777 0.99785 0.0570726 0.0321506 0.00230778 
1576461928.280102 1576461928.382169 0.000297381 0.331959 0 1 -0 0 -0.000864461 -141.952 216.087 1920.53 0.999998 -0.000878311 0.00160297 -9.10175e-05 12.7257 120.487 0 0.99991 -0 0 -0.0134365 5847.83 -15.0446 373715 0.997847 0.0562027 0.0337469 0.00209723 
1576461928.382169 1576461928.482485 0.000293784 0.316556 0 1 -0 0 -0.000810717 -135.541 222.794 1843.24 0.999999 -6.59483e-05 0.00101985 -3.52012e-05 12.7345 120.803 0 0.999899 -0 0 -0.0142471 5837.09 -1.22501 375577 0.997816 0.0561402 0.0347627 0.00200256 
1576461928.482485 1576461928.583219 0.000135697 0.298295 0 1 -0 0 -0.000483785 -139.808 182.89 1694.32 1 0.000632744 0.000416368 0.000449724 12.7432 121.102 0 0.999891 -0 0 -0.0147309 5815.52 -10.1807 377286 0.997764 0.0567567 0.0352021 0.00244992 
1576461928.583219 1576461928.683407 8.75238e-05 0.277756 0 1 0 0 -0.000263169 -145.995 197.972 1626.85 1 0.000750569 0.000334175 1.22716e-05 12.7515 121.379 0 0.999888 0 0 -0.014994 5784.45 1.2407 378932 0.99771 0.057506 0.0355344 0.00246962 
1576461928.683407 1576461928.783614 -0.000144051 0.258001 0 1 0 0 0.000550459 -137.585 184.351 1506.19 1 5.67312e-05 -8.64348e-05 -0.000699126 12.759 121.637 0 0.999896 0 0 -0.0144436 5754.28 10.5614 380455 0.997711 0.0575872 0.0354078 0.00177908 
1576461928.783614 1576461928.987240 -0.00034875 0.477179 0 1 0 0 0.000877209 -218.066 306.449 2653.84 1 -0.000275606 -0.00031895 0.000263145 12.7725 122.114 0 0.999908 0 0 -0.0135665 5724.97 8.69174 383135 0.997737 0.0573023 0.0351052 0.00205023 
1576461928.987240 1576461929.095367 -7.67218e-05 0.207155 0 1 0 0 0.000313824 -86.4024 135.95 1154.77 1 7.3407e-05 -0.000264557 0.000331372 12.778 122.321 0 0.999912 0 0 -0.0132527 5719.94 11.1712 384301 0.997742 0.0573634 0.0348601 0.00239859 
1576461929.095367 1576461929.287058 -4.35025e-05 0.304072 0 1 0 0 0.000217917 -137.818 212.08 1900.19 1 0.000202479 -0.000193843 0.000362612 12.786 122.625 0 0.999915 0 0 -0.0130348 5715 3.44939 386218 0.997736 0.0575523 0.034687 0.00277856 
1576461929.287058 1576461929.589835 -5.48049e-05 0.328566 0 1 0 0 0.000128842 -177.761 274.303 1978.9 0.999999 0.000941383 -0.000287377 -0.000394905 12.7945 122.954 0 0.999917 0 0 -0.0129059 5674.85 47.3517 388223 0.997692 0.0585044 0.0343749 0.00243374 
1576461929.589835 1576461930.599798 0.000107846 0.258163 0 0.999998 0 0 -0.00212766 -103.367 72.3363 982.248 0.999997 0.00248258 0.000165672 0.000581893 12.8013 123.212 0 0.999887 0 0 -0.0150334 5639.32 3.77211 389211 0.997537 0.0609615 0.0345681 0.00308993 
1576461930.599798 1576461930.901608 2.5691e-06 -0.0127384 0 1 0 0 0.000127008 -3.90155 -10.1059 -2.21196 1 5.23885e-05 1.72748e-05 -6.98085e-05 12.8009 123.199 0 0.999889 0 0 -0.0149064 5635.29 -6.03045 389208 0.997533 0.0610162 0.0345809 0.00302105 
1576461930.901608 1576461931.003895 6.29673e-07 -0.00315948 0 1 0 0 0.000169299 3.79174 -0.747615 -2.92227 1 0.000100527 -5.39178e-05 9.51199e-05 12.8008 123.196 0 0.999891 0 0 -0.0147371 5638.87 -6.37851 389205 0.997528 0.061113 0.0345326 0.0031227 
1576461931.003895 1576461943.176833 1.09573e-07 -0.000556028 0 1 0 0 0.000253936 2.83386 1.27364 -7.1085 1 0.000112255 2.47689e-05 -0.000136912 12.8008 123.195 0 0.999895 0 0 -0.0144832 5641.21 -4.21962 389198 0.997521 0.0612298 0.0345486 0.00298849 
1576461943.176833 1576461943.379431 0 0 0 1 0 0 0 4.7082 -0.879871 4.04052 1 1.82819e-06 -2.74969e-05 -3.05126e-05 12.8008 123.195 0 0.999895 0 0 -0.0144832 5646.18 -5.53763 389202 0.997522 0.0612326 0.0345193 0.0029598 
1576461943.379431 1576461946.297573 -0.00136808 0.334809 0 0.999999 0 0 0.00171171 -198.991 299.358 2400.62 0.999999 0.000759144 0.000686747 0.000965742 12.8092 123.53 0 0.999918 -0 0 -0.0127717 5613.36 -3.2197 391629 0.997448 0.0619585 0.0352612 0.0039073 
