groundtruth: cam2wheel_ryp.roll = -0.957862, cam2wheel_ryp.yaw = -4.04534, cam2wheel_ryp.pitch = -7.22235, cam2wheel_xyz.x = 1.84476, cam2wheel_xyz.y = -0.283707, cam2wheel_xyz.z = 1.29741
from_timestamp to_timestamp delta_pos_wheel delta_q_wheel delta_pos_cam delta_q_cam pos_wheel q_wheel pos_cam q_cam 
1576462478.072355 1576462478.368119 1.97609e-05 0.54423 0 1 0 0 -0.000127558 -145.181 218.788 1800.65 1 9.20095e-05 -0.000245177 -0.00030917 1.97609e-05 0.54423 0 1 0 0 -0.000127558 69647.7 -1428.83 -100721 0.721058 0.0438418 -0.690584 0.0353301 
1576462478.368119 1576462478.771993 -0.00064907 0.759511 0 1 0 0 0.000820315 -194.606 295.831 2378.61 0.999998 -0.000590665 -0.00034871 0.00159363 -0.000435546 1.30374 0 1 0 0 0.000692756 67244.8 -1399.46 -100810 0.720785 0.044504 -0.690743 0.0369023 
1576462478.771993 1576462479.074072 -0.000304754 0.561491 0 1 0 0 0.000346608 -140.922 221.039 1798.04 0.999999 -0.00126571 -0.000121213 0.00014144 -0.00151825 1.86523 0 0.999999 0 0 0.00103936 65428.9 -1385.75 -100873 0.720752 0.0436849 -0.690777 0.0378839 
1576462479.074072 1576462479.480618 7.12508e-05 0.78593 0 1 -0 0 -5.70111e-05 -208.158 310.778 2434.36 0.999999 0.00140217 0.00019461 -0.000568123 -0.00308073 2.65116 0 1 0 0 0.000982353 62968.3 -1356.56 -100975 0.720846 0.0443104 -0.690714 0.0364973 
1576462479.480618 1576462479.779543 -1.97331e-05 0.586193 0 1 0 0 -0.000104193 -146.484 228.099 1861.27 1 -0.000672548 9.1417e-05 0.000592123 -0.00425216 3.23735 0 1 0 0 0.00087816 61088.5 -1341.45 -101041 0.720917 0.0442379 -0.690597 0.0373846 
1576462479.779543 1576462480.081489 0.000180216 0.585851 0 1 0 0 -0.000186638 -140.669 230.83 1879.16 1 0.000578918 9.91807e-06 0.00032852 -0.00510089 3.8232 0 1 0 0 0.000691522 59191 -1328.05 -101099 0.720886 0.0448825 -0.690597 0.0372212 
1576462480.081489 1576462480.484375 0.000308751 0.748751 0 1 0 0 -0.000254275 -195.691 304.954 2386.92 1 0.000479621 0.000156265 -0.000805456 -0.00582769 4.57195 0 1 0 0 0.000437247 56778.6 -1300.7 -101190 0.721002 0.0446778 -0.690538 0.0363023 
1576462480.484375 1576462480.787611 0.000134278 0.574559 0 1 -0 0 -0.000364617 -142.565 215.97 1816.24 0.999999 -0.000426201 0.000242407 0.00123502 -0.00619586 5.14651 0 1 0 0 7.26294e-05 54945.1 -1292.9 -101252 0.721143 0.0452321 -0.690292 0.0374762 
1576462480.787611 1576462481.187506 0.000615115 0.781283 0 1 0 0 -0.000370936 -182.436 308.891 2488.09 0.999999 -0.000990608 0.000101502 0.000752303 -0.00569424 5.92779 0 1 0 0 -0.000298307 52432.3 -1275.66 -101324 0.721229 0.0450408 -0.690147 0.0386979 
1576462481.187506 1576462481.490887 6.66488e-05 0.613592 0 1 0 0 -0.000232486 -144.078 248.002 1910.69 1 -0.000617639 2.37325e-05 -0.000345469 -0.00526151 6.54139 0 1 0 0 -0.000530793 50501.2 -1254.69 -101382 0.721286 0.0443578 -0.690121 0.0388739 
1576462481.490887 1576462481.794068 0.000464617 0.600686 0 0.999999 0 0 -0.00142904 -135.492 226.339 1909.78 0.999987 -0.000303785 1.14478e-05 -0.00511412 -0.00415921 7.14207 0 0.999998 0 0 -0.00195983 48574 -1253.9 -101432 0.721497 0.0406092 -0.690319 0.0353938 
1576462481.794068 1576462482.194660 -0.000884457 0.786203 0 0.999999 0 0 0.0011954 -228.967 317.177 2493.84 0.999993 0.00142696 0.000111315 0.00355127 -0.00196202 7.92827 0 1 0 0 -0.000764427 46052.8 -1205.42 -101549 0.721385 0.0440939 -0.69014 0.0369662 
1576462482.194660 1576462482.495707 -0.000108337 0.588432 0 1 0 0 2.17678e-05 -131.784 227.925 1871.5 0.999998 -0.00178049 -0.000329998 -0.0011864 -0.00117074 8.5167 0 1 0 0 -0.000742659 44163.5 -1192.57 -101596 0.721278 0.0419784 -0.690363 0.0373536 
1576462482.495707 1576462482.796455 -0.000272289 0.581309 0 1 0 0 0.000279136 -137.226 217.489 1854.06 1 0.000704584 -0.000129278 0.000522719 -0.000579595 9.09801 0 1 -0 0 -0.000463523 42292.5 -1183.79 -101651 0.721139 0.0428426 -0.69046 0.0372496 
1576462482.796455 1576462483.198730 0.00022662 0.790037 0 1 0 0 -0.000112852 -201.065 306.055 2445.47 1 0.000111731 0.000205238 4.41703e-05 0.000379426 9.88805 0 1 0 0 -0.000576375 39821.7 -1155.51 -101744 0.721274 0.0429613 -0.690314 0.0371955 
1576462483.198730 1576462483.500575 9.01137e-05 0.572073 0 1 0 0 -8.00428e-05 -150.287 215.687 1821.26 1 0.000281366 0.000283154 0.000147641 0.001129 10.4601 0 1 0 0 -0.000656418 37982.9 -1146.77 -101813 0.721452 0.0432767 -0.690114 0.0370956 
1576462483.500575 1576462483.804335 0.00012385 0.564556 0 1 -0 0 -0.000359274 -134.715 216.886 1787.09 1 -0.000203893 -9.28186e-05 -5.96403e-05 0.00199402 11.0247 0 0.999999 -0 0 -0.00101569 36178.5 -1133.55 -101867 0.721399 0.043085 -0.690176 0.0371973 
1576462483.804335 1576462484.205516 0.000474998 0.741547 0 1 -0 0 -0.000336225 -178.953 300.389 2356.92 1 -0.000757175 0.000110886 -0.000394117 0.00397538 11.7662 0 0.999999 -0 0 -0.00135192 33797.1 -1101.59 -101940 0.721523 0.0422709 -0.690085 0.0374308 
1576462484.205516 1576462484.606755 -7.67586e-05 0.731284 0 1 0 0 0.000342806 -184.259 286.258 2312.84 1 0.000387086 -0.000153715 0.000590347 0.00587589 12.4975 0 0.999999 0 0 -0.00100911 31460.9 -1076.93 -102019 0.721378 0.0429518 -0.690185 0.0375961 
1576462484.606755 1576462484.910545 -0.000312197 0.555703 0 1 0 0 0.000440464 -151.934 206.996 1714.87 0.999999 0.00142875 -0.00020617 0.000402577 0.00668523 13.0532 0 1 0 0 -0.000568647 29728.5 -1065.78 -102094 0.721158 0.0442525 -0.690369 0.0369092 
1576462484.910545 1576462485.310749 -0.00065956 0.712159 0 0.999999 0 0 0.00117841 -183.039 290.849 2275.08 0.999999 -0.0010063 -0.000773005 -0.000888695 0.0068356 13.7654 0 1 0 0 0.000609765 27429.3 -1036.57 -102176 0.720701 0.0428847 -0.690928 0.0369972 
1576462485.310749 1576462485.712998 -0.000639306 0.707488 0 0.999999 0 0 0.00143877 -174.411 291.049 2249.78 0.999997 -0.00214174 -0.00140741 -0.000553833 0.00533349 14.4729 0 0.999998 0 0 0.00204854 25155.7 -1000.45 -102254 0.719839 0.0409063 -0.691885 0.0381381 
1576462485.712998 1576462486.014989 -0.00111337 0.525939 0 0.999996 0 0 0.00274468 -163.175 198.442 1674.86 0.999996 -0.000296333 -0.00275743 -0.000207898 0.00206532 14.9988 0 0.999989 0 0 0.0047932 23464 -989.993 -102350 0.717948 0.0404438 -0.693864 0.0383061 
1576462486.014989 1576462486.418054 -0.00146056 0.714307 0 0.999998 0 0 0.00181952 -220.171 265.391 2205.18 0.999997 0.00125557 -0.00183092 -0.000542196 -0.00624273 15.713 0 0.999978 0 0 0.00661269 21236.7 -971.288 -102494 0.716646 0.0408988 -0.695247 0.0371196 
1576462486.418054 1576462486.821472 -0.00522898 0.691078 0 0.999976 0 0 0.00687932 -265.59 252.824 2186.71 0.999978 0.00138985 -0.00645936 0.00101803 -0.0206108 16.404 0 0.999909 0 0 0.0134917 19028.4 -960.084 -102692 0.712044 0.0423619 -0.69987 0.0371462 
1576462486.821472 1576462487.222912 0.00192241 0.707672 0 0.999994 -0 0 -0.003388 -129.016 279.804 2222.43 0.999993 -0.00227392 0.00309815 -7.6556e-06 -0.0377828 17.1115 0 0.999949 0 0 0.0101039 16786.7 -930.859 -102782 0.714304 0.0408522 -0.697575 0.0386007 
1576462487.222912 1576462487.526409 0.000846283 0.560202 0 0.999999 -0 0 -0.00161121 -118.851 207.407 1770.2 0.999994 0.00241332 0.00196014 0.00149079 -0.0482566 17.6716 0 0.999964 0 0 0.0084928 15002.1 -923.186 -102858 0.715511 0.0436914 -0.696203 0.0379018 
1576462487.526409 1576462487.926683 0.0113307 0.767056 0 0.999836 -0 0 -0.0181374 -9.6789 318.222 2381.81 0.999853 0.00161176 0.0169506 -0.00191405 -0.0499559 18.4387 0 0.999953 -0 0 -0.00964531 12600.1 -881.647 -102801 0.727209 0.0441481 -0.684117 0.034664 
1576462487.926683 1576462488.228169 0.0148844 0.615873 0 0.99966 -0 0 -0.0260871 146.686 204.161 1868.12 0.99968 0.00168885 0.0252308 -0.000100588 -0.0231942 19.0542 0 0.999362 -0 0 -0.0357279 10733.5 -888.791 -102539 0.744166 0.0461679 -0.665613 0.0323105 
1576462488.228169 1576462488.530408 0.0207188 0.601357 0 0.999356 -0 0 -0.0358696 327.366 211.003 1868.18 0.999374 -0.00114646 0.0353678 -0.000263672 0.0404147 19.6525 0 0.997437 -0 0 -0.0715516 8901.81 -892.23 -102003 0.767303 0.0462531 -0.638852 0.0312243 
1576462488.530408 1576462488.936280 0.0416147 0.791614 0 0.998313 -0 0 -0.0580563 622.012 314.602 2455.18 0.998186 -0.0013628 0.0601705 -0.001832 0.194595 20.4301 0 0.991601 -0 0 -0.129338 6581.28 -858.762 -100941 0.804471 0.0458319 -0.591566 0.0278495 
1576462488.936280 1576462489.238466 0.0399936 0.594951 0 0.998219 -0 0 -0.0596512 546.369 174.832 1732.95 0.998141 0.0126015 0.0594751 -0.00424228 0.385858 20.9949 0 0.98212 -0 0 -0.188258 5082.1 -874.97 -99899.7 0.8377 0.055031 -0.543166 0.0142045 
1576462489.238466 1576462489.642210 0.0603853 0.734945 0 0.99667 -0 0 -0.0815411 1057.99 306.697 2191.02 0.996746 -0.00848746 0.0797993 0.00754084 0.713734 21.6554 0 0.963498 -0 0 -0.267714 3499.31 -844.143 -98026.8 0.878678 0.0529714 -0.474015 0.0206939 
1576462489.642210 1576462489.940924 0.0323575 0.548017 0 0.998212 -0 0 -0.0597681 646.302 170.254 1664.42 0.998074 0.00413019 0.0617378 -0.00453878 1.02417 22.1082 0 0.945775 -0 0 -0.324822 2457.05 -871.536 -96567.4 0.906125 0.0556246 -0.41918 0.0114378 
1576462489.940924 1576462490.343499 0.0588649 0.718824 0 0.996711 -0 0 -0.0810391 972.845 301.919 2161.87 0.996573 0.00176237 0.0826913 0.0010469 1.51227 22.6391 0 0.916341 -0 0 -0.400399 1427.88 -835.426 -94410.8 0.937573 0.0584156 -0.342777 0.00700881 
1576462490.343499 1576462490.645224 0.0322915 0.537727 0 0.998223 -0 0 -0.0595835 687.388 222.427 1619.06 0.998125 -2.6738e-05 0.0612101 0.000717228 1.92879 22.9807 0 0.890856 -0 0 -0.454286 902.506 -818.16 -92717.6 0.956792 0.0589558 -0.284703 0.00410166 
1576462490.645224 1576462491.048224 0.0582505 0.746463 0 0.997059 -0 0 -0.0766386 872.952 310.715 2187.48 0.997063 0.00045428 0.0765753 0.000750853 2.56719 23.372 0 0.85342 -0 0 -0.521224 430.355 -783.963 -90389.6 0.975754 0.0597452 -0.210558 0.000164133 
1576462491.048224 1576462491.349839 0.0288893 0.569972 0 0.998807 -0 0 -0.0488389 551.874 229.503 1715.33 0.998756 -0.000884511 0.0498408 0.00104731 3.08746 23.6065 0 0.826946 -0 0 -0.562282 222.642 -769.921 -88585.1 0.985087 0.0590365 -0.161601 -0.00160566 
1576462491.349839 1576462491.752068 0.0482109 0.781778 0 0.998154 -0 0 -0.0607306 675.577 318.978 2371.36 0.998043 -8.81002e-05 0.062517 -0.00116607 3.8322 23.8491 0 0.791271 -0 0 -0.611465 102.404 -742.783 -86101.9 0.993266 0.0585454 -0.0997691 -0.00642775 
1576462491.752068 1576462492.059442 0.0256399 0.634445 0 0.999254 -0 0 -0.0386182 391.942 256.381 1863.58 0.999258 0.000575549 0.0384767 0.00177325 4.4526 23.9844 0 0.767067 -0 0 -0.641566 116.035 -712.113 -84180.7 0.996345 0.0590032 -0.0613699 -0.00697173 
1576462492.059442 1576462492.355088 0.0184111 0.597762 0 0.999555 -0 0 -0.0298254 276.896 254.729 1920.38 0.99948 -0.000186304 0.0322414 -0.000593979 5.0442 24.0719 0 0.747591 -0 0 -0.664159 156.087 -689.18 -82224.3 0.997813 0.0585257 -0.0292508 -0.00945083 
1576462492.355088 1576462492.658035 0.0129316 0.63656 0 0.999828 -0 0 -0.0185501 137.163 252.14 1986.19 0.999789 -0.000217483 0.0205547 0.000340293 5.67785 24.134 0 0.735142 -0 0 -0.677913 178.745 -672.748 -80217.7 0.998219 0.058112 -0.00871696 -0.0103059 
1576462492.658035 1576462492.959814 0.00700023 0.672911 0 0.999952 -0 0 -0.00979368 -14.6761 253.499 2016.14 0.999943 0.00071595 0.0105497 -0.0011843 6.34913 24.1815 0 0.728468 -0 0 -0.68508 131.532 -654.243 -78186.2 0.9982 0.0587043 0.00175295 -0.0121068 
1576462492.959814 1576462493.261778 0.00601522 0.645157 0 0.999954 -0 0 -0.0095884 -25.7308 249.939 2034.39 0.999951 0.00034627 0.00987016 -0.000336577 6.99344 24.215 0 0.721866 -0 0 -0.692033 116.129 -643.995 -76136.5 0.99811 0.0589282 0.0115897 -0.013021 
1576462493.261778 1576462493.564783 0.00598509 0.644489 0 0.999959 -0 0 -0.00909644 -25.3945 253.343 2017.21 0.999957 9.51396e-05 0.0092057 0.00119407 7.63761 24.2363 0 0.715541 -0 0 -0.698571 141.255 -629.773 -74103.5 0.99797 0.0588869 0.0208491 -0.01237 
1576462493.564783 1576462493.864290 0.00465104 0.643862 0 0.999975 -0 0 -0.00704465 -72.7965 254.196 2003.08 0.999974 0.000617455 0.00716833 -0.000631549 8.2814 24.2471 0 0.710602 -0 0 -0.703595 155.881 -612.264 -72083.1 0.997751 0.0594261 0.0279728 -0.0134092 
1576462493.864290 1576462494.266977 0.00565939 0.842158 0 0.999978 -0 0 -0.00659429 -118.231 336.296 2656.87 0.999976 -0.000385598 0.00688066 -0.000766271 9.12357 24.2497 0 0.705947 -0 0 -0.708265 192.066 -592.751 -69402.8 0.997547 0.0589691 0.0347866 -0.0145931 
1576462494.266977 1576462494.568225 0.00195185 0.617126 0 0.999995 -0 0 -0.00310922 -110.075 240.199 1953.61 0.999993 -0.000513243 0.00357128 -0.000601633 9.74068 24.2458 0 0.703741 -0 0 -0.710457 222.506 -583.395 -67431.6 0.997437 0.0584255 0.0383059 -0.0154216 
1576462494.568225 1576462494.869800 0.00163978 0.620799 0 0.999996 -0 0 -0.00269401 -118.375 240.492 1898.09 0.999996 -0.000618497 0.00257108 0.000364091 10.3614 24.2382 0 0.701824 -0 0 -0.71235 254.633 -565.015 -65515.1 0.997377 0.0577548 0.040882 -0.0152323 
1576462494.869800 1576462495.172288 0.00082456 0.592821 0 0.999999 -0 0 -0.00146386 -112.547 239.617 1872.63 0.999998 -0.000190805 0.00149826 0.00127554 10.9542 24.2286 0 0.700781 -0 0 -0.713377 300.344 -542.292 -63624.5 0.997344 0.0574894 0.042447 -0.0140544 
1576462495.172288 1576462495.573898 0.00107475 0.771196 0 1 -0 0 -0.000974323 -183.008 304.246 2433.93 0.999998 -0.00119477 0.00129994 -0.000387095 11.7252 24.2138 0 0.700086 -0 0 -0.714059 330.226 -517.952 -61165.1 0.997351 0.0562959 0.0437044 -0.0145659 
1576462495.573898 1576462495.875583 0.000102726 0.556354 0 1 0 0 -2.94773e-05 -136.823 208.88 1764.98 0.999999 0.000528888 0.000276656 -0.00116484 12.2815 24.2027 0 0.700064 0 0 -0.71408 352.052 -507.626 -59382.7 0.997291 0.0568702 0.0439224 -0.0157201 
1576462495.875583 1576462496.284761 -5.09664e-05 0.693238 0 1 0 0 9.29527e-05 -181.037 259.168 2147.4 0.999999 0.000589098 4.23112e-05 -0.00103999 12.9746 24.189 0 0.700131 0 0 -0.714015 365.511 -492.04 -57212.3 0.997239 0.0575027 0.0439147 -0.0167338 
1576462496.284761 1576462496.685241 -0.000739653 0.653471 0 0.999999 0 0 0.00116654 -168.945 249.223 2054.53 0.999999 0.000666547 -0.00080541 0.000340243 13.6279 24.1769 0 0.700963 0 0 -0.713197 382.885 -478.469 -55135.9 0.997241 0.0581659 0.0431422 -0.0163189 
1576462496.685241 1576462497.086906 -0.000415636 0.644445 0 1 0 0 0.000416742 -160.074 257.508 2024.11 0.999999 -5.28579e-05 -0.00048753 0.0011586 14.2723 24.1662 0 0.70126 -0 0 -0.712905 403.491 -456.103 -53089.5 0.997283 0.0580711 0.0427225 -0.0151374 
1576462497.086906 1576462497.488618 -3.08403e-05 0.646348 0 1 0 0 0.000298039 -173.804 244.982 1975.68 1 0.000160498 -0.000455928 -0.000801411 14.9186 24.1555 0 0.701473 0 0 -0.712696 403.892 -439.893 -51091.1 0.997281 0.0582723 0.0422237 -0.0159033 
1576462497.488618 1576462497.991642 -7.22901e-05 0.713252 0 1 0 0 0.000676066 -181.224 149.725 2211.94 0.999958 0.00918047 -0.000785939 -2.92789e-06 15.6317 24.1443 0 0.701955 0 0 -0.712222 411.078 -546.463 -48869.3 0.996736 0.0674379 0.0415839 -0.0154721 
1576462497.991642 1576462498.495149 -0.00046435 0.650457 0 1 0 0 0.000598552 -169.114 409.12 2100.49 0.999953 -0.00946353 -0.000649402 0.00173829 16.2821 24.1353 0 0.702381 0 0 -0.711801 427.283 -422.077 -46726.3 0.997382 0.0579399 0.0409055 -0.0140885 
1576462498.495149 1576462498.999927 -0.00107416 0.692519 0 0.999999 0 0 0.00150466 -177.018 257.447 2118.19 0.999999 0.000822327 -0.00093321 -0.000389643 16.9746 24.1272 0 0.703451 0 0 -0.710744 428.763 -409.58 -44585.3 0.997366 0.0587891 0.0399637 -0.0143894 
1576462498.999927 1576462499.401647 -0.000532526 0.54414 0 0.999999 0 0 0.00107114 -162.623 212.282 1732.41 0.999999 0.000616465 -0.000665708 -0.00120215 17.5187 24.1221 0 0.704212 0 0 -0.70999 408.988 -400.099 -42832.5 0.997338 0.0594615 0.0392379 -0.0155246 
1576462499.401647 1576462499.904031 -0.00064466 0.710331 0 1 0 0 0.000491016 -172.575 264.356 2241.74 0.999996 -0.00156552 -0.000799716 0.00236551 18.229 24.1169 0 0.70456 -0 0 -0.709644 417.763 -401.817 -40568.6 0.997495 0.0578195 0.0385565 -0.0131792 
1576462499.904031 1576462500.406360 -0.00177961 0.688646 0 0.999997 0 0 0.00259002 -179.45 281.567 2038.72 0.99998 0.00615019 -0.00123664 0.00121695 18.9177 24.1138 0 0.706396 0 0 -0.707817 401.279 -355.55 -38503.3 0.997183 0.0639225 0.0374736 -0.0116564 
1576462500.406360 1576462500.810636 -0.000641447 0.584872 0 1 0 0 0.000881317 -158.13 214.424 1806.23 0.999995 -0.00281722 -0.00101193 0.000534643 19.5025 24.1132 0 0.70702 0 0 -0.707194 381.946 -371.863 -36677.7 0.997403 0.0611047 0.0364657 -0.0111641 
1576462500.810636 1576462501.312347 -0.000494489 0.742157 0 0.999999 0 0 0.00101716 -199.36 308.88 2322.9 0.999999 -0.000934974 -0.00079866 -6.91035e-05 20.2447 24.1135 0 0.707739 0 0 -0.706474 357.224 -346.848 -34326.2 0.997487 0.0601835 0.0356544 -0.0112183 
1576462501.312347 1576462501.719343 -0.00055861 0.641393 0 1 0 0 0.000759911 -143.123 251.142 1963.08 0.999998 -0.00106362 -0.000617281 0.00149419 20.8861 24.1152 0 0.708275 0 0 -0.705936 358.181 -332.268 -32342 0.997588 0.0590761 0.0351166 -0.00972862 
1576462501.719343 1576462502.118401 -0.000399728 0.646556 0 1 0 0 0.000526489 -169.474 262.648 2024.33 0.999998 -0.00164292 -0.000469065 -0.000780598 21.5326 24.1178 0 0.708647 0 0 -0.705563 334.851 -308.902 -30293.9 0.997692 0.057469 0.0345865 -0.0105373 
1576462502.118401 1576462502.520173 -0.000269419 0.662668 0 1 0 0 0.000506749 -164.685 259.994 2077.27 0.999998 -0.00146997 -0.000276182 0.00106278 22.1953 24.1209 0 0.709004 0 0 -0.705204 317.94 -287.595 -28194.2 0.997796 0.0559685 0.0343565 -0.00951193 
1576462502.520173 1576462502.922337 -0.000792955 0.67481 0 1 0 0 0.000866287 -178.427 251.558 2102.87 0.999999 0.000437544 -0.000282654 -0.00105937 22.8701 24.1254 0 0.709615 0 0 -0.70459 287.646 -271.203 -26069.1 0.99777 0.0564441 0.0340193 -0.0105381 
1576462502.922337 1576462503.327734 -0.000413544 0.685245 0 1 0 0 0.000466153 -178.944 261.09 2140.46 0.999999 0.000906887 -0.00031254 -0.000871739 23.5553 24.1306 0 0.709943 0 0 -0.704259 258.413 -251.388 -23905.6 0.99772 0.0573819 0.0336678 -0.0113594 
1576462503.327734 1576462503.731772 0.000218586 0.714036 0 1 0 0 -0.000111191 -175.932 273.499 2164.97 1 0.000799107 -4.58951e-05 -0.000236188 24.2693 24.1362 0 0.709865 0 0 -0.704338 232.806 -226.002 -21716.7 0.997672 0.0581876 0.0336175 -0.0115655 
1576462503.731772 1576462504.033733 -1.14704e-05 0.53469 0 1 -0 0 -0.000232138 -130.328 216.774 1660.74 0.999999 -0.000154279 0.000133821 0.00110995 24.804 24.1404 0 0.709701 -0 0 -0.704503 217.823 -202.367 -20037 0.997689 0.0579948 0.0338138 -0.0104711 
1576462504.033733 1576462504.435882 0.00045381 0.724525 0 1 0 0 -0.000531457 -167.189 280.69 2252.4 0.999999 -0.000795401 -0.000120602 -0.000636776 25.5285 24.1452 0 0.709327 0 0 -0.70488 207.255 -183.037 -17761.1 0.997732 0.057224 0.0336482 -0.0111263 
1576462504.435882 1576462504.835997 -3.42287e-05 0.73325 0 1 0 0 0.000459905 -232.619 284.16 2285.07 0.999996 -0.000601463 0.000121395 -0.00279049 26.2617 24.1499 0 0.709651 0 0 -0.704553 133.143 -159.178 -15448.1 0.997727 0.0567162 0.0336028 -0.0139376 
1576462504.835997 1576462505.137601 -0.000346566 0.554059 0 1 0 0 0.000286003 -140.099 216.619 1720.4 1 -0.000564309 -0.000243185 1.19061e-05 26.8158 24.1542 0 0.709852 -0 0 -0.70435 112.902 -136.991 -13708.7 0.997768 0.0561562 0.033353 -0.0139309 
1576462505.137601 1576462505.539238 -5.98374e-05 0.768067 0 1 0 0 0.000123033 -177.919 277.567 2322.44 0.999999 0.000559289 -0.000254312 0.00099337 27.5838 24.1602 0 0.709939 0 0 -0.704263 95.1452 -119.418 -11363.1 0.997758 0.0566846 0.0331628 -0.0129068 
1576462505.539238 1576462505.841771 -7.04177e-05 0.563129 0 1 0 0 0.000150835 -127.683 208.408 1734.77 0.999999 0.00110252 -6.08455e-05 0.000125555 28.1469 24.1648 0 0.710045 0 0 -0.704156 86.2007 -107.324 -9611.24 0.997698 0.0577812 0.0331234 -0.0127415 
1576462505.841771 1576462506.243487 0.000107575 0.755812 0 1 -0 0 -0.000615086 -203.88 304.982 2344.5 1 0.000141977 0.000515687 -9.04082e-05 28.9027 24.171 0 0.709612 -0 0 -0.704593 43.2618 -72.3656 -7238.86 0.997672 0.0579193 0.0336345 -0.0128568 
1576462506.243487 1576462506.544981 0.000117923 0.571013 0 1 0 0 0.000216415 -136.331 217.923 1772.56 1 4.33946e-05 1.53564e-05 -0.000520886 29.4737 24.175 0 0.709765 0 0 -0.704439 30.0445 -59.3962 -5447.86 0.997662 0.0579799 0.0336202 -0.0133759 
1576462506.544981 1576462506.848492 2.95331e-05 0.574823 0 1 0 0 1.83343e-05 -155.905 233.248 1779.13 1 -5.2297e-06 0.000305898 2.58673e-05 30.0485 24.1793 0 0.709777 0 0 -0.704426 -1.72773 -31.6719 -3647.24 0.997652 0.0579697 0.0339268 -0.013368 
1576462506.848492 1576462507.248620 0.000136658 0.784412 0 1 0 0 -0.0004231 -156.893 303.677 2397.5 0.999996 -0.00159134 -0.000105829 0.00220228 30.8329 24.1851 0 0.709479 0 0 -0.704726 9.67242 -6.06427 -1225.65 0.997774 0.0563086 0.0339275 -0.0112187 
1576462507.248620 1576462507.550484 2.22947e-05 0.57927 0 1 0 0 0.00023017 -143.891 225.372 1804.34 1 0.000197088 7.59672e-05 0.000612652 31.4122 24.1889 0 0.709642 0 0 -0.704563 -8.06341 16.3729 598.168 0.997767 0.0564836 0.03404 -0.010605 
1576462507.550484 1576462507.953290 -0.00105978 0.773297 0 1 0 0 0.000955438 -216.028 283.187 2384.54 0.999999 0.000904227 -0.000158355 -0.000624326 32.1855 24.1955 0 0.710314 0 0 -0.703885 -57.3401 30.9353 3008.62 0.997714 0.0574087 0.0338563 -0.0111882 
1576462507.953290 1576462508.255001 -0.000385155 0.579364 0 0.999999 0 0 0.00100877 -149.092 223.997 1795.11 1 0.000162928 -0.000157135 -0.000702745 32.7648 24.2012 0 0.711024 0 0 -0.703168 -81.2132 49.1502 4823.54 0.997702 0.0575968 0.033661 -0.0118748 
1576462508.255001 1576462508.657134 -0.00107778 0.776448 0 0.999999 0 0 0.00139382 -201.213 295.794 2407.17 0.999997 0.000787264 -0.00133665 0.00200609 33.5412 24.2109 0 0.712003 0 0 -0.702176 -115.368 68.3084 7256.83 0.997722 0.0583304 0.0324522 -0.00976979 
1576462508.657134 1576462508.958928 -0.000746962 0.605669 0 0.999999 0 0 0.00102423 -153.131 232.875 1807.53 0.999999 0.000691335 -0.000977029 0.000392396 34.1468 24.2201 0 0.712722 0 0 -0.701446 -147.736 90.4255 9085.3 0.997716 0.0590169 0.031507 -0.00929885 
1576462508.958928 1576462509.260898 -4.91939e-05 0.580286 0 1 0 0 0.000384572 -159.026 216.937 1793.41 0.999999 0.00016131 -0.000558006 -0.000914157 34.727 24.2294 0 0.712992 0 0 -0.701172 -190.804 95.9225 10898.3 0.997715 0.0592118 0.0308978 -0.0101729 
1576462509.260898 1576462509.663294 -0.000613436 0.757683 0 1 -0 0 -0.000348032 -194.697 293.17 2348.92 1 -9.9911e-05 -0.000701613 -5.01723e-05 35.4846 24.2426 0 0.712748 -0 0 -0.70142 -236.073 111.207 13272.9 0.997742 0.0591208 0.0301938 -0.0101845 
1576462509.663294 1576462509.966275 -0.000317324 0.56244 0 1 0 0 0.000616646 -154.772 213.835 1738.09 0.999998 -0.000836596 -0.000154566 -0.00161725 36.0469 24.252 0 0.71318 0 0 -0.700981 -282.792 119.976 15030.3 0.997778 0.0583364 0.0299354 -0.0118142 
1576462509.966275 1576462510.366870 -0.00019856 0.7392 0 1 0 0 0.000408167 -185.625 296.543 2294.86 1 0.000570879 -0.000144142 0.000740538 36.786 24.2649 0 0.713466 0 0 -0.700689 -326.08 149.369 17351.1 0.997757 0.0588855 0.0298415 -0.0110498 
1576462510.366870 1576462510.668148 -0.000167341 0.542462 0 1 0 0 -5.04625e-05 -136.377 207.832 1700.24 1 -0.000509929 -7.74389e-06 0.000182378 37.3284 24.2749 0 0.713431 -0 0 -0.700725 -357.832 157.325 19069.1 0.99779 0.0583714 0.0298389 -0.0108826 
1576462510.668148 1576462511.071448 0.000607854 0.730153 0 1 0 0 0.000124836 -180.655 278.404 2228.9 0.999999 -0.00126314 0.000105261 -0.000850459 38.0584 24.2874 0 0.713519 0 0 -0.700636 -401.216 175.98 21322.1 0.99785 0.0571352 0.0298805 -0.011775 
1576462511.071448 1576462511.473311 0.000285319 0.706522 0 1 0 0 -0.000421753 -152.644 278.984 2199.45 1 -0.000326197 5.21878e-05 0.000673766 38.7648 24.3 0 0.713223 0 0 -0.700937 -417.838 203.792 23544.1 0.997874 0.0567889 0.0299672 -0.0111154 
1576462511.473311 1576462511.775284 3.49264e-05 0.524303 0 1 -0 0 -0.000150343 -138.372 196.366 1623.08 0.999999 0.000448656 0.000365302 -0.00138897 39.2891 24.3091 0 0.713118 -0 0 -0.701044 -455.879 216.406 25184.4 0.997821 0.0572741 0.0302578 -0.0125087 
1576462511.775284 1576462512.180808 0.000870661 0.703985 0 1 0 0 -0.000654395 -150.719 246.898 2162.1 1 -0.000285667 0.000735857 0.000286517 39.993 24.3202 0 0.712659 0 0 -0.701511 -471.798 216.084 27365.7 0.997819 0.0569712 0.0310049 -0.0122736 
1576462512.180808 1576462512.585855 0.000786393 0.672535 0 0.999999 -0 0 -0.00160879 -148.55 260.742 2073.93 0.999998 0.00122565 0.000847069 0.00134296 40.6654 24.33 0 0.711529 -0 0 -0.702657 -487.288 240.797 29461 0.997737 0.058142 0.0319416 -0.0109438 
1576462512.585855 1576462512.988345 0.000750728 0.672096 0 0.999999 -0 0 -0.00104896 -153.776 262.348 2086.83 0.999999 6.08389e-05 0.00104838 -1.62341e-05 41.3375 24.3377 0 0.710792 -0 0 -0.703403 -503.653 260.521 31569.8 0.997699 0.0581917 0.0329873 -0.011019 
1576462512.988345 1576462513.387875 0.000771093 0.699551 0 1 0 0 -0.000802791 -155.718 261.324 2158.66 0.999999 0.000586428 0.000763955 -0.000537322 42.037 24.3443 0 0.710227 0 0 -0.703973 -512.925 270.614 33749.7 0.997634 0.0587861 0.0337247 -0.0115802 
1576462513.387875 1576462513.790810 0.000438326 0.751156 0 1 0 0 -0.000702412 -183.311 293.521 2265.89 0.999999 -0.00140298 0.000877462 -0.000374005 42.7881 24.3505 0 0.709732 0 0 -0.704472 -538.438 297.991 36041.6 0.997681 0.0573888 0.0345618 -0.0120522 
1576462513.790810 1576462514.092357 7.29304e-05 0.567241 0 1 0 0 -0.000212251 -135.064 217.838 1768.52 1 -0.000489746 0.000697331 0.000212732 43.3553 24.3546 0 0.709583 0 0 -0.704622 -547.52 313.054 37828.5 0.997687 0.0568844 0.0352638 -0.0118969 
1576462514.092357 1576462514.394048 0.000433424 0.580883 0 1 -0 0 -0.000738443 -115.649 223.956 1792.83 0.999999 0.000350016 0.00055567 0.000885803 43.9362 24.3582 0 0.709062 -0 0 -0.705146 -532.908 332.777 39638.8 0.997657 0.0571957 0.0358727 -0.0110324 
1576462514.394048 1576462514.797834 0.000820374 0.784987 0 1 -0 0 -0.000870875 -171.08 306.491 2443.71 0.999999 -0.00098354 0.000675512 0.000138838 44.7212 24.3618 0 0.708448 -0 0 -0.705763 -523.671 359.433 42107.4 0.99769 0.056202 0.0365437 -0.0109678 
1576462514.797834 1576462515.099551 -3.23469e-05 0.620676 0 1 -0 0 -0.00017327 -156.251 235.249 1850.72 0.999999 -0.00046928 0.000337721 -0.0011365 45.3419 24.3642 0 0.708325 -0 0 -0.705886 -540.683 386.887 43979.3 0.997691 0.0557716 0.0368116 -0.0121378 
1576462515.099551 1576462515.401675 0.000173637 0.60246 0 1 -0 0 -0.000360945 -139.642 233.515 1857.18 1 0.000677353 0.000171718 -8.8071e-05 45.9443 24.3661 0 0.708071 -0 0 -0.706142 -539.389 413.352 45856.1 0.997645 0.0564485 0.0369862 -0.0122103 
1576462515.401675 1576462515.804978 0.000498133 0.80519 0 1 -0 0 -0.000594501 -192.073 305.354 2502.88 1 -0.000234081 0.000536226 -0.000196736 46.7495 24.3678 0 0.707651 -0 0 -0.706563 -540.908 436.383 48384.7 0.997636 0.0562157 0.0375072 -0.0124455 
1576462515.804978 1576462516.107919 0.000306753 0.603843 0 1 0 0 -0.000347071 -145.659 221.634 1864.99 0.999999 0.0011844 0.000503812 0.00083917 47.3534 24.3684 0 0.707405 0 0 -0.706808 -542.713 448.62 50268.4 0.99756 0.0573595 0.0380717 -0.0115922 
1576462516.107919 1576462516.415061 0.000347663 0.619779 0 1 -0 0 -0.000762859 -128.877 232.323 1878.12 1 0.000613787 0.000170278 0.000448788 47.9731 24.3686 0 0.706866 -0 0 -0.707348 -524.634 465.182 52165.1 0.997523 0.0579527 0.0382744 -0.0111309 
1576462516.415061 1576462516.715151 6.21469e-05 0.598765 0 1 0 0 0.000125776 -139.456 224.394 1843.05 1 0.000610263 2.80507e-05 -0.000132361 48.5719 24.3681 0 0.706955 0 0 -0.707259 -519.312 475.832 54026.9 0.997485 0.0585662 0.0383015 -0.0112412 
1576462516.715151 1576462517.117260 4.1223e-05 0.781033 0 1 0 0 8.76756e-06 -192.451 306.136 2412.61 1 -0.000185835 -2.87372e-08 -0.000873882 49.3529 24.3677 0 0.706961 -0 0 -0.707252 -521.74 499.281 56466.4 0.997486 0.0584143 0.0382482 -0.01212 
1576462517.117260 1576462517.435180 5.43743e-05 0.614599 0 1 0 0 -0.000110049 -128.634 229.75 1833.29 1 -0.000846027 -2.79082e-06 -0.000324226 49.9675 24.3674 0 0.706883 0 0 -0.70733 -506.087 514.59 58318.4 0.997531 0.0575828 0.0382162 -0.0124756 
1576462517.435180 1576462517.727697 -2.04175e-05 0.554014 0 1 0 0 0.000110036 -134.431 224.507 1763.81 1 -0.000767041 3.3474e-05 2.93101e-05 50.5215 24.3671 0 0.706961 0 0 -0.707252 -501.562 535.981 60101.3 0.997574 0.0568161 0.0382417 -0.0124776 
1576462517.727697 1576462518.136141 0.000200415 0.767086 0 1 0 0 -0.000168215 -162.421 290.017 2326.84 1 -0.000685267 -0.000106582 0.000695228 51.2886 24.3666 0 0.706842 0 0 -0.707371 -480.743 561.391 62451.6 0.997625 0.0561072 0.0381663 -0.0118042 
1576462518.136141 1576462518.437551 -0.000120098 0.557141 0 1 0 0 2.41573e-05 -142.475 209.06 1751.83 0.999999 -0.000443987 -0.000307119 -0.000847406 51.8458 24.3663 0 0.706859 -0 0 -0.707354 -485.861 574.13 64221.5 0.997651 0.0557002 0.0378071 -0.0126493 
1576462518.437551 1576462518.843574 0.000146787 0.758973 0 1 0 0 -0.000188167 -181.409 272.679 2284.36 1 0.000741389 -0.0004123 -0.000528244 52.6047 24.3656 0 0.706726 0 0 -0.707487 -489.557 592.778 66529.2 0.997618 0.056465 0.0373757 -0.0131253 
1576462518.843574 1576462519.242859 8.6221e-05 0.727375 0 1 -0 0 -4.77551e-05 -175.391 289.053 2249.99 1 0.000251352 -0.000415747 -0.000130275 53.3321 24.3647 0 0.706692 -0 0 -0.707521 -491.154 628.047 68804.1 0.997618 0.0567261 0.0369569 -0.0132224 
1576462519.242859 1576462519.545710 -4.38619e-05 0.537604 0 1 0 0 -3.63054e-05 -111.157 217.809 1666.32 1 -0.000285068 -0.000374271 0.000877386 53.8697 24.3641 0 0.706667 0 0 -0.707547 -474.938 656.619 70488 0.997659 0.0564142 0.0366295 -0.0123364 
1576462519.545710 1576462519.949524 0.000295715 0.725999 0 1 0 0 -0.000253544 -176.105 281.801 2199.36 0.999999 -0.000960392 -0.000387843 -0.000923175 54.5957 24.3629 0 0.706487 0 0 -0.707726 -484.731 690.591 72712 0.997715 0.0554946 0.0361786 -0.0132707 
1576462519.949524 1576462520.348921 -3.16494e-05 0.690619 0 1 0 0 4.25295e-05 -169.282 258.76 2175.1 1 1.88906e-05 -0.000351021 0.000662846 55.2863 24.3618 0 0.706517 0 0 -0.707696 -491.798 708.519 74908.9 0.997735 0.0554941 0.0358654 -0.0125892 
1576462520.348921 1576462520.651732 -0.000436152 0.54132 0 1 0 0 0.000895601 -120.695 195.385 1628.79 1 0.00023334 -0.000606187 -0.000712319 55.8277 24.3613 0 0.707151 0 0 -0.707063 -492.165 723.353 76553.7 0.997735 0.0557601 0.035224 -0.0132579 
1576462520.651732 1576462521.055958 -2.38551e-05 0.719884 0 1 0 0 -4.17177e-05 -167.476 274.637 2197.74 1 0.000394526 -0.000258081 0.00076052 56.5475 24.3614 0 0.707121 0 0 -0.707092 -499.595 753.369 78774.7 0.997731 0.0561303 0.0350141 -0.0124708 
1576462521.055958 1576462521.459279 5.96178e-05 0.768147 0 1 0 0 -0.000127324 -182.922 275.162 2290.14 0.999998 0.00210421 -0.000224624 -0.000302095 57.3157 24.3614 0 0.707031 0 0 -0.707182 -517.278 772.035 81088.4 0.997615 0.058243 0.0347992 -0.0126859 
1576462521.459279 1576462521.761340 -0.000285571 0.532773 0 1 0 0 0.000465843 -109.708 176.89 1593.79 1 -0.000248519 -0.000627396 -0.000349425 57.8485 24.3615 0 0.707361 0 0 -0.706853 -513.185 763.381 82695.7 0.997647 0.0580152 0.0341498 -0.0130066 
1576462521.761340 1576462522.163500 2.55996e-05 0.751963 0 1 0 0 0.000170098 -193.335 333.493 2285 0.999998 -0.00203129 -0.000557929 0.000321316 58.6004 24.3621 0 0.707481 0 0 -0.706732 -543.778 832.233 85011.7 0.997785 0.0559848 0.0335853 -0.012723 
1576462522.163500 1576462522.465247 -0.000805504 0.598691 0 0.999999 0 0 0.00124541 -166.501 206.591 1760.59 0.999998 -0.00112937 -0.00130281 -0.000967171 59.1991 24.3635 0 0.708361 0 0 -0.705851 -588.338 842.863 86791.6 0.997878 0.0549069 0.0322168 -0.013653 
1576462522.465247 1576462522.768782 5.72596e-05 0.577327 0 1 0 0 6.787e-05 -142.727 214.458 1818.4 1 -0.000629333 -0.000488795 0.000549004 59.7764 24.3655 0 0.708408 -0 0 -0.705803 -609.923 858.47 88628 0.997936 0.0542679 0.0317506 -0.0130986 
1576462522.768782 1576462523.171161 0.00101522 0.797182 0 0.999998 -0 0 -0.00206927 -191.091 262.521 2357.65 0.999964 -0.00827798 4.97406e-05 0.00202653 60.5736 24.3674 0 0.706946 -0 0 -0.707267 -646.742 866.369 91007.6 0.998373 0.04594 0.0318006 -0.0113413 
1576462523.171161 1576462523.472900 -0.000367204 0.5653 0 1 0 0 0.000455823 -123.002 228.358 1641.74 0.999952 0.00969357 -0.00068563 0.00079209 61.1389 24.3675 0 0.707269 -0 0 -0.706945 -661.089 944.349 92667.8 0.997911 0.0555982 0.0312609 -0.0102102 
1576462523.472900 1576462523.878736 -0.00105942 0.793016 0 0.999998 0 0 0.0018432 -210.443 272.527 2302.66 0.999997 -0.000387174 -0.0011332 -0.00197043 61.9319 24.3689 0 0.708571 0 0 -0.70564 -723.524 961.709 94995.2 0.997946 0.0552849 0.0300165 -0.0121256 
1576462523.878736 1576462524.179539 -0.000715261 0.57661 0 0.999999 0 0 0.00122679 -148.185 207.967 1714.31 0.999999 0.000906841 -0.00115503 -0.000573173 62.5085 24.3721 0 0.709436 0 0 -0.70477 -765.27 981.028 96727.8 0.997922 0.056221 0.0288431 -0.0126065 
1576462524.179539 1576462524.479506 -0.000177255 0.578117 0 1 0 0 6.027e-05 -136.799 217.568 1724.39 0.999999 0.000957373 0.000253841 0.00132088 63.0866 24.376 0 0.709478 0 0 -0.704727 -798.796 1005.41 98470.7 0.997876 0.057135 0.0291827 -0.011275 
1576462524.479506 1576462524.882002 0.00065533 0.768945 0 0.999999 -0 0 -0.00143641 -154.298 287.523 2291.47 0.999998 -7.69998e-05 0.00163582 0.00138069 63.8556 24.3806 0 0.708465 -0 0 -0.705746 -814.857 1031.14 100785 0.997846 0.0569993 0.030893 -0.00999293 
1576462524.882002 1576462525.184421 0.00174737 0.566076 0 0.999995 -0 0 -0.0032585 -99.0386 209.178 1695.47 0.999997 0.000367896 0.00252524 -1.91679e-05 64.4217 24.381 0 0.706162 -0 0 -0.708051 -806.179 1046.63 102496 0.997744 0.0573416 0.0334153 -0.0101446 
1576462525.184421 1576462525.586294 0.00210846 0.735226 0 0.999996 -0 0 -0.00291369 -141.838 249.119 2197.51 0.999996 -0.00039791 0.00259143 -0.00144732 65.1569 24.3769 0 0.704096 -0 0 -0.710105 -797.7 1043.45 104712 0.997661 0.0569664 0.0359137 -0.0117505 
1576462525.586294 1576462525.887834 0.00102736 0.539168 0 0.999998 -0 0 -0.00197135 -131.255 192.76 1610.31 0.999995 -0.00107922 0.00272611 -0.00101618 65.696 24.3713 0 0.702694 -0 0 -0.711492 -810.034 1053.05 106339 0.997608 0.0558939 0.0385627 -0.0129583 
1576462525.887834 1576462526.290354 0.00260901 0.732918 0 0.999994 -0 0 -0.00358617 -124.921 293.46 2161.79 0.999993 -0.00164946 0.00349127 -4.56002e-06 66.4288 24.3596 0 0.700138 -0 0 -0.714007 -762.49 1104.02 108523 0.997558 0.0542029 0.0420237 -0.0132215 
1576462526.290354 1576462526.693602 0.00323825 0.714418 0 0.99999 -0 0 -0.00440141 -98.2811 258.995 2139.18 0.99999 -0.00181182 0.00378374 0.00138748 67.1431 24.3423 0 0.696989 -0 0 -0.717082 -676.09 1129.84 110679 0.997505 0.0522866 0.045849 -0.0121185 
1576462526.693602 1576462527.096058 0.00295058 0.700867 0 0.999992 -0 0 -0.00406175 -134.451 254.971 2100.57 0.999989 -0.000613783 0.00449871 -0.000959754 67.8436 24.3195 0 0.694071 -0 0 -0.719907 -613.074 1164.5 112798 0.997309 0.0516633 0.0502784 -0.0133391 
1576462527.096058 1576462527.395984 0.00127953 0.516848 0 0.999997 -0 0 -0.00227118 -100.477 191.35 1552.95 0.999997 -0.000478283 0.00236653 -0.000803893 68.36 24.2993 0 0.692434 -0 0 -0.721481 -553.323 1194.8 114364 0.997201 0.051195 0.0525905 -0.0142871 
1576462527.395984 1576462527.798140 0.00289206 0.698262 0 0.999992 -0 0 -0.00405347 -112.53 274.626 2068.19 0.999991 0.00174435 0.00346536 0.00150395 69.0576 24.2677 0 0.689504 -0 0 -0.724282 -441.982 1256.2 116450 0.996942 0.0528054 0.0561476 -0.0128729 
1576462527.798140 1576462528.200388 0.00212528 0.759801 0 0.999996 -0 0 -0.00287351 -157.962 285.239 2184.57 0.999993 0.00105933 0.00362825 0.000470055 69.8163 24.2283 0 0.68742 -0 0 -0.726261 -348.287 1309.7 118656 0.996681 0.053788 0.0598028 -0.0125363 
1576462528.200388 1576462528.505232 0.00136064 0.578699 0 0.999997 -0 0 -0.00249939 -105.499 212.265 1717.12 0.999998 0.000189354 0.00220087 5.90281e-05 70.3941 24.1951 0 0.685602 -0 0 -0.727976 -243.948 1335.95 120386 0.996538 0.0539455 0.0620018 -0.0125845 
1576462528.505232 1576462528.803759 0.000986575 0.589803 0 1 0 0 -0.000915802 -140.09 229.715 1756.53 0.999996 -0.000648804 0.00115167 0.00231362 70.9828 24.1588 0 0.684935 0 0 -0.728604 -160.941 1375.23 122160 0.996527 0.0531408 0.0632659 -0.0103812 
1576462528.803759 1576462529.209132 -0.00240622 0.817267 0 0.999995 0 0 0.00301582 -226.076 305.121 2369.45 0.999996 -9.02789e-06 -0.0021991 0.00166167 71.7986 24.1108 0 0.687129 0 0 -0.726535 -80.6396 1427.65 124558 0.99668 0.0530493 0.0611624 -0.00860897 
1576462529.209132 1576462529.517524 -0.00145333 0.607942 0 0.999997 0 0 0.00249032 -202.011 213.414 1841.28 0.999996 0.000578075 -0.00237573 -0.00112328 72.4057 24.0783 0 0.688937 0 0 -0.724822 -53.2581 1445.34 126423 0.996781 0.0537144 0.0587397 -0.0095671 
1576462529.517524 1576462529.816987 -0.00089644 0.603557 0 0.999998 0 0 0.00177294 -149.712 223.272 1799.94 0.999998 0.000175997 -0.00199464 0.00034736 73.0085 24.0486 0 0.690221 0 0 -0.723599 12.6836 1474.43 128241 0.99689 0.0538884 0.0567717 -0.00910336 
1576462529.816987 1576462530.219436 -0.00249943 0.752832 0 0.999995 0 0 0.00312072 -189.146 271.96 2229.79 0.999995 -0.00157717 -0.00261149 0.00055614 73.7607 24.0156 0 0.692475 0 0 -0.721442 81.5911 1505.16 130494 0.997124 0.0523081 0.0541837 -0.00849772 
1576462530.219436 1576462530.621563 -0.00186475 0.647303 0 0.999996 0 0 0.00294506 -194.139 242.92 1927.18 0.999996 0.00150085 -0.00247208 -0.000533639 74.4075 23.9909 0 0.694597 0 0 -0.719399 100.643 1546.1 132446 0.99717 0.0538543 0.0517033 -0.00881915 
1576462530.621563 1576462531.023745 -0.00186936 0.62217 0 0.999996 0 0 0.002758 -193.538 215.878 1852.53 0.999997 0.000240228 -0.00242974 -0.000978448 75.0293 23.971 0 0.696579 0 0 -0.717481 102.43 1562.36 134321 0.997271 0.0541657 0.0492297 -0.00965153 
1576462531.023745 1576462531.425739 -0.00113461 0.605676 0 0.999998 0 0 0.00173457 -155.755 233.514 1800.78 0.999997 -0.000136113 -0.00253213 0.00036572 75.6348 23.9542 0 0.697822 0 0 -0.716271 128.136 1600.37 136143 0.997403 0.0540362 0.0467228 -0.00915632 
1576462531.425739 1576462531.930227 -0.00142221 0.753533 0 0.999997 0 0 0.0024415 -185.37 258.4 2210.89 0.999996 -5.79392e-05 -0.00263891 0.00136891 76.3881 23.936 0 0.699569 0 0 -0.714565 153.505 1619.46 138376 0.997538 0.0539384 0.044164 -0.00765104 
1576462531.930227 1576462532.330243 -0.00105655 0.568639 0 0.999998 0 0 0.00175951 -157.368 220.582 1677.11 0.999998 0.000818671 -0.00176 -0.000163137 76.9566 23.925 0 0.700825 0 0 -0.713333 147.574 1658.77 140074 0.997568 0.0547756 0.0424057 -0.00768267 
