groundtruth: cam2wheel_ryp.roll = 0.413635, cam2wheel_ryp.yaw = -3.10907, cam2wheel_ryp.pitch = -6.59755, cam2wheel_xyz.x = 1.89726, cam2wheel_xyz.y = -0.265, cam2wheel_xyz.z = 1.31122
from_timestamp to_timestamp delta_pos_wheel delta_q_wheel delta_pos_cam delta_q_cam pos_wheel q_wheel pos_cam q_cam 
1572160909.609972 1572160983.602572 0 0 0 1 0 0 0 -6.21465 3.67716 -3.35253 1 -6.93601e-06 0.000165436 -4.87918e-05 0 0 0 1 0 0 0 -447.158 -688.147 -101625 0.998748 0.0317454 0.038563 0.00268904 
1572160983.602572 1572160983.902459 0 0 0 1 0 0 0 0.215644 3.92244 -8.10103 1 -2.49027e-05 -0.000172661 -2.64653e-05 0 0 0 1 0 0 0 -447.58 -683.719 -101633 0.998756 0.0317211 0.0383898 0.00266713 
1572160983.902459 1572160985.602268 -0.00621793 0.716985 0 0.999978 0 0 0.00656142 -164.155 203.946 2989.04 0.999992 0.00342757 -0.00221429 -9.59299e-06 -0.00621793 0.716985 0 0.999978 0 0 0.00656142 -382.121 -670.245 -98633.1 0.998724 0.0351386 0.0361685 0.00285935 
1572160985.602268 1572160986.102237 -0.00665224 0.681092 0 0.999937 0 0 0.0112585 -238.656 198.928 2610.84 0.999942 0.000843761 -0.0106787 0.00115847 -0.0218073 1.39793 0 0.999841 0 0 0.0178193 -431.635 -656.489 -96004.4 0.999019 0.0359068 0.0255396 0.00442193 
1572160986.102237 1572160986.502203 -0.0102153 0.628878 0 0.999846 0 0 0.0175593 -373.67 192.537 2438.62 0.999854 0.000828431 -0.0170169 0.00108148 -0.0544248 2.02605 0 0.999374 0 0 0.035373 -680.936 -642.846 -93542.4 0.999273 0.0366263 0.00857086 0.00613388 
1572160986.502203 1572160986.902148 -0.0157221 0.660539 0 0.999686 0 0 0.0250494 -521.76 191.955 2624.13 0.999715 -0.000241959 -0.0238577 -0.000168711 -0.116809 2.68382 0 0.998175 0 0 0.0603957 -1158.68 -649.953 -90903 0.999203 0.0362292 -0.0152766 0.00683529 
1572160986.902148 1572160987.302115 -0.0201148 0.672693 0 0.999534 0 0 0.0305409 -596.861 207.95 2641.15 0.999553 -0.00122053 -0.0298763 0.000135565 -0.217884 3.34918 0 0.995864 0 0 0.0908527 -1837.6 -641.833 -88273.5 0.998343 0.0347913 -0.045109 0.00806873 
1572160987.302115 1572160987.702091 -0.0235499 0.674248 0 0.999364 0 0 0.035652 -700.959 197.685 2664.6 0.999378 -0.00132562 -0.0351672 0.00233474 -0.363053 4.00803 0 0.991992 0 0 0.126299 -2777.93 -640.788 -85676.1 0.996163 0.0332678 -0.080098 0.0116779 
1572160987.702091 1572160988.102047 -0.0255983 0.666323 0 0.999255 0 0 0.0385936 -769.702 170.457 2650.31 0.999251 -0.000601675 -0.0386942 -0.000186738 -0.554799 4.64669 0 0.986379 0 0 0.16449 -3963.3 -665.182 -83178.1 0.99234 0.0321767 -0.118583 0.0128186 
1572160988.102047 1572160988.502021 -0.0254488 0.655553 0 0.999235 0 0 0.0390964 -760.785 172.704 2583.68 0.999256 0.000944857 -0.0385566 -0.000308101 -0.791597 5.25851 0 0.979194 0 0 0.202928 -5314.08 -679.291 -80841.6 0.987003 0.0325596 -0.156778 0.0136319 
1572160988.502021 1572160988.901978 -0.0252969 0.64819 0 0.999252 0 0 0.0386693 -770.495 167.247 2565.1 0.999273 0.000906996 -0.0381159 0.000580212 -1.07241 5.84326 0 0.970614 0 0 0.240641 -6844.2 -701.158 -78637.2 0.980272 0.0330025 -0.194278 0.0152935 
1572160988.901978 1572160989.302005 -0.0243036 0.642139 0 0.999285 0 0 0.0377997 -753.726 193.355 2557.58 0.999276 0.000668528 -0.0380066 0.0018274 -1.39387 6.39967 0 0.960824 0 0 0.277158 -8520.52 -701.93 -76554.7 0.972128 0.0334077 -0.231344 0.0181982 
1572160989.302005 1572160989.702273 -0.0236431 0.622259 0 0.999276 0 0 0.0380479 -748.063 174.812 2507.92 0.999309 -0.000151738 -0.0371556 0.0013239 -1.74529 6.91374 0 0.949583 0 0 0.313515 -10321.9 -726.542 -74648.3 0.962841 0.0328672 -0.267257 0.020749 
1572160989.702273 1572160990.201770 -0.032185 0.726558 0 0.999018 0 0 0.0443144 -917.819 239.346 2913.65 0.999006 0.000531198 -0.0445743 -0.000419833 -2.20375 7.47831 0 0.934757 0 0 0.355287 -12617.1 -725.192 -72618.3 0.949962 0.0323089 -0.309934 0.0216472 
1572160990.201770 1572160990.701716 -0.0256149 0.654308 0 0.999234 0 0 0.0391312 -841.237 204.408 2674.83 0.999229 0.000311721 -0.0392637 -0.000184512 -2.6575 7.95042 0 0.920139 0 0 0.391593 -14879.8 -739.237 -70949.7 0.937054 0.031673 -0.347007 0.0226272 
1572160990.701716 1572160991.301635 -0.0232067 0.631782 0 0.999327 0 0 0.0366827 -881.181 207.055 2583.46 0.999327 -0.00147683 -0.0366412 0.000526473 -3.12888 8.37171 0 0.905155 0 0 0.425082 -17237.6 -744.727 -69558.9 0.923744 0.0296214 -0.381058 0.0247783 
1572160991.301635 1572160994.201406 -0.0182574 0.574254 0 0.999589 0 0 0.0286533 -730.492 158.753 2073.63 0.999623 -0.000793657 -0.0273468 0.00219786 -3.58245 8.72439 0 0.892603 0 0 0.450844 -19222.7 -756.036 -68600.7 0.912945 0.029037 -0.406091 0.0279117 
1572160994.201406 1572160998.201073 -0.017517 -0.395922 0 0.999146 -0 0 -0.0413275 772.885 -144.016 -1999.33 0.999204 0.000815171 0.039762 -0.00320105 -3.27418 8.47532 0 0.910473 0 0 0.413569 -17216 -727.098 -69367.3 0.92843 0.029568 -0.369583 0.0234815 
1572160998.201073 1572160998.901775 -0.0109122 -0.335957 0 0.999488 -0 0 -0.0319918 604.632 -99.2796 -1442.91 0.999556 0.00149498 0.0297276 -0.00121869 -3.02836 8.24607 0 0.923237 0 0 0.38423 -15782.5 -708.681 -70001.5 0.938989 0.0311905 -0.34189 0.0209081 
1572160998.901775 1572160999.500947 -0.0095865 -0.335526 0 0.999627 -0 0 -0.0273203 495.238 -106.259 -1400.02 0.999644 0.00045134 0.0266622 -0.00050357 -2.79707 8.00281 0 0.93339 0 0 0.358864 -14499.9 -703.735 -70757.6 0.947767 0.0319885 -0.316758 0.0194419 
1572160999.500947 1572161000.100917 -0.0101544 -0.346248 0 0.999542 -0 0 -0.0302757 496.37 -131.555 -1432.53 0.999534 -0.0006296 0.0305066 -0.000464374 -2.57265 7.73894 0 0.943827 0 0 0.33044 -13237.7 -722.182 -71607.4 0.957018 0.0318229 -0.2877 0.0182163 
1572161000.100917 1572161000.600886 -0.00736272 -0.278908 0 0.999638 -0 0 -0.0268924 442.403 -87.1657 -1173.19 0.999636 -0.000191505 0.0269957 1.0784e-05 -2.40443 7.51635 0 0.952372 0 0 0.304939 -12219.5 -718.033 -72344.3 0.964442 0.0321229 -0.261756 0.017416 
1572161000.600886 1572161001.200829 -0.0108786 -0.335736 0 0.999509 -0 0 -0.0313248 510.616 -111.945 -1415.39 0.999519 -0.000373921 0.0310103 0.000311722 -2.21828 7.23673 0 0.961457 0 0 0.274956 -11060.5 -720.508 -73310.3 0.972102 0.0323685 -0.231706 0.01681 
1572161001.200829 1572161001.806198 -0.0101826 -0.351345 0 0.999614 -0 0 -0.027785 451.148 -104.36 -1444.26 0.999618 0.000100905 0.0276299 -0.000487672 -2.04116 6.93313 0 0.968725 0 0 0.248136 -10004 -714.474 -74398.5 0.978138 0.0328057 -0.204776 0.0154118 
1572161001.806198 1572161002.300713 -0.00715521 -0.307147 0 0.999728 -0 0 -0.0233344 383.798 -91.0212 -1279.86 0.999735 -1.21838e-05 0.0229847 -0.00105832 -1.89978 6.66036 0 0.974252 0 0 0.225464 -9137.18 -708.626 -75419.4 0.982602 0.0329226 -0.182274 0.013621 
1572161002.300713 1572161002.800674 -0.00773876 -0.32733 0 0.999747 -0 0 -0.0224917 342.222 -103.588 -1351.28 0.999755 -0.000469928 0.0221047 -0.000826045 -1.76293 6.36291 0 0.979076 0 0 0.203494 -8330.98 -712.759 -76561.3 0.986417 0.0326033 -0.16053 0.0121639 
1572161002.800674 1572161003.300626 -0.00794055 -0.380226 0 0.999794 -0 0 -0.0203204 349.935 -101.186 -1539.43 0.99979 -0.000289397 0.0204605 -0.000663448 -1.6187 6.01101 0 0.983009 0 0 0.183557 -7509.38 -703.937 -77913.1 0.989513 0.0324534 -0.140332 0.0108863 
1572161003.300626 1572161003.700566 -0.00552641 -0.341331 0 0.999878 -0 0 -0.0156409 285.081 -107.112 -1367.77 0.999877 -0.000225887 0.0156432 -0.000983868 -1.50068 5.69069 0 0.98576 0 0 0.168159 -6853.42 -715.227 -79151.3 0.991604 0.0322581 -0.124865 0.00943543 
1572161003.700566 1572161004.002523 -0.00299475 -0.279429 0 0.999947 -0 0 -0.0102499 190.524 -65.6981 -1117.34 0.999947 -0.00028775 0.0103361 -8.3113e-05 -1.41086 5.42607 0 0.987432 0 0 0.158047 -6391.11 -704.632 -80188.2 0.992852 0.0320582 -0.114609 0.00905502 
1572161004.002523 1572161004.400952 -0.00491481 -0.392121 0 0.999918 -0 0 -0.0128332 224.227 -104.291 -1562.99 0.999919 -0.000508123 0.0127182 0.000678263 -1.29314 5.052 0 0.989379 0 0 0.145362 -5815.37 -703.567 -81662.2 0.994239 0.031744 -0.101946 0.00937821 
1572161004.400952 1572161004.700385 -0.00318053 -0.305565 0 0.999945 -0 0 -0.0105059 187.279 -80.4912 -1195.65 0.99995 -0.00025426 0.0100196 0.000443743 -1.2083 4.75844 0 0.990851 0 0 0.134959 -5388.32 -703.843 -82797.4 0.995214 0.0316288 -0.0919625 0.00952678 
1572161004.700385 1572161005.000357 -0.0034707 -0.317052 0 0.999941 -0 0 -0.0108527 216.092 -109.392 -1268.29 0.999948 -3.12464e-05 0.0101505 -0.000127168 -1.12685 4.45201 0 0.992257 0 0 0.124198 -4941.83 -728.088 -84008.7 0.996099 0.0316811 -0.0818596 0.00908156 
1572161005.000357 1572161005.300338 -0.00366823 -0.326405 0 0.999937 -0 0 -0.0112145 226.228 -57.3531 -1334.73 0.999941 0.000904468 0.0108202 -0.000367868 -1.04995 4.13477 0 0.993588 0 0 0.113062 -4500.43 -696.171 -85289.4 0.9969 0.0326483 -0.0710966 0.00829775 
1572161005.300338 1572161005.600311 -0.00374963 -0.332284 0 0.999937 -0 0 -0.0112178 217.898 -82.5605 -1356.73 0.999933 0.000579545 0.0115503 0.000441526 -0.978949 3.81014 0 0.994794 0 0 0.101909 -4091.43 -686.035 -86603.8 0.997632 0.0333511 -0.0595677 0.00831905 
1572161005.600311 1572161005.900288 -0.00378235 -0.330024 0 0.999933 -0 0 -0.0115736 220.134 -110.312 -1324.64 0.99993 0.000575009 0.0117521 -0.000832901 -0.915738 3.4862 0 0.995907 0 0 0.0903893 -3713.92 -703.847 -87897 0.998251 0.0339706 -0.0478719 0.00706135 
1572161005.900288 1572161006.200269 -0.00394862 -0.319126 0 0.999921 -0 0 -0.0125785 237.754 -90.9871 -1305.47 0.999926 0.00042164 0.0121055 -0.000605444 -0.862167 3.17158 0 0.996965 0 0 0.0778551 -3351.55 -702.614 -89176.8 0.998747 0.0344455 -0.0358076 0.00602503 
1572161006.200269 1572161006.500234 -0.00384213 -0.305342 0 0.999918 -0 0 -0.012791 235.955 -100.369 -1232.34 0.999921 0.000169112 0.0125397 8.27287e-05 -0.818562 2.86934 0 0.997879 0 0 0.0650965 -3027.13 -715.158 -90392.9 0.999111 0.0346902 -0.023279 0.00566919 
1572161006.500234 1572161006.900198 -0.00671972 -0.387606 0 0.999844 -0 0 -0.0176521 310.908 -122.791 -1567.34 0.99985 0.000672072 0.0173278 -0.000295329 -0.774869 2.48415 0 0.998873 0 0 0.0474717 -2642.7 -725.567 -91948.7 0.999342 0.0354478 -0.0059772 0.00475652 
1572161006.900198 1572161007.200176 -0.00363586 -0.278545 0 0.999915 -0 0 -0.013018 233.986 -75.3221 -1136.91 0.99992 7.2578e-05 0.0126353 0.0001311 -0.752072 2.20651 0 0.999406 0 0 0.0344643 -2394.8 -717.957 -93085.1 0.999335 0.0355784 0.00665453 0.00443883 
1572161007.200176 1572161007.600138 -0.00539503 -0.352268 0 0.999901 -0 0 -0.0140705 256.225 -86.03 -1432.48 0.999899 -3.04159e-05 0.0141988 0.000263703 -0.733187 1.85471 0 0.999792 0 0 0.0203987 -2157.39 -699.593 -94523.3 0.99914 0.0356057 0.0208527 0.00419654 
1572161007.600138 1572161008.000110 -0.00101704 -0.310645 0 0.999999 0 0 -0.00157492 86.8196 -115.429 -1232.6 0.999998 -0.000709572 0.00188975 -0.000585722 -0.721533 1.54428 0 0.999823 0 0 0.0188241 -2121.58 -726.385 -95763.5 0.999126 0.0349168 0.0227229 0.00352923 
1572161008.000110 1572161008.500066 0.00273476 -0.324116 0 0.999945 0 0 0.0104561 -86.1831 -100.883 -1256.99 0.99994 -0.0011187 -0.0109123 6.80024e-05 -0.7066 1.2205 0 0.999571 0 0 0.0292774 -2264.5 -740.262 -97019.3 0.999352 0.0337569 0.0118251 0.00395256 
1572161008.500066 1572161009.100010 0.00701514 -0.329668 0 0.999769 0 0 0.0215004 -295.305 -101.512 -1274.81 0.999765 -0.000639023 -0.0216673 -3.26072e-05 -0.680301 0.891805 0 0.998711 0 0 0.0507618 -2589.47 -758.216 -98290.8 0.999395 0.0330251 -0.00982954 0.00464291 
1572161009.100010 1572161009.799945 0.0036941 -0.347675 0 0.99997 0 0 0.00779131 -54.2751 -112.234 -1378.49 0.999969 -2.04297e-05 -0.00780626 0.00040235 -0.641374 0.546296 0 0.998285 0 0 0.0585415 -2615.95 -779.548 -99674.5 0.999287 0.0329714 -0.0176174 0.00530288 
1572161009.799945 1572161010.599878 -0.00202361 -0.33298 0 0.999958 -0 0 -0.00916784 182.745 -90.3172 -1323.83 0.999949 -0.000562236 0.0101014 -7.44972e-06 -0.604465 0.215362 0 0.99878 0 0 0.0493869 -2386.12 -780.457 -100994 0.999432 0.0324613 -0.00751956 0.00497201 
1572161010.599878 1572161011.299809 -0.00691346 -0.346019 0 0.999803 -0 0 -0.0198447 343.223 -101.846 -1413.86 0.999807 -0.000855654 0.0196164 -0.000640127 -0.577208 -0.129651 0 0.999563 0 0 0.0295567 -2021.1 -786.995 -102406 0.999418 0.0316926 0.0120706 0.00370095 
1572161011.299809 1572161012.099738 -0.00407933 -0.29456 0 0.999934 0 0 -0.0114582 210.104 -86.5242 -1124.12 0.999938 1.54155e-05 0.0111223 -2.54957e-05 -0.563876 -0.423938 0 0.999836 0 0 0.0181016 -1837.87 -800.518 -103538 0.999221 0.0317475 0.0231848 0.00332293 
1572161012.099738 1572161014.599511 -0.000135629 -0.171077 0 0.999999 0 0 -0.00105807 15.4222 -29.4461 -416.667 1 -0.000672466 0.000412293 4.04906e-05 -0.557819 -0.594907 0 0.999855 0 0 0.0170437 -1841.71 -803.407 -103956 0.999233 0.031076 0.0236003 0.00333471 
1572161014.599511 1572161032.097837 0 0 0 1 0 0 0 -9.37523 4.07591 -4.17041 1 3.41368e-05 0.000268879 -1.75012e-05 -0.557819 -0.594907 0 0.999855 0 0 0.0170437 -1851.29 -799.157 -103960 0.999225 0.0311114 0.0238683 0.00330967 
1572161032.097837 1572161033.597670 0.000296617 0.155269 0 0.999998 -0 0 -0.0021046 22.1294 61.9232 863.3 0.999993 0.00122 0.00339267 -0.000310409 -0.562814 -0.439718 0 0.999888 0 0 0.0149394 -1788.15 -790.715 -103096 0.999101 0.0323489 0.0272445 0.00292305 
1572161033.597670 1572161034.197616 0.00115019 0.319848 0 0.999993 -0 0 -0.00376926 27.154 92.7621 1255.62 0.999992 0.000607204 0.00389049 -0.000544216 -0.57122 -0.119979 0 0.999938 0 0 0.0111704 -1692.82 -778.905 -101840 0.998969 0.0329815 0.0311119 0.00226999 
1572161034.197616 1572161034.697569 0.00120948 0.350759 0 0.999995 -0 0 -0.00322918 7.77924 104.307 1378.32 0.999993 0.000158122 0.00360627 -0.000288022 -0.577847 0.23072 0 0.999968 0 0 0.00794138 -1599.43 -765.405 -100461 0.998846 0.0331564 0.0347044 0.00186823 
1572161034.697569 1572161035.097526 0.000765917 0.32314 0 0.999997 -0 0 -0.00247015 1.31543 88.1153 1256.86 0.999996 9.5972e-05 0.00268228 -5.63339e-05 -0.582213 0.553831 0 0.999985 0 0 0.00547128 -1510.96 -760.563 -99204.6 0.998746 0.0332591 0.0373814 0.00172635 
1572161035.097526 1572161035.497526 0.000926215 0.355309 0 0.999996 -0 0 -0.00266588 -2.72278 117.373 1373.82 0.999996 0.000481505 0.00261248 0.000136666 -0.585175 0.909129 0 0.999996 0 0 0.00280542 -1411.04 -734.559 -97829.6 0.998629 0.0337393 0.0399942 0.00179395 
1572161035.497526 1572161035.797460 0.000553088 0.288838 0 0.999998 -0 0 -0.00188637 -13.4733 90.1463 1107.34 0.999997 0.000769192 0.00215109 -0.000255591 -0.586242 1.19797 0 1 0 0 0.000919057 -1335.97 -719.164 -96721.2 0.998514 0.0345214 0.0421322 0.00149689 
1572161035.797460 1572161036.197527 0.000890676 0.415112 0 0.999998 -0 0 -0.0018412 -26.0427 136.002 1604.18 0.999997 0.0008387 0.0022202 0.000163765 -0.586115 1.61308 0 1 -0 0 -0.000922149 -1226.79 -694.031 -95114.9 0.998389 0.0353552 0.0443534 0.0016191 
1572161036.197527 1572161036.497394 4.42625e-05 0.330659 0 1 0 0 6.66465e-05 -30.5845 86.5332 1293.77 1 0.000449276 0.000223168 0.000304094 -0.585461 1.94374 0 1 0 0 -0.000855502 -1142.53 -699.059 -93820.6 0.998362 0.0357906 0.0445862 0.00193474 
1572161036.497394 1572161036.797360 -0.000389973 0.342562 0 0.999999 0 0 0.00159431 -80.183 89.6437 1348.58 0.999999 -0.000245604 -0.00122315 -1.97686e-05 -0.585265 2.2863 0 1 0 0 0.00073881 -1102.21 -706.353 -92467.3 0.998425 0.0355439 0.0433648 0.00194783 
1572161036.797360 1572161037.097324 -0.000992297 0.353627 0 0.999996 0 0 0.0027271 -86.1035 119.764 1407.41 0.999997 -0.000328075 -0.00234727 -0.000515459 -0.586779 2.63992 0 0.999994 0 0 0.0034659 -1066.02 -687.148 -91052.8 0.998536 0.035234 0.0410034 0.00150238 
1572161037.097324 1572161037.297343 -0.000404355 0.242131 0 0.999999 0 0 0.00165424 -58.4164 63.8328 977.917 0.999999 -0.0006032 -0.00111416 -0.000390454 -0.588862 2.88205 0 0.999987 0 0 0.00512013 -1044.06 -692.509 -90071.3 0.998603 0.034646 0.039878 0.00112702 
1572161037.297343 1572161037.597308 -0.000671605 0.370977 0 0.999999 0 0 0.0015631 -84.4371 118.515 1458.66 0.999999 -0.000498649 -0.00142182 0.000233712 -0.593333 3.253 0 0.999978 0 0 0.0066832 -1011.88 -675.503 -88605.9 0.998676 0.0341371 0.0384668 0.00138978 
1572161037.597308 1572161037.797265 -0.000229428 0.25403 0 1 0 0 0.000907961 -49.0504 82.1539 996.63 0.999999 -0.000370647 -0.000771225 0.000689586 -0.596957 3.507 0 0.999971 0 0 0.00759114 -984.131 -661.653 -87605.1 0.998716 0.0337393 0.0377206 0.00209052 
1572161037.797265 1572161038.097244 -0.000382181 0.387546 0 1 0 0 0.000990552 -68.3879 92.341 1534.24 0.999997 -0.00102329 -0.00125912 0.00161729 -0.603223 3.89449 0 0.999963 0 0 0.00858166 -936.661 -673.137 -86067.4 0.998792 0.0326536 0.0365197 0.00370961 
1572161038.097244 1572161038.397207 -0.000441606 0.391132 0 0.999999 0 0 0.00125403 -83.8215 133.869 1570.94 0.999999 -0.000738922 -0.00119037 -0.000740898 -0.610378 4.28556 0 0.999952 0 0 0.00983564 -905.946 -642.422 -84489.1 0.998862 0.0319382 0.0353093 0.00298149 
1572161038.397207 1572161038.597187 -0.000220808 0.256707 0 1 0 0 0.000845113 -60.0769 77.5445 1020.66 1 -0.000293149 -0.000748457 -0.000104289 -0.615648 4.54221 0 0.999943 0 0 0.0106807 -893.97 -630.437 -83463.9 0.998897 0.0316468 0.0345592 0.00289087 
1572161038.597187 1572161038.897153 -0.000623516 0.374547 0 0.999999 0 0 0.00160922 -86.0986 95.0689 1476.37 0.999999 0.000107065 -0.00113775 -0.000467331 -0.624272 4.91666 0 0.999924 0 0 0.0122898 -878 -629.293 -81982 0.998934 0.0317666 0.0334076 0.00246376 
1572161038.897153 1572161039.197184 -0.000358154 0.363907 0 1 0 0 0.000804006 -58.034 97.0154 1415.01 0.999999 0.000677995 -0.00109707 -0.00027405 -0.633574 5.28045 0 0.999914 0 0 0.0130938 -841.511 -622.454 -80563 0.998949 0.0324503 0.0323013 0.0022475 
1572161039.197184 1572161039.400341 -8.41326e-05 0.253561 0 1 0 0 0.000103276 -52.3625 61.0958 959.137 1 0.000467324 -0.00022928 -4.00467e-05 -0.640297 5.53392 0 0.999913 0 0 0.013197 -831.873 -623.877 -79600.6 0.998941 0.0329179 0.0320699 0.00223003 
1572161039.400341 1572161039.697080 -0.000145857 0.360341 0 1 0 0 0.000296573 -71.3273 109.266 1458 1 0.000570574 -0.000133612 -0.000162879 -0.649953 5.89413 0 0.999909 0 0 0.0134936 -809.678 -610.995 -78137 0.998927 0.0334928 0.0319298 0.00209002 
1572161039.697080 1572161039.997063 -0.000104091 0.377994 0 1 0 0 0.000209176 -66.3221 115.119 1480.08 1 0.000440972 0.000234208 0.000465465 -0.660257 6.27199 0 0.999906 0 0 0.0137027 -781.476 -595.394 -76651.3 0.998903 0.0339189 0.0321784 0.00256122 
1572161039.997063 1572161040.197029 -0.000119283 0.257847 0 1 0 0 0.000508095 -26.9227 77.592 1010.78 1 0.000125185 -0.000114155 0.000378333 -0.667442 6.52974 0 0.999899 0 0 0.0142108 -743.415 -586.506 -75637.9 0.998902 0.0340315 0.0320769 0.00294704 
1572161040.197029 1572161040.502665 -0.000196854 0.407402 0 1 0 0 0.000277151 -80.162 121.214 1551.86 1 4.52187e-05 0.000215152 -0.000518565 -0.679217 6.93697 0 0.999895 0 0 0.0144879 -724.1 -571.436 -74079.5 0.998894 0.0340939 0.032274 0.00242317 
1572161040.502665 1572161040.697072 -2.10815e-05 0.257346 0 1 0 0 -2.2125e-05 -35.776 87.7136 1056.12 1 5.61531e-05 -5.06739e-05 -0.000403467 -0.686694 7.1942 0 0.999895 0 0 0.0144658 -691.763 -555.949 -73019.7 0.998895 0.0341629 0.0322095 0.00202369 
1572161040.697072 1572161040.996997 -1.76636e-05 0.400373 0 1 -0 0 -4.10774e-05 -66.7844 125.804 1585.09 1 -0.000335126 0.000176546 -0.000117935 -0.698294 7.59441 0 0.999896 0 0 0.0144247 -656.424 -538.833 -71428.7 0.998901 0.0338323 0.0323825 0.00188906 
1572161040.996997 1572161041.196956 3.92301e-05 0.258191 0 1 -0 0 -0.000173311 -37.0491 91.7645 1028.95 1 -0.00056198 6.73455e-05 5.78698e-05 -0.705702 7.85249 0 0.999898 0 0 0.0142514 -626.842 -516.921 -70395.7 0.998918 0.0332692 0.0324528 0.00192639 
1572161041.196956 1572161041.496919 0.000140252 0.330642 0 1 0 0 -0.000313564 -42.1079 102.193 1341.42 0.999999 -0.00126294 -4.39423e-05 0.00117624 -0.714986 8.18301 0 0.999903 0 0 0.0139379 -581.891 -504.199 -69050.5 0.998957 0.0319693 0.0324504 0.00306183 
1572161041.496919 1572161041.896873 2.50687e-05 0.295997 0 1 0 0 7.06285e-05 -48.7248 84.1542 1194.27 1 -0.000829163 -0.000194088 -9.53974e-05 -0.723211 8.47889 0 0.999902 0 0 0.0140085 -553.19 -496.661 -67852.7 0.99899 0.0311435 0.032256 0.00294583 
1572161041.896873 1572161077.193373 8.13206e-05 0.34995 0 1 0 0 0.000866495 -68.3711 87.0859 1259.16 0.999997 0.00243079 -0.0010008 -0.000100206 -0.732933 8.8287 0 0.999889 0 0 0.0148749 -540.375 -488.396 -66588.8 0.998943 0.033572 0.0312458 0.00295529 
1572161077.193373 1572161077.693326 -0.000668852 0.305154 0 0.999997 0 0 0.00245696 -87.0871 81.9962 1219.18 0.999999 -0.000291025 -0.00165334 1.11834e-05 -0.742679 9.1337 0 0.99985 0 0 0.0173316 -551.253 -488.832 -65363.8 0.999003 0.033276 0.0295954 0.00301287 
1572161077.693326 1572161078.193268 -0.001079 0.404831 0 0.999997 0 0 0.00241685 -114.649 111.569 1584.57 0.999997 -6.3345e-05 -0.00199912 -0.0011114 -0.757788 9.53825 0 0.999805 0 0 0.019748 -572.135 -483.497 -63771.3 0.999065 0.0332395 0.0275614 0.00196722 
1572161078.193268 1572161078.493248 -0.000292324 0.278999 0 1 0 0 0.000862819 -64.9132 89.8803 1091.67 0.999999 0.000379412 -0.00106477 -0.000796313 -0.769097 9.81702 0 0.999788 0 0 0.0206106 -576.875 -466.577 -62674.1 0.999083 0.0336384 0.0264704 0.0012175 
1572161078.493248 1572161078.793308 -6.18172e-06 0.300212 0 1 0 0 -4.23126e-05 -59.8362 82.3688 1173.85 1 0.000165635 -0.00013679 -0.00043457 -0.781476 10.117 0 0.999788 0 0 0.0205683 -574.497 -463.472 -61495.9 0.999081 0.0338152 0.0263189 0.000792314 
1572161078.793308 1572161079.193204 0.000133309 0.426495 0 1 0 0 -0.000210866 -60.2376 122.633 1684.56 1 0.000328918 0.000407489 -0.000223142 -0.798884 10.5431 0 0.999793 0 0 0.0203575 -545.947 -455.075 -59806.1 0.999059 0.03415 0.0267182 0.000564254 
1572161079.193204 1572161079.493141 4.17712e-05 0.336818 0 1 0 0 -8.40035e-05 -47.2805 102.152 1319.61 1 -4.89716e-05 0.000472201 -0.000324395 -0.812553 10.8797 0 0.999794 0 0 0.0202735 -522.588 -443.306 -58481.9 0.999048 0.03411 0.0271789 0.00022273 
1572161079.493141 1572161079.693119 -5.23262e-05 0.228375 0 1 0 0 0.000187684 -25.118 66.5117 909.268 1 8.30987e-05 0.000215845 0.000297802 -0.821863 11.1078 0 0.999791 0 0 0.0204612 -498.183 -438.967 -57570.2 0.99904 0.034185 0.0274047 0.000515145 
1572161079.693119 1572161080.093082 2.96773e-05 0.412601 0 1 0 0 -0.000100442 -53.8823 -50.7231 1563.08 0.99996 0.00891329 0.000479585 -0.000401515 -0.838714 11.5201 0 0.999793 0 0 0.0203607 -466.383 -596.449 -56013.6 0.998682 0.0430996 0.0278644 0.000341866 
1572161080.093082 1572161080.396486 0.000239882 0.325296 0 1 -0 0 -0.000829197 -56.0874 351.181 1375.39 0.999905 -0.0137489 0.000759687 0.000107816 -0.851718 11.8451 0 0.999809 0 0 0.0195317 -445.192 -365.121 -54612.1 0.999159 0.029362 0.0286298 3.36601e-05 
1572161080.396486 1572161080.693040 0.00139801 0.359382 0 0.999995 -0 0 -0.00302106 -40.4622 25.1737 1377.58 0.999984 0.00559589 0.000685999 -0.000550833 -0.864357 12.2043 0 0.999864 0 0 0.0165111 -406.731 -420.888 -53235.4 0.998959 0.0349685 0.0292984 -0.000376643 
1572161080.693040 1572161080.893021 0.000190239 0.240446 0 1 -0 0 -0.000802587 -23.7564 45.6017 946.179 0.999999 0.000784441 0.000730882 -0.00049439 -0.872106 12.4446 0 0.999877 0 0 0.0157087 -374.958 -441.553 -52288.6 0.998909 0.0357663 0.0300115 -0.000873093 
1572161080.893021 1572161081.193499 0.000379107 0.366663 0 0.999999 -0 0 -0.00112609 -43.423 169.67 1463.98 0.999996 -0.00241711 0.00120177 -0.000551689 -0.883246 12.8111 0 0.999894 0 0 0.0145827 -329.957 -377.02 -50816.3 0.998955 0.0333672 0.03119 -0.0015397 
1572161081.193499 1572161081.492963 0.000432871 0.37735 0 0.999999 -0 0 -0.00107542 -49.8643 95.3358 1480.01 0.999999 0.000379357 0.00125654 0.000759263 -0.893817 13.1883 0 0.999909 0 0 0.0135074 -287.158 -380.654 -49333 0.998903 0.0337205 0.0324711 -0.000811323 
1572161081.492963 1572161081.692936 0.000134811 0.255259 0 1 -0 0 -0.000568397 -28.7274 77.8257 996.089 1 -5.27144e-05 0.000620151 0.000257009 -0.900578 13.4435 0 0.999916 0 0 0.012939 -250.965 -370.178 -48334.1 0.998885 0.033659 0.0330992 -0.000577219 
1572161081.692936 1572161081.992911 0.000171472 0.388421 0 1 -0 0 -0.000381643 -77.6772 113.905 1529.87 0.999999 0.000143476 0.000770976 0.000717096 -0.910457 13.8318 0 0.999921 0 0 0.0125574 -226.985 -359.545 -46798.3 0.998854 0.0337781 0.0338935 0.000117876 
1572161081.992911 1572161082.292887 -0.000110775 0.363326 0 1 0 0 -6.73836e-05 -54.7999 68.9707 1502.5 0.999966 -0.00827249 0.000231391 -0.000534656 -0.919692 14.195 0 0.999922 0 0 0.01249 -179.772 -392.245 -45294.3 0.999092 0.0255321 0.0341064 -0.000704371 
1572161082.292887 1572161082.492877 0.000138731 0.262045 0 1 0 0 4.10698e-05 -70.814 66.6143 1002.67 0.999999 0.00104687 5.23619e-05 -0.000138592 -0.926098 14.457 0 0.999921 0 0 0.0125311 -181.914 -376.944 -44287.1 0.999063 0.0265827 0.0341559 -0.000808469 
1572161082.492877 1572161082.792860 4.19673e-05 0.385023 0 1 0 0 0.000781095 -50.7835 172.798 1441.58 0.999933 0.0114778 -0.000841422 -0.000799625 -0.935705 14.8419 0 0.999911 0 0 0.0133121 -133.664 -281.051 -42838.2 0.998719 0.0380759 0.033301 -0.00119289 
1572161082.792860 1572161082.992829 -0.000142328 0.271134 0 1 0 0 0.000290925 -56.5988 24.0551 1101.13 0.999972 -0.0075029 -0.000330315 -0.000599474 -0.943066 15.1129 0 0.999907 0 0 0.013603 -116.875 -340.907 -41737.1 0.998987 0.0306019 0.0329384 -0.00202884 
1572161082.992829 1572161083.292791 -0.000389004 0.402861 0 0.999999 0 0 0.00138038 -82.2646 156.118 1578.72 0.999992 0.00362569 -0.000763568 0.00145768 -0.954414 15.5156 0 0.999888 0 0 0.0149833 -94.3133 -281.652 -40149.9 0.998896 0.0341772 0.0322273 -0.00042983 
1572161083.292791 1572161083.492789 -0.00030075 0.273635 0 0.999999 0 0 0.00118455 -66.7408 76.0857 1067.04 1 0.000411094 -0.000707865 -0.000253752 -0.962913 15.7891 0 0.999869 0 0 0.0161677 -92.014 -278.72 -39078 0.998904 0.0345963 0.0315117 -0.00064586 
1572161083.492789 1572161083.692813 -0.000204036 0.277714 0 1 0 0 0.000627055 -50.0913 70.0371 1105.02 0.999999 -0.00140658 -0.000733179 0.000558444 -0.972096 16.0667 0 0.999859 0 0 0.0167946 -72.2464 -285.315 -37969.9 0.998975 0.0331741 0.0307977 -0.000106986 
1572161083.692813 1572161083.992697 -0.000584696 0.420785 0 0.999999 0 0 0.00163338 -82.4732 139.527 1659.33 0.999999 0.000233527 -0.00121034 8.11497e-05 -0.986812 16.4872 0 0.99983 0 0 0.0184278 -52.1576 -256.237 -36303 0.999004 0.033405 0.0295913 2.14247e-05 
1572161083.992697 1572161084.192736 -8.52903e-05 0.284568 0 1 0 0 0.000271058 -55.4901 78.1528 1122.31 1 -0.000270387 -0.000570364 7.23315e-05 -0.997384 16.7716 0 0.999825 0 0 0.0186988 -41.043 -253.276 -35176.7 0.999029 0.0331327 0.0290239 0.000104736 
1572161084.192736 1572161084.392669 -0.000154525 0.289248 0 1 0 0 0.000702038 -38.2348 104.27 1119.13 1 0.000118328 -0.000724704 0.000238903 -1.00835 17.0606 0 0.999812 0 0 0.0194007 -14.1271 -223.397 -34052.8 0.999046 0.0332439 0.0283078 0.000370853 
1572161084.392669 1572161084.692632 -0.000468366 0.437012 0 1 0 0 0.000738174 -68.9149 117.339 1707.58 0.999999 0.00129171 -0.000430616 0.000995956 -1.02577 17.4973 0 0.999797 0 0 0.0201387 13.8282 -219.888 -32340 0.999014 0.034506 0.0279102 0.00141674 
1572161084.692632 1572161084.892610 -1.33469e-05 0.292095 0 1 0 0 0.00019459 -46.4823 93.5596 1150.21 1 -1.38016e-05 -0.000292898 0.000762351 -1.03755 17.7891 0 0.999793 0 0 0.0203333 31.5884 -205.981 -31185.3 0.999021 0.0344705 0.0276439 0.00218806 
1572161084.892610 1572161085.092590 -0.00021868 0.292599 0 1 0 0 0.000695427 -66.557 80.7387 1149.13 1 1.84198e-05 -0.000185375 -0.000611268 -1.04967 18.0815 0 0.999779 0 0 0.0210285 28.5786 -204.859 -30031.4 0.999027 0.0345054 0.0274376 0.00158429 
1572161085.092590 1572161085.292570 -0.000167678 0.290007 0 1 0 0 0.000447658 -55.9813 97.4803 1145.47 1 -0.000269425 -0.000217408 6.87878e-05 -1.06203 18.3712 0 0.999769 0 0 0.0214761 35.4799 -186.768 -28880.6 0.999042 0.034234 0.0272232 0.00165312 
1572161085.292570 1572161085.592597 -0.000228262 0.428632 0 1 0 0 0.000508598 -81.2577 121.624 1709.12 1 -0.000274029 -0.000465338 -0.000509347 -1.08066 18.7994 0 0.999758 0 0 0.0219846 47.3274 -182.603 -27165.3 0.999064 0.0339733 0.0267413 0.00115273 
1572161085.592597 1572161085.792522 -9.85194e-05 0.28036 0 1 0 0 0.000421013 -46.036 69.7047 1120.56 1 3.43228e-05 -0.000342461 0.000175872 -1.09308 19.0795 0 0.999749 0 0 0.0224055 61.2856 -189.247 -26041.7 0.999072 0.0340025 0.0264051 0.00134099 
1572161085.792522 1572161085.992500 -0.000114577 0.276172 0 1 0 0 0.000551238 -53.3346 74.3388 1064.09 1 0.000262892 -0.000142497 -0.000657711 -1.10557 19.3554 0 0.999736 0 0 0.0229566 64.1996 -187.54 -24973.7 0.999067 0.0342823 0.02624 0.000695676 
1572161085.992500 1572161086.292469 -0.000398544 0.407824 0 1 0 0 0.000736356 -71.6472 137.412 1632.58 0.999999 0.000395207 -0.000414116 0.000875002 -1.12469 19.7628 0 0.999719 0 0 0.0236927 78.3832 -162.452 -23334 0.999064 0.0346539 0.025856 0.00159443 
1572161086.292469 1572161086.492471 -0.000154839 0.266854 0 1 0 0 0.000668428 -54.5102 88.3451 1051.52 1 -0.000385824 -0.000256473 -6.8656e-05 -1.13749 20.0293 0 0.999703 0 0 0.024361 78.2647 -147.315 -22277.5 0.999084 0.0342698 0.025598 0.00152475 
1572161086.492471 1572161086.792442 -0.000634289 0.396271 0 0.999999 0 0 0.00128044 -60.1885 115.828 1595.25 0.999999 -0.0013207 -0.000706581 -0.000380253 -1.15742 20.4251 0 0.999671 0 0 0.025641 99.768 -141.162 -20677.1 0.999146 0.0329589 0.024881 0.00113525 
1572161086.792442 1572161086.992405 -3.19088e-05 0.262116 0 1 0 0 0.000321029 -49.2356 85.7346 1027.63 1 7.21747e-05 -0.000246528 0.000202922 -1.17089 20.6869 0 0.999663 0 0 0.0259619 101.71 -123.429 -19644.9 0.99915 0.0330257 0.0246413 0.00134792 
1572161086.992405 1572161087.292448 -0.000126866 0.38874 0 1 0 0 0.000312408 -84.1315 111.979 1528.72 1 0.00067049 -0.000611422 3.11133e-05 -1.19119 21.0751 0 0.999655 0 0 0.0262742 92.9727 -112.845 -18109.8 0.999142 0.033694 0.0240305 0.00141572 
1572161087.292448 1572161087.492354 -9.98311e-05 0.255166 0 1 0 0 0.00032095 -33.7254 66.9872 1024.45 1 -2.78726e-05 -0.00069585 -1.76117e-05 -1.2047 21.3299 0 0.999646 0 0 0.0265951 108.497 -115.067 -17082.7 0.99916 0.0336656 0.0233347 0.0014209 
1572161087.492354 1572161087.792326 -0.000434927 0.377775 0 0.999999 0 0 0.0012035 -101.293 107.26 1495.86 1 -1.91153e-05 -0.000385983 3.99561e-05 -1.22522 21.7071 0 0.999614 0 0 0.0277981 77.0743 -109.032 -15580 0.999169 0.033645 0.0229504 0.00147337 
1572161087.792326 1572161088.092302 -0.000294631 0.372951 0 1 0 0 0.000886723 -55.5943 118.792 1489.34 1 -0.000111929 -0.000975533 3.15133e-05 -1.24624 22.0795 0 0.999589 0 0 0.0286845 89.8254 -90.7928 -14085 0.999195 0.033531 0.0219769 0.00153511 
1572161088.092302 1572161088.292278 -0.00010222 0.246193 0 1 0 0 0.00044816 -51.5282 70.8911 965.601 1 0.000160324 -0.000391218 0.000108856 -1.26046 22.3253 0 0.999576 0 0 0.0291325 80.7413 -84.9333 -13115.5 0.999198 0.0336882 0.0215894 0.00166052 
1572161088.292278 1572161088.592248 -0.000235154 0.365206 0 1 0 0 0.000650257 -71.6372 101.139 1435.62 1 0.000350016 -0.000548488 -7.32426e-05 -1.28196 22.6898 0 0.999556 0 0 0.0297825 71.0818 -80.9119 -11674.6 0.999198 0.0340386 0.0210383 0.00161337 
1572161088.592248 1572161088.892207 -1.24487e-05 0.359659 0 1 0 0 3.96072e-07 -62.9188 105.754 1409.86 0.999999 0.00102172 -0.000461165 0.000771427 -1.30339 23.0488 0 0.999556 0 0 0.0297828 67.459 -71.503 -10259.4 0.999171 0.0350425 0.0206021 0.00242137 
1572161088.892207 1572161089.192188 -0.000160679 0.354618 0 1 0 0 0.000551163 -64.4648 114.041 1410.51 1 0.000475565 -0.000646569 -0.000190981 -1.32466 23.4028 0 0.99954 0 0 0.0303338 60.9725 -56.781 -8842.91 0.999167 0.03552 0.0199482 0.002263 
1572161089.192188 1572161089.492147 -0.000261752 0.342697 0 1 0 0 0.000913387 -71.3905 108.866 1359.99 1 2.85519e-05 -0.000379305 0.000128355 -1.34571 23.7449 0 0.999512 0 0 0.0312467 43.7339 -45.0259 -7476.85 0.999173 0.0355451 0.0195737 0.00240529 
1572161089.492147 1572161089.692125 -0.000114691 0.217625 0 1 0 0 0.000380846 -29.9356 66.1976 871.769 1 -0.000305572 -0.000327333 0.000276263 -1.35941 23.9621 0 0.9995 0 0 0.0316274 47.8439 -41.0228 -6602.08 0.99919 0.0352336 0.0192572 0.00268698 
1572161089.692125 1572161090.092102 -0.000259175 0.355727 0 1 0 0 0.000717954 -79.7685 125.698 1466.76 0.999999 -0.00136349 -0.000235288 0.000759587 -1.38216 24.3171 0 0.999477 0 0 0.032345 24.3547 -19.2982 -5128.14 0.999239 0.0338559 0.0190525 0.00342798 
1572161090.092102 1572161124.388708 0.000141336 0.297203 0 1 -0 0 -0.000303764 -49.4495 70.6303 1044.91 0.999997 0.00249535 -0.000324893 -0.000523779 -1.40124 24.6137 0 0.999487 0 0 0.0320414 14.5779 -19.7963 -4079.72 0.999159 0.0363581 0.0187015 0.00296313 
1572161124.388708 1572161125.088630 -0.000315925 0.378859 0 1 0 0 0.000528456 -70.0143 120.835 1534.77 1 0.000140266 -0.000375516 0.000478765 -1.42582 24.9917 0 0.999469 0 0 0.0325695 1.75 -11.1311 -2538.69 0.99916 0.0364882 0.0183433 0.00345777 
1572161125.088630 1572161125.488595 -0.000197532 0.300028 0 1 0 0 0.000478185 -70.13 90.0751 1189.55 1 -0.000201368 -4.70075e-06 -0.000175365 -1.44555 25.2911 0 0.999454 0 0 0.0330475 -24.9289 -8.4619 -1343.98 0.999168 0.0362902 0.0183329 0.00327903 
1572161125.488595 1572161125.888554 -0.000148051 0.343842 0 1 0 0 0.000695438 -60.0495 111.855 1362.7 1 -0.000302142 -0.000274175 -0.000562927 -1.46841 25.6342 0 0.999431 0 0 0.0337425 -35.2736 3.96311 24.5296 0.999185 0.0359977 0.0180395 0.00272098 
1572161125.888554 1572161126.288542 -0.000536274 0.379967 0 0.999999 0 0 0.00112695 -61.0526 113.599 1501.99 0.999999 -0.000240963 -0.000245683 0.00107869 -1.49457 26.0132 0 0.999392 0 0 0.0348688 -42.3152 8.95343 1532.03 0.999195 0.0357368 0.0178335 0.00380329 
1572161126.288542 1572161126.588483 -0.000105347 0.304836 0 1 0 0 0.000395945 -25.7606 79.8648 1203.96 1 0.000192441 -0.000252831 0.000382321 -1.51592 26.3173 0 0.999378 0 0 0.0352645 -25.3297 2.56489 2738.77 0.999191 0.0359213 0.0175938 0.00419777 
1572161126.588483 1572161126.888452 0.00011216 0.320808 0 1 0 0 -0.000186465 -49.0234 95.9915 1235.87 1 0.000529162 0.000137527 -5.00512e-05 -1.53842 26.6373 0 0.999385 0 0 0.0350781 -31.1801 9.29827 3979.3 0.99917 0.0364515 0.0177272 0.00415213 
1572161126.888452 1572161127.188441 0.000195718 0.332043 0 1 0 0 -0.000595288 -27.4366 87.2269 1306.74 1 0.000283217 0.000168285 0.000308311 -1.56151 26.9686 0 0.999405 0 0 0.0344832 -12.5229 1.03365 5289.07 0.999155 0.0367297 0.0179054 0.00445907 
1572161127.188441 1572161127.488400 0.000240932 0.3412 0 1 -0 0 -0.000778524 -61.9754 129.438 1330.88 0.999999 0.00101506 0.00103778 0.000630151 -1.58479 27.309 0 0.999432 0 0 0.0337052 -27.3836 32.0126 6627.23 0.999095 0.0377372 0.0189609 0.00506874 
1572161127.488400 1572161127.788357 0.000248899 0.343257 0 1 -0 0 -0.000804676 -14.0872 83.3166 1350.23 0.999999 -5.90033e-05 0.00106222 -0.000695582 -1.60766 27.6515 0 0.999459 0 0 0.0329009 9.48865 13.3691 7979.46 0.99908 0.0376968 0.0199962 0.00433258 
1572161127.788357 1572161128.088316 0.000326761 0.333131 0 0.999999 -0 0 -0.001056 -45.5054 103.564 1315.48 0.999999 0.000270488 0.00158242 9.14251e-05 -1.62925 27.9839 0 0.999493 0 0 0.0318455 16.2714 17.3127 9299.77 0.999036 0.037972 0.0215794 0.00436967 
1572161128.088316 1572161128.388266 0.000363962 0.323873 0 0.999999 -0 0 -0.00118872 -38.4037 94.7452 1275.16 0.999999 8.25299e-05 0.00169728 1.9602e-05 -1.6495 28.3072 0 0.99953 0 0 0.0306573 32.6373 14.8763 10578.9 0.998995 0.0380614 0.0232754 0.00432658 
1572161128.388266 1572161128.688294 0.000495206 0.315124 0 0.999999 -0 0 -0.00163083 -25.8978 94.0522 1253.15 0.999999 -1.57045e-05 0.00155717 -0.000119643 -1.66832 28.6217 0 0.999579 0 0 0.0290272 64.8116 13.3373 11835.4 0.998959 0.0380552 0.0248265 0.00414742 
1572161128.688294 1572161128.988192 0.000499502 0.303022 0 0.999999 -0 0 -0.00158538 -35.5861 98.2902 1194.55 0.999999 -0.0004272 0.00163803 0.000224552 -1.68541 28.9243 0 0.999623 0 0 0.0274425 88.2703 20.4001 13034.3 0.998932 0.0376296 0.0264731 0.00429879 
1572161128.988192 1572161129.388155 0.000830701 0.38679 0 0.999998 -0 0 -0.00190436 -16.7654 134.954 1537.77 0.999998 -0.000949254 0.00176798 0.000342535 -1.7058 29.3105 0 0.999674 0 0 0.0255388 152.468 39.5323 14576.6 0.998917 0.0366798 0.0282561 0.00454929 
1572161129.388155 1572161129.688129 0.000309923 0.278312 0 0.999999 -0 0 -0.00111865 -20.7003 79.3905 1099.45 0.999999 -0.000750303 0.00132838 0.000163048 -1.7197 29.5885 0 0.999702 0 0 0.0244205 193.677 38.19 15678.4 0.998905 0.0359317 0.0295924 0.00464223 
1572161129.688129 1572161130.088092 0.000452811 0.355837 0 0.999999 -0 0 -0.0011679 -41.8834 114.534 1416.21 0.999998 -0.000612977 0.00176291 0.000153287 -1.73662 29.9439 0 0.99973 0 0 0.0232529 235.249 50.673 17099.1 0.998873 0.035323 0.0313617 0.00471386 
1572161130.088092 1572161130.488242 0.000355232 0.352897 0 0.999999 -0 0 -0.0010151 -31.2522 106.708 1386.78 0.999999 6.8789e-05 0.00154777 7.55227e-06 -1.75267 30.2964 0 0.999753 0 0 0.0222381 290.638 59.2958 18489.3 0.99882 0.0353987 0.0329076 0.00466888 
1572161130.488242 1572161130.788022 0.000254204 0.278722 0 1 0 0 -0.00087117 -32.7161 90.0327 1094.84 0.999999 -1.57058e-05 0.00109186 -0.000574349 -1.76481 30.5749 0 0.999772 0 0 0.0213671 329.699 71.6335 19587.5 0.998787 0.035407 0.0339779 0.00405604 
1572161130.788022 1572161131.087998 0.000165739 0.293669 0 1 -0 0 -0.000569017 -45.8219 99.6745 1164.61 1 0.000243451 0.000814207 -0.000181221 -1.77719 30.8683 0 0.999784 0 0 0.0207982 362.797 88.5235 20756.7 0.998751 0.0356596 0.0347837 0.00385448 
1572161131.087998 1572161131.487963 0.000225494 0.40869 0 1 0 0 -0.000259292 -47.4411 113.522 1624.48 1 2.69906e-05 -1.42709e-05 -0.000241918 -1.79396 31.2767 0 0.999789 0 0 0.020539 428.196 85.9948 22384.5 0.998751 0.0356949 0.0347607 0.00361431 
1572161131.487963 1572161131.788226 -7.38322e-05 0.317537 0 1 0 0 0.000363491 -69.2106 84.8293 1250.63 1 -0.000226484 -0.000402436 0.000148461 -1.80708 31.5939 0 0.999782 0 0 0.0209024 445.912 81.0776 23639.8 0.998773 0.0354621 0.0343649 0.00376908 
1572161131.788226 1572161132.087900 -0.000407558 0.31539 0 0.999999 0 0 0.00164644 -64.127 103.744 1249.5 0.999999 0.000843599 -0.00135902 -0.000536085 -1.82067 31.909 0 0.999746 0 0 0.0225485 467.517 95.7312 24895 0.99879 0.0363179 0.0329853 0.00331083 
1572161132.087900 1572161132.387874 -0.000637211 0.309968 0 0.999998 0 0 0.00188535 -61.7329 85.7472 1239.4 0.999999 0.000278005 -0.00161855 0.000166221 -1.83528 32.2186 0 0.999701 0 0 0.0244333 487.521 91.0488 26138.7 0.998832 0.0365847 0.0313738 0.0035448 
1572161132.387874 1572161132.688951 -0.00038889 0.307308 0 0.999999 0 0 0.00120817 -70.0719 114.517 1213.82 0.999999 0.000498341 -0.0015104 2.64258e-05 -1.85068 32.5256 0 0.999671 0 0 0.0256411 493.431 116.159 27359.6 0.998859 0.0370762 0.0298643 0.00364208 
1572161132.688951 1572161133.087809 -0.000764546 0.404377 0 0.999998 0 0 0.00179653 -117.429 128.244 1589.66 0.999999 -1.83267e-05 -0.00163059 -0.000277791 -1.87218 32.9294 0 0.999624 0 0 0.027437 470.835 125.536 28958.6 0.998908 0.0370602 0.0282253 0.00342451 
1572161133.087809 1572161133.387773 -0.000358857 0.296039 0 0.999999 0 0 0.00131295 -66.3629 82.6883 1190.43 0.999999 -0.000434941 -0.00123972 -0.000394277 -1.88877 33.2249 0 0.999587 0 0 0.0287494 471.616 119.493 30153.7 0.99896 0.0366326 0.0269738 0.00306433 
1572161133.387773 1572161133.687748 -0.000247831 0.286477 0 0.999999 0 0 0.00105891 -68.9871 92.1952 1142.44 0.999999 -0.000147631 -0.00103889 -0.000518962 -1.90548 33.5109 0 0.999556 0 0 0.0298079 464.173 127.455 31301.9 0.998994 0.0364959 0.0259174 0.00257998 
1572161133.687748 1572161134.087713 -0.000451496 0.363516 0 0.999999 0 0 0.00112421 -98.2476 123.085 1459.98 0.999999 -0.000253475 -0.000490157 -0.00104595 -1.9276 33.8738 0 0.999522 0 0 0.0309316 441.534 143.255 32770.1 0.999018 0.0362685 0.0253902 0.0015464 
1572161134.087713 1572161134.487677 -1.08776e-05 0.345943 0 1 0 0 -0.000129117 -41.3638 104.626 1376.89 1 1.73487e-05 0.00011155 -0.000232063 -1.949 34.2191 0 0.999525 0 0 0.0308025 470.098 147.731 34151.3 0.999015 0.0362919 0.0254932 0.00131096 
1572161134.487677 1572161134.887648 0.00036636 0.330597 0 0.999999 -0 0 -0.00116092 -24.5376 94.7878 1310.31 0.999999 0.000211822 0.00125896 0.000291578 -1.96899 34.549 0 0.999561 0 0 0.0296421 512.387 147.233 35464.5 0.998974 0.0364977 0.0267612 0.00156196 
1572161134.887648 1572161135.287616 0.000514953 0.328316 0 0.999999 -0 0 -0.00152197 -40.8809 107.596 1310.74 0.999998 2.21169e-05 0.0018826 -0.000774971 -1.98793 34.8768 0 0.999605 0 0 0.0281208 541.67 158.864 36780 0.998922 0.0365434 0.0286135 0.000719662 
1572161135.287616 1572161135.687564 0.000664839 0.354475 0 0.999998 -0 0 -0.00190545 -11.0426 98.8221 1391.7 0.999998 0.000280115 0.00201145 7.62347e-05 -2.0072 35.2308 0 0.999656 0 0 0.026216 610.34 155.835 38173.5 0.998852 0.0368224 0.0306253 0.000730323 
1572161135.687564 1572161135.988953 0.000424176 0.28306 0 0.999999 -0 0 -0.00152351 -7.50148 65.6176 1113.56 0.999999 -0.000173517 0.00153518 8.66976e-05 -2.02161 35.5135 0 0.999695 0 0 0.024693 671.093 139.383 39287.2 0.99881 0.0366475 0.032162 0.000755077 
1572161135.988953 1572161136.387740 0.000781592 0.39666 0 0.999998 -0 0 -0.00186436 -32.3179 112.982 1569.22 0.999997 0.000482434 0.00201145 -0.00124729 -2.04041 35.9097 0 0.999739 0 0 0.0228292 739.843 137.134 40859.4 0.998726 0.0371709 0.0341249 -0.000548925 
1572161136.387740 1572161136.687464 0.000342711 0.299238 0 0.999999 0 0 -0.00108148 -49.6165 93.0762 1177 0.999999 0.000352367 0.00118494 1.31894e-05 -2.05373 36.2086 0 0.999763 0 0 0.021748 770.86 142.448 42040.7 0.998672 0.0375217 0.035309 -0.000567773 
1572161136.687464 1572161136.987442 0 0.297222 0 1 0 0 0 -45.4416 68.5855 1163.21 1 9.33847e-05 0.00041514 -4.83042e-05 -2.06665 36.5056 0 0.999763 0 0 0.021748 807.776 123.55 43206 0.998653 0.0376164 0.0357218 -0.000628292 
1572161136.987442 1572161137.387404 -0.000137918 0.394517 0 1 0 0 0.000882927 -68.7906 130.439 1543.89 0.999999 0.000541299 -0.000775836 -0.000368031 -2.08395 36.8997 0 0.999744 0 0 0.0226307 849.755 137.457 44756.3 0.99866 0.0381706 0.0349335 -0.000947307 
1572161137.387404 1572161137.687371 -0.000496694 0.290105 0 0.999999 0 0 0.00171741 -74.4682 72.7231 1164.87 0.999999 0.000108993 -0.00131911 -9.26265e-05 -2.09757 37.1895 0 0.999704 0 0 0.0243476 856.993 121.025 45925.7 0.998701 0.0382839 0.0336127 -0.00098565 
1572161137.687371 1572161137.987347 -0.000425725 0.284667 0 0.999999 0 0 0.0014388 -71.5325 79.3815 1128.28 0.999999 2.01932e-05 -0.0013277 0.00018255 -2.11185 37.4738 0 0.999667 0 0 0.025786 861.648 113.777 47059 0.998744 0.0382992 0.0322937 -0.000751828 
1572161137.987347 1572161138.387294 -0.000577476 0.374044 0 0.999999 0 0 0.00160926 -77.3117 121.837 1485.41 0.999999 0.000427052 -0.00148256 -0.000511347 -2.13171 37.8473 0 0.999625 0 0 0.0273947 880.715 121.473 48551.2 0.998774 0.0387433 0.0307937 -0.00119196 
1572161138.387294 1572161138.787263 -0.000192401 0.368039 0 1 0 0 0.000446959 -68.3191 114.306 1476.67 1 -0.000402363 -0.000241703 0.000580964 -2.15206 38.2148 0 0.999612 0 0 0.0278414 903.767 121.044 50033.7 0.998797 0.0383238 0.0305743 -0.000614734 
1572161138.787263 1572161139.087240 9.11152e-05 0.271481 0 1 0 0 -0.000338838 -64.1796 87.4324 1064.89 1 -0.000339788 0.000625513 -7.71408e-05 -2.16708 38.4858 0 0.999622 0 0 0.0275027 905.008 126.585 51104.1 0.998791 0.0379864 0.0311959 -0.000726143 
1572161139.087240 1572161139.487199 1.81394e-05 0.358693 0 1 -0 0 -0.000188117 -58.0504 118.284 1435.63 1 0.000268567 0.000626957 -0.000202461 -2.18679 38.844 0 0.999627 0 0 0.0273147 936.906 135.473 52545.4 0.998761 0.0382605 0.0318146 -0.000943797 
1572161139.487199 1572161139.887153 0.000267052 0.352632 0 1 0 0 -0.000574352 -54.1342 96.1988 1387.3 0.999999 7.62101e-05 0.000774934 0.000768203 -2.20578 39.1961 0 0.999642 0 0 0.0267406 971.36 125.251 53936.6 0.998733 0.0383114 0.032618 -0.00020377 
1572161139.887153 1572161140.187198 0.00011136 0.257558 0 1 0 0 -0.000423427 -37.2987 81.8599 1027.5 1 0.000189457 0.000567496 7.02748e-05 -2.21944 39.4533 0 0.999654 0 0 0.0263173 1001.31 128.148 54967.6 0.998707 0.0384982 0.0331875 -0.000149146 
1572161140.187198 1572161140.587088 0.000188274 0.331147 0 1 0 0 -0.000424171 -56.4017 88.781 1316.24 0.999999 6.64153e-05 0.000876292 -0.00076266 -2.23667 39.784 0 0.999665 0 0 0.0258932 1032.52 115.31 56287.6 0.998675 0.0385897 0.0340333 -0.000942352 
1572161140.587088 1572161140.987043 0.000253926 0.319878 0 1 -0 0 -0.000776724 -42.2843 101.438 1269.69 0.999999 1.90367e-05 0.00116532 -0.00025859 -2.25298 40.1035 0 0.999685 0 0 0.0251168 1077.01 118.47 57561.3 0.998634 0.0386164 0.0351871 -0.00124492 
1572161140.987043 1572161141.486991 0.000318538 0.386745 0 1 0 0 -0.000568946 -54.3343 118.9 1541.27 0.999998 -0.000189153 0.00183175 -0.000396904 -2.27208 40.4898 0 0.999699 0 0 0.024548 1131.6 117.993 59107.1 0.998574 0.0384391 0.0370007 -0.00171867 
1572161141.486991 1572161141.886999 0 0.3096 0 1 0 0 0 -46.726 97.7827 1232.7 0.999999 7.77941e-05 0.00110947 -0.000171597 -2.28728 40.799 0 0.999699 0 0 0.024548 1176.54 120.724 60343.8 0.998529 0.0385212 0.0381021 -0.00192979 
1572161141.886999 1572161142.286919 9.87601e-06 0.308487 0 1 0 0 -9.42546e-05 -39.9524 93.6837 1236.81 1 0.000227849 0.000692119 0.000256286 -2.30241 41.1071 0 0.999701 0 0 0.0244538 1231.27 118.838 61583.5 0.998494 0.0387376 0.0388035 -0.00169186 
1572161142.286919 1572161143.686777 0.000953578 0.311622 0 0.999971 -0 0 -0.00766236 -22.262 60.037 825.152 1 -0.000391707 0.000320991 0.000429381 -2.31669 41.4184 0 0.999859 0 0 0.016793 1273.29 114.761 62410.1 0.998498 0.0383293 0.03914 -0.00129076 
1572161143.686777 1572161176.783379 0.00172582 0.345395 0 0.999996 -0 0 -0.00299265 -61.0752 127.19 1602.56 0.999998 0.0016128 0.000857385 -0.000171773 -2.32657 41.7636 0 0.999905 0 0 0.0138007 1338.21 118.724 64017.5 0.9984 0.0399452 0.0399915 -0.00143201 
1572161176.783379 1572161177.283336 0.000430712 0.373171 0 0.999999 -0 0 -0.0012856 -37.9911 123.461 1505.39 0.999999 -0.00046169 0.0013468 0.000877334 -2.33643 42.1367 0 0.999922 0 0 0.0125152 1421.13 121.531 65526.2 0.998365 0.0394472 0.0413705 -0.00062834 
1572161177.283336 1572161177.683301 0.000705315 0.358832 0 0.999998 -0 0 -0.00184047 -39.7297 101.986 1422.21 0.999999 -0.000599102 0.00143296 0.00010686 -2.34471 42.4954 0 0.999943 0 0 0.0106749 1499.41 111.024 66950.4 0.998328 0.0388437 0.0428049 -0.000602965 
1572161177.683301 1572161177.983304 0.000187977 0.290558 0 1 -0 0 -0.000720722 -46.3006 86.5972 1152.54 0.999999 -0.000349146 0.0012388 -0.000354174 -2.35072 42.7859 0 0.99995 0 0 0.00995417 1552.12 107.814 68105.9 0.998287 0.0385095 0.0440276 -0.00101961 
1572161177.983304 1572161178.283253 0.000234036 0.312408 0 1 -0 0 -0.000625133 -32.8821 91.0994 1197.19 0.999999 0.000313498 0.00102341 -0.000263604 -2.35671 43.0983 0 0.999956 0 0 0.00932906 1625.01 106.442 69304.8 0.998229 0.038833 0.0450394 -0.00130837 
1572161178.283253 1572161178.583223 0.000214535 0.310522 0 1 0 0 -0.000530851 -62.9434 102.979 1243.86 1 0.000463819 0.000669368 -0.000452658 -2.36229 43.4087 0 0.999961 0 0 0.00879823 1674.67 112.474 70553.5 0.99818 0.0393155 0.0456906 -0.00176533 
1572161178.583223 1572161178.883202 3.2046e-05 0.329451 0 1 0 0 3.965e-05 -63.5556 98.7676 1307.47 0.999999 0.000131613 0.000331536 -0.00114547 -2.36805 43.7381 0 0.999961 0 0 0.00883788 1731.16 108.1 71865 0.998157 0.0394986 0.0459767 -0.00291574 
1572161178.883202 1572161179.183176 -0.000165901 0.324313 0 1 0 0 0.000377632 -61.6026 85.2833 1304.29 1 -0.000213124 3.28913e-05 -0.000561969 -2.37395 44.0624 0 0.999958 0 0 0.0092155 1790.04 90.055 73172.1 0.998162 0.0393116 0.0459867 -0.00348777 
1572161179.183176 1572161179.585497 -0.000391213 0.429935 0 0.999999 0 0 0.00126567 -69.0812 129.044 1663.76 1 0.00030467 -0.000774262 -0.000402248 -2.38227 44.4923 0 0.999945 0 0 0.0104811 1874.9 87.8252 74840.1 0.998184 0.0396369 0.0451991 -0.00384483 
1572161179.585497 1572161179.883113 -0.000348589 0.299644 0 0.999999 0 0 0.00119283 -70.0683 90.5362 1227.39 1 -0.000120413 -0.000744943 0.000180623 -2.3889 44.7918 0 0.999932 0 0 0.0116739 1916.52 80.8109 76072.1 0.998223 0.0395114 0.0444622 -0.00364045 
1572161179.883113 1572161180.183143 -0.000388582 0.307225 0 0.999999 0 0 0.00120271 -57.5301 107.169 1250.66 0.999998 -0.000167234 -0.00145819 0.00100732 -2.39646 45.099 0 0.999917 0 0 0.0128765 1971.03 88.7982 77327.5 0.998296 0.0393049 0.0430457 -0.00258473 
1572161180.183143 1572161180.483070 -0.000404175 0.307548 0 0.999999 0 0 0.00129753 -79.555 102.636 1220.49 0.999999 -0.000193305 -0.00109862 0.000683883 -2.40478 45.4064 0 0.9999 0 0 0.0141739 1997.3 95.2062 78554.6 0.998352 0.0390853 0.0419753 -0.00186715 
1572161180.483070 1572161180.783038 -0.000373203 0.307163 0 0.999999 0 0 0.00118633 -73.4106 92.8098 1245.7 0.999999 -0.000433487 -0.00119368 0.000108298 -2.41386 45.7134 0 0.999882 0 0 0.0153601 2029.02 90.3524 79805.5 0.998419 0.0386502 0.040787 -0.00173057 
1572161180.783038 1572161181.182977 -0.000656746 0.402223 0 0.999999 0 0 0.00164592 -98.5701 135.324 1604.46 0.999999 -0.00052443 -0.00139666 -0.000226903 -2.42687 46.1154 0 0.999855 0 0 0.0170058 2062.13 101.245 81418.3 0.998494 0.0381382 0.0393828 -0.00192452 
1572161181.182977 1572161181.487290 -0.000376798 0.304197 0 0.999999 0 0 0.00121939 -45.4184 77.9853 1183.24 0.999999 1.14451e-05 -0.000955772 -0.000943243 -2.43759 46.4194 0 0.999834 0 0 0.018225 2110.27 88.7444 82603.9 0.998529 0.0381886 0.0383925 -0.00282944 
1572161181.487290 1572161181.782914 -0.000104886 0.28143 0 1 0 0 0.000234077 -73.7318 86.0856 1173.34 1 0.000320421 -0.000262957 -0.000323089 -2.44795 46.7007 0 0.99983 0 0 0.018459 2127.21 85.0382 83782.6 0.998526 0.0385217 0.0381185 -0.00312971 
1572161181.782914 1572161182.183229 -0.000193883 0.405131 0 1 0 0 0.000186067 -73.2828 94.0592 1571.65 1 -0.000255417 2.45585e-05 -0.000363266 -2.4631 47.1055 0 0.999826 0 0 0.0186451 2174.27 57.7774 85357.8 0.998533 0.0382804 0.0381282 -0.00350312 
1572161182.183229 1572161182.482846 -1.95176e-05 0.304402 0 1 0 0 7.62728e-05 -62.731 102.637 1255.81 1 0.000274782 0.000181277 0.000229952 -2.47447 47.4097 0 0.999825 0 0 0.0187213 2208.02 64.0266 86618.9 0.998517 0.0385454 0.038319 -0.00326997 
1572161182.482846 1572161182.783193 -7.9354e-05 0.336065 0 1 0 0 0.000229124 -54.1777 88.5049 1281.97 1 0.000337047 2.26115e-06 0.000235219 -2.48713 47.7456 0 0.99982 0 0 0.0189504 2252.62 53.458 87904.2 0.998504 0.0388729 0.0383314 -0.00302227 
1572161182.783193 1572161183.083209 -7.02099e-05 0.330983 0 1 0 0 0.000295215 -52.1652 110.26 1356 1 0.000543149 -9.83139e-05 0.000211885 -2.49974 48.0763 0 0.999815 0 0 0.0192456 2305.09 57.9627 89264.7 0.998487 0.0394074 0.0382431 -0.00278606 
1572161183.083209 1572161183.382770 -7.45655e-05 0.345213 0 1 0 0 0.000212383 -52.5172 85.9495 1364.84 1 0.000220711 2.62346e-05 0.000478999 -2.5131 48.4212 0 0.999811 0 0 0.0194579 2357.4 36.0802 90632.1 0.998479 0.0396094 0.0382888 -0.00230038 
1572161183.382770 1572161183.682742 -0.000119599 0.334926 0 1 0 0 0.000318845 -75.8117 129.095 1333.94 1 0.000686758 0.000138496 6.96851e-05 -2.52625 48.7559 0 0.999804 0 0 0.0197767 2384.54 59.1393 91973.9 0.998446 0.0402921 0.0384314 -0.00220999 
1572161183.682742 1572161183.982714 -9.04167e-05 0.32145 0 1 0 0 0.000272928 -65.9842 89.3117 1277.58 1 -0.000123408 2.09734e-05 -0.000363698 -2.53906 49.0771 0 0.999799 0 0 0.0200496 2417.24 45.2374 93255.8 0.998449 0.0401828 0.0384374 -0.00257871 
1572161183.982714 1572161184.282692 -0.000111342 0.303812 0 1 0 0 0.000431646 -58.4567 99.4192 1224.44 1 -0.000221823 -0.000309667 -0.000178332 -2.55135 49.3807 0 0.99979 0 0 0.0204811 2453.51 45.9618 94485.1 0.99847 0.039969 0.0381205 -0.00275285 
1572161184.282692 1572161184.682651 2.96731e-05 0.339427 0 1 0 0 5.90524e-05 -58.9145 108.83 1381.44 0.999999 -0.00129889 -0.000536796 0.000370382 -2.56522 49.7198 0 0.999789 0 0 0.0205402 2500.55 44.0359 95871.3 0.998542 0.0386594 0.0375957 -0.00241109 
1572161184.682651 1572161185.382587 -0.000335241 0.288042 0 0.999999 0 0 0.0015645 -61.6567 97.8935 1000.07 0.999999 -0.00104957 -0.000689502 0.000281221 -2.57738 50.0076 0 0.999756 0 0 0.0221043 2514.73 64.3609 96877.7 0.998608 0.0376024 0.0369155 -0.00214308 
1572161185.382587 1572161221.781563 -0.000418734 0.345548 0 0.999999 0 0 0.00101676 -63.5307 80.6476 1356.65 0.999996 0.00278895 -0.0010905 0.000112858 -2.59308 50.3528 0 0.999733 0 0 0.0231208 2551.74 42.7762 98237.6 0.99854 0.0403855 0.0358366 -0.00188641 
1572161221.781563 1572161222.178978 -0.000380237 0.306454 0 0.999999 0 0 0.00103892 -64.7764 94.6275 1223.33 1 -0.000245435 -0.000581207 -0.000469194 -2.60762 50.6589 0 0.999708 0 0 0.0241594 2575.13 38.3199 99466.1 0.998569 0.0401583 0.0352368 -0.00234024 
1572161222.178978 1572161222.578938 -0.000531787 0.370492 0 0.999999 0 0 0.00143402 -88.8885 123.066 1454.5 0.999999 -0.00052103 -0.000720247 -0.000561888 -2.62605 51.0289 0 0.999672 0 0 0.025593 2589.47 44.2576 100928 0.998614 0.0396595 0.0344938 -0.00289076 
1572161222.578938 1572161222.878915 -0.000251856 0.310008 0 1 0 0 0.000890846 -57.9479 92.6565 1231.92 1 -0.000263818 -0.000795384 -0.000234864 -2.64216 51.3385 0 0.999649 0 0 0.0264836 2617.04 38.9721 102165 0.99865 0.0394064 0.0336894 -0.00310285 
1572161222.878915 1572161223.178884 -0.000297408 0.331858 0 1 0 0 0.000933809 -66.3412 97.419 1319.75 1 6.56805e-05 -0.000989266 -9.70837e-06 -2.66003 51.6699 0 0.999624 0 0 0.027417 2640.19 32.1727 103490 0.998681 0.0394754 0.0327013 -0.00307135 
1572161223.178884 1572161223.478853 -0.000299986 0.34687 0 0.999999 0 0 0.00101142 -61.9268 106.165 1387.03 0.999999 0.000371554 -0.00123369 0.000465089 -2.67935 52.0162 0 0.999596 0 0 0.0284281 2669.58 28.5834 104882 0.998707 0.039835 0.0314887 -0.00254602 
1572161223.478853 1572161223.778823 -0.000523729 0.362723 0 0.999999 0 0 0.00139604 -86.5501 106.912 1424.88 0.999999 0.000481807 -0.00122731 -0.000335209 -2.70048 52.3783 0 0.999555 0 0 0.0298235 2673.35 21.7759 106313 0.998724 0.0403298 0.0302508 -0.00281673 
1572161223.778823 1572161224.078794 -0.000478136 0.376503 0 0.999999 0 0 0.00135323 -72.588 113.549 1478.14 0.999999 0.000208949 -0.00114404 0.000151422 -2.72341 52.7541 0 0.999514 0 0 0.0311761 2690.79 15.8588 107797 0.99875 0.0405371 0.0291149 -0.00261304 
1572161224.078794 1572161224.278770 -0.000252845 0.259747 0 0.999999 0 0 0.00104248 -72.3422 70.3017 1023.76 1 0.0001442 -0.000563298 -0.000539718 -2.73985 53.0134 0 0.999481 0 0 0.0322181 2678.43 3.08269 108826 0.998759 0.0406983 0.0285308 -0.00312505 
1572161224.278770 1572161224.578747 -0.000581531 0.396225 0 0.999999 0 0 0.00134983 -78.5597 121.485 1559.16 0.999999 0.000280775 -0.000959591 0.000487389 -2.76595 53.4087 0 0.999436 0 0 0.0335672 2689.5 -2.55991 110392 0.998776 0.0409678 0.0275931 -0.0025912 
1572161224.578747 1572161224.778722 -0.000143554 0.262242 0 1 0 0 0.000502709 -47.005 81.8794 1054.08 1 0.000531682 -0.000727795 -0.000409268 -2.78369 53.6704 0 0.999419 0 0 0.0340696 2701.05 -7.2314 111450 0.998773 0.041512 0.0268508 -0.00295548 
1572161224.778722 1572161225.078899 -0.000193735 0.384119 0 1 0 0 0.000744256 -81.3712 110.201 1529.64 1 -0.000113966 -0.000686333 -0.000548215 -2.81004 54.0536 0 0.999394 0 0 0.0348134 2702.36 -24.1968 112986 0.998794 0.0414149 0.0261422 -0.00347759 
1572161225.078899 1572161225.278823 -0.00010041 0.242001 0 1 0 0 0.000381079 -50.6329 87.1706 967.952 1 -4.9197e-06 -0.000436979 0.000390422 -2.82698 54.295 0 0.99938 0 0 0.0351943 2702.86 -17.3398 113959 0.998807 0.0414013 0.0257219 -0.00306967 
1572161225.278823 1572161225.578664 -0.000219015 0.320467 0 1 0 0 0.000922621 -64.7372 91.1688 1292.9 0.999999 -0.000639463 -0.000596323 0.000637518 -2.84974 54.6147 0 0.999348 0 0 0.0361163 2705.07 -33.3582 115256 0.99885 0.040748 0.0251507 -0.00242467 
1572161225.578664 1572161225.978619 -0.000349144 0.329598 0 0.999999 0 0 0.00111059 -66.603 100.495 1326.68 1 -0.000136055 -0.000730185 0.000630372 -2.87388 54.9434 0 0.999307 0 0 0.0372261 2705.64 -41.1692 116589 0.998875 0.040598 0.0244467 -0.00176869 
1572161225.978619 1572161226.578557 -0.00153202 0.346947 0 0.999981 0 0 0.00608416 -152.619 104.664 1385.75 0.99998 0.000310503 -0.00626468 0.000238149 -2.90122 55.2892 0 0.999062 0 0 0.0433054 2621.26 -49.125 117984 0.998996 0.0409126 0.0181988 -0.00126885 
1572161226.578557 1572161227.278488 -0.00656087 0.361883 0 0.999775 0 0 0.02119 -414.557 112.012 1477.71 0.999762 0.0011497 -0.0217722 0.000337295 -2.93907 55.6492 0 0.99792 0 0 0.0644658 2261.01 -57.9158 119480 0.999108 0.0420729 -0.00354065 -1.991e-05 
1572161227.278488 1572161227.778437 -0.00885736 0.311316 0 0.999551 0 0 0.0299546 -536.026 91.0024 1288.35 0.99957 0.000564664 -0.029308 -0.00106177 -2.98791 55.9568 0 0.995541 0 0 0.0943291 1715.85 -75.367 120768 0.998551 0.0426158 -0.0328657 0.000150351 
1572161227.778437 1572161228.278953 -0.013303 0.362881 0 0.999388 0 0 0.0349766 -652.678 98.5746 1493.98 0.999422 0.000115394 -0.0339837 -0.0011464 -3.06913 56.3107 0 0.991633 0 0 0.129092 966.241 -102.683 122219 0.996852 0.0426636 -0.06683 0.000449978 
1572161228.278953 1572161228.678378 -0.00801885 0.337464 0 0.999758 0 0 0.0219887 -405.411 108.466 1381.32 0.999762 0.000494927 -0.0218063 -0.000304988 -3.16328 56.6349 0 0.988554 0 0 0.150866 379.742 -110.24 123538 0.995136 0.0431166 -0.0885649 0.0010431 
1572161228.678378 1572161228.978333 -0.00375138 0.286457 0 0.99992 0 0 0.0126717 -244.44 55.6452 1151.21 0.999926 -0.000705018 -0.0121276 -0.000109287 -3.2523 56.9072 0 0.986563 0 0 0.16338 -64.2222 -152.445 124628 0.994019 0.0423895 -0.100631 0.00151961 
1572161228.978333 1572161229.278300 -0.00312328 0.313752 0 0.999959 0 0 0.0091022 -186.724 107.636 1255.05 0.999959 -0.000349951 -0.0091014 0.00010164 -3.3564 57.2032 0 0.985035 0 0 0.172353 -499.329 -150.317 125825 0.993077 0.0420363 -0.109669 0.0020416 
1572161229.278300 1572161229.578276 -0.00183738 0.337354 0 0.999989 0 0 0.0046203 -105.185 99.6451 1329.4 0.999988 -0.000681886 -0.00472365 0.000718735 -3.47268 57.5199 0 0.984228 0 0 0.176903 -892.648 -162.069 127103 0.992574 0.0414278 -0.114327 0.00302868 
1572161229.578276 1572161229.878197 -0.000158149 0.354918 0 1 -0 0 -0.000438841 -45.1738 101.51 1398.19 1 -0.000390622 -0.000257295 -0.000332457 -3.59642 57.8525 0 0.984306 0 0 0.176471 -1255.19 -176.709 128458 0.992562 0.0410013 -0.114595 0.00275401 
1572161229.878197 1572161230.178124 0.00164198 0.368019 0 0.999986 -0 0 -0.00523965 2.33494 96.1067 1443.23 0.999989 5.15751e-05 0.00449724 -0.00116711 -3.72273 58.1982 0 0.985217 0 0 0.171311 -1582.33 -199.316 129867 0.993068 0.0409307 -0.110178 0.00140525 
1572161230.178124 1572161230.478042 0.00309286 0.366855 0 0.999964 -0 0 -0.00850427 52.1551 114.456 1445.03 0.999969 0.000103278 0.00787174 -0.000646653 -3.84365 58.5445 0 0.986638 0 0 0.162926 -1848.84 -203.488 131293 0.993901 0.0409718 -0.102384 0.000429461 
1572161230.478042 1572161230.678009 0.00159519 0.234431 0 0.999976 -0 0 -0.00697522 53.2525 72.3758 928.158 0.999974 0.000558753 0.00718735 -0.000572847 -3.91751 58.767 0 0.987751 0 0 0.15604 -1986.24 -207.431 132215 0.994588 0.0414705 -0.0952615 -0.000491589 
1572161230.678009 1572161230.977991 0.00379525 0.33162 0 0.999924 -0 0 -0.0123658 148.025 90.4733 1279.09 0.999916 0.000293209 0.0129657 -0.000153791 -4.01613 59.0837 0 0.989605 0 0 0.143814 -2083.96 -223.978 133502 0.995727 0.0417376 -0.0823642 -0.00121013 
1572161230.977991 1572161231.278001 0.00444162 0.308766 0 0.999893 -0 0 -0.0146616 194.436 99.0417 1193.77 0.999886 0.000213703 0.0150495 0.000928168 -4.09976 59.3809 0 0.991607 0 0 0.129289 -2088.53 -226.074 134715 0.996846 0.0420039 -0.0673307 -0.000931521 
1572161231.278001 1572161231.677926 0.00698871 0.396787 0 0.999856 -0 0 -0.0169902 208.578 121.934 1529.89 0.999851 0.00049794 0.0172398 0.000652685 -4.19474 59.7663 0 0.99366 0 0 0.112423 -2087.8 -234.063 136264 0.997838 0.0425219 -0.0501074 -0.00103842 
1572161231.677926 1572161231.977900 0.00281891 0.284789 0 0.999955 -0 0 -0.00953397 114.542 87.1014 1089.65 0.999951 5.55759e-05 0.00991302 0.00036836 -4.25562 60.0445 0 0.994687 0 0 0.102944 -2083.08 -240.356 137363 0.998283 0.0425834 -0.0401976 -0.00109511 
1572161231.977900 1572161232.377866 0.00345658 0.351091 0 0.999954 -0 0 -0.00958277 92.6702 104.274 1374.88 0.999954 -1.49809e-05 0.00955804 0.000419302 -4.32414 60.3888 0 0.995628 0 0 0.0934078 -2101.31 -253.753 138745 0.998623 0.0425729 -0.0306363 -0.00108289 
1572161232.377866 1572161232.777841 0.00225907 0.300959 0 0.999973 -0 0 -0.00731591 56.4603 104.526 1195.07 0.99997 -3.83142e-05 0.00780508 -5.47777e-05 -4.3779 60.685 0 0.996285 0 0 0.0861214 -2118.24 -251.411 139946 0.998833 0.0425232 -0.0228434 -0.00146867 
1572161232.777841 1572161245.576955 0.00131148 0.262458 0 0.999992 0 0 -0.00387633 23.1972 44.0297 653.742 0.999991 -0.000143968 0.00432079 0.000426749 -4.42164 60.9437 0 0.996611 0 0 0.0822588 -2124.93 -263.144 140601 0.998929 0.0423824 -0.0185095 -0.00122285 
1572161245.576955 1572161277.273545 0.000799382 -0.0573176 0 0.999935 0 0 0.0113811 -150.669 -32.9953 -488.782 0.999928 -0.000155211 -0.0119909 -0.000231837 -4.41146 60.8873 0 0.99561 0 0 0.093596 -2257.4 -254.051 140106 0.998642 0.0422347 -0.0304963 -0.000943273 
1572161277.273545 1572161278.173474 0.0085992 -0.35704 0 0.999838 0 0 0.0180196 -143.324 -115.805 -1456.52 0.999861 -0.00051419 -0.0166332 -0.000499065 -4.33647 60.5382 0 0.993762 0 0 0.111521 -2311.55 -246.023 138639 0.998017 0.0417158 -0.0471242 -0.000723351 
1572161278.173474 1572161278.673434 4.7257e-05 -0.32713 0 1 -0 0 -0.000418057 63.3131 -90.7293 -1287.98 1 0.000206365 0.000775154 -2.54534e-05 -4.26391 60.2192 0 0.993809 0 0 0.111106 -2127.06 -229.619 137360 0.998045 0.04192 -0.0463515 -0.000790815 
1572161278.673434 1572161279.073367 0.000228146 -0.315025 0 0.999998 0 0 0.00175288 17.5889 -94.7821 -1237.47 0.999998 -5.80467e-05 -0.00192059 8.14733e-05 -4.19412 59.912 0 0.993612 0 0 0.112848 -1994.76 -220.708 136126 0.997957 0.0418673 -0.0482649 -0.000626298 
1572161279.073367 1572161279.473324 0.00314461 -0.351258 0 0.999946 0 0 0.0104067 -82.48 -104.823 -1373.72 0.999944 -4.13183e-05 -0.010552 0.000132527 -4.11229 59.5704 0 0.992384 0 0 0.123182 -1944.15 -210.017 134747 0.997393 0.0418367 -0.0587871 -5.02276e-05 
1572161279.473324 1572161279.773294 0.00320621 -0.281976 0 0.99994 0 0 0.0109963 -126.886 -89.252 -1090.18 0.999939 -0.000110067 -0.0109904 -0.000883456 -4.04024 59.2977 0 0.99097 0 0 0.134087 -1941.89 -207.345 133645 0.996691 0.041673 -0.0697823 -0.000465103 
1572161279.773294 1572161280.173253 0.00358878 -0.395655 0 0.999971 0 0 0.00754989 -38.0022 -112.997 -1542.94 0.999963 -0.000150339 -0.00864686 -0.000188334 -3.93163 58.9173 0 0.989929 0 0 0.141565 -1764.28 -191.621 132108 0.996057 0.0415125 -0.0784059 -0.000281965 
1572161280.173253 1572161280.473234 0.0015374 -0.296522 0 0.999983 0 0 0.00586838 -24.6326 -90.7621 -1164 0.999979 -0.000680117 -0.00632988 0.00113302 -3.84705 58.6331 0 0.989081 0 0 0.147372 -1606.23 -185.687 130951 0.995568 0.0409248 -0.0846623 0.00116269 
1572161280.473234 1572161280.873185 0.00422602 -0.387026 0 0.999947 0 0 0.0103001 -73.3713 -109.084 -1498.39 0.999954 -0.000140652 -0.00953818 5.8767e-05 -3.73018 58.2641 0 0.987511 0 0 0.157551 -1425.09 -171.673 129458 0.994721 0.0407768 -0.0941518 0.0016234 
1572161280.873185 1572161281.173156 0.000974862 -0.283525 0 0.999997 0 0 0.00241032 11.8102 -80.1341 -1100.64 0.999997 -0.000255807 -0.00221726 0.000642197 -3.64103 57.9949 0 0.987128 0 0 0.159931 -1206.6 -161.969 128376 0.994519 0.0405791 -0.0963305 0.0023767 
1572161281.173156 1572161281.573120 -0.00115394 -0.36727 0 0.999988 -0 0 -0.00488257 127.101 -115.844 -1450.77 0.99999 -3.20717e-05 0.0043529 -0.00050191 -3.52616 57.6461 0 0.987897 0 0 0.15511 -802.715 -160.062 126972 0.994931 0.0405088 -0.0920208 0.00170397 
1572161281.573120 1572161281.873095 -0.00231052 -0.267061 0 0.999955 -0 0 -0.00951719 173.487 -68.625 -1091.74 0.999957 0.000438963 0.00923025 -0.000539388 -3.44651 57.3912 0 0.989329 0 0 0.145701 -431.666 -140.822 125929 0.995721 0.0409099 -0.082856 0.000752943 
1572161281.873095 1572161282.273060 -0.00703872 -0.345659 0 0.99976 -0 0 -0.021885 348.626 -89.4816 -1401.38 0.999773 0.000510532 0.0212854 0.000196664 -3.3536 57.0581 0 0.99228 0 0 0.124014 144.06 -117.499 124602 0.997238 0.0414413 -0.0616352 3.55089e-05 
1572161282.273060 1572161282.673011 -0.00864218 -0.337989 0 0.999669 -0 0 -0.0257282 412.927 -111.693 -1418.51 0.999694 -4.384e-05 0.0247201 -0.000220766 -3.27879 56.7284 0 0.995143 0 0 0.0984436 728.801 -113.638 123240 0.998459 0.0413722 -0.0369737 -0.00120639 
1572161282.673011 1572161283.072978 -0.00780822 -0.331153 0 0.999751 -0 0 -0.0223146 366.931 -97.1878 -1380.04 0.999761 0.000359853 0.021871 0.000243211 -3.22157 56.4022 0 0.997092 0 0 0.0762129 1196.82 -98.6081 121888 0.999014 0.0417042 -0.0151171 -0.00188142 
1572161283.072978 1572161283.472933 -0.00466881 -0.310083 0 0.9999 -0 0 -0.0141126 254.429 -100.665 -1266.34 0.999895 6.99062e-05 0.0145113 0.000241037 -3.17906 56.095 0 0.998068 0 0 0.0621337 1489.33 -94.7519 120626 0.999126 0.041746 -0.000608379 -0.00224666 
1572161283.472933 1572161283.972937 -0.00370962 -0.360393 0 0.99995 -0 0 -0.0100312 222.173 -108.804 -1459.51 0.999949 -0.000293543 0.0100714 0.000925614 -3.13804 55.7369 0 0.998641 0 0 0.0521187 1713.06 -82.4373 119162 0.999095 0.0414285 0.00949219 -0.001742 
1572161283.972937 1572161284.372874 -0.00189412 -0.293334 0 0.999984 -0 0 -0.00565073 133.467 -93.0892 -1181.86 0.999982 -0.000489544 0.0058398 0.000895921 -3.10939 55.445 0 0.998919 0 0 0.0464749 1823.86 -77.6898 117975 0.999044 0.04092 0.0153628 -0.00109344 
1572161284.372874 1572161284.772828 0.000157459 -0.323649 0 0.999999 0 0 0.00166821 53.3364 -101.363 -1279.74 0.999998 8.08347e-06 -0.00194546 1.28673e-05 -3.07918 55.1227 0 0.998841 0 0 0.0481412 1837.66 -74.0859 116690 0.999071 0.0409299 0.0134197 -0.00100085 
1572161284.772828 1572161285.172952 0.00148521 -0.322984 0 0.99999 0 0 0.00438359 -10.5299 -102.289 -1286.04 0.99999 0.00113903 -0.00423347 -0.000513388 -3.04664 54.8014 0 0.99862 0 0 0.0525192 1792.43 -70.8104 115400 0.999071 0.0420786 0.00917016 -0.00132519 
1572161285.172952 1572161285.772716 0.00154832 -0.361808 0 0.999989 0 0 0.00475871 -30.5954 -114.387 -1430.22 0.999985 -0.000429973 -0.00536952 -0.000255995 -3.00715 54.4417 0 0.998359 0 0 0.0572708 1735.41 -64.4488 113967 0.999124 0.0416579 0.00379416 -0.00135893 
1572161285.772716 1572161286.372648 0.00318707 -0.32873 0 0.999959 0 0 0.00904106 -90.387 -90.8772 -1288.4 0.999962 -0.000124829 -0.0086957 -0.00055485 -2.96639 54.1155 0 0.9978 0 0 0.0662947 1635.12 -47.53 112676 0.999123 0.0415455 -0.00491735 -0.00155147 
1572161286.372648 1572161286.972577 -0.000296017 -0.335517 0 0.999996 -0 0 -0.00297806 114.678 -93.5267 -1334.32 0.999995 -0.000510395 0.00317843 -4.22148e-06 -2.9223 53.7829 0 0.997993 0 0 0.0633229 1762.83 -30.3837 111339 0.999155 0.0410304 -0.00174265 -0.00168522 
1572161286.972577 1572161287.472513 -0.00239852 -0.289334 0 0.999956 -0 0 -0.00941701 188.043 -92.9868 -1171.93 0.999948 -0.000385174 0.0101739 -5.34136e-05 -2.88811 53.4956 0 0.998545 0 0 0.0539219 1954.81 -27.636 110164 0.999137 0.0406262 0.00841991 -0.00215527 
1572161287.472513 1572161288.072451 -0.00840831 -0.35184 0 0.999644 -0 0 -0.0266908 458.877 -121.055 -1460.95 0.999643 -0.000233367 0.0267096 0.000184452 -2.85858 53.1449 0 0.999629 0 0 0.0272508 2388.69 -31.2965 108691 0.998565 0.0403194 0.0351104 -0.00305728 
1572161288.072451 1572161290.372300 -0.00374154 -0.226429 0 0.999916 0 0 -0.0129244 185.02 -48.7387 -552.454 0.99993 -0.000128751 0.0118606 -0.000252152 -2.84998 52.9186 0 0.999897 0 0 0.014329 2534.21 -35.8778 108125 0.998083 0.0401606 0.046941 -0.00379159 
1572161290.372300 1572161292.572020 -0.000582107 0.100564 0 0.999988 0 0 0.0048758 -60.63 45.5595 623.798 0.999989 0.00172096 -0.00424429 -0.000285176 -2.85344 53.0191 0 0.999816 0 0 0.0192041 2532.63 -40.4664 108753 0.998201 0.0419073 0.0426994 -0.00382494 
1572161292.572020 1572161293.172023 -0.00351261 0.366939 0 0.999969 0 0 0.0079306 -199.803 110.106 1483.62 0.99997 -0.000292713 -0.00766959 -0.00042562 -2.87104 53.3856 0 0.999632 0 0 0.0271326 2460.79 -54.5498 110252 0.99851 0.0416614 0.0350234 -0.00394077 
1572161293.172023 1572161293.571928 0.000445311 0.301337 0 0.999998 -0 0 -0.0020182 -17.1709 95.4521 1188.76 0.999998 -2.00223e-05 0.00177196 0.000413043 -2.88694 53.6866 0 0.999685 0 0 0.0251151 2527.45 -58.5783 111443 0.998449 0.0416199 0.0368098 -0.00360286 
1572161293.571928 1572161293.971889 0.000656123 0.321225 0 0.999998 -0 0 -0.00202552 -49.2108 96.6194 1270.71 0.999998 0.000288202 0.00204058 -0.000342501 -2.90242 54.0074 0 0.999733 0 0 0.0230902 2572.39 -68.0391 112718 0.998358 0.0419128 0.0388339 -0.00401914 
1572161293.971889 1572161294.371844 0.000314027 0.352898 0 1 0 0 -0.000509419 -35.5583 113.224 1387.63 1 9.00795e-05 0.000482173 0.000226001 -2.9184 54.36 0 0.999745 0 0 0.0225809 2645.34 -71.6083 114108 0.998336 0.041992 0.0393251 -0.00381022 
1572161294.371844 1572161294.771803 -0.000481662 0.383978 0 0.999999 0 0 0.0016278 -80.4575 110.085 1513.23 0.999999 -0.000287698 -0.000951739 0.000696757 -2.93621 54.7435 0 0.999707 0 0 0.0242082 2684.67 -88.8979 115627 0.998388 0.041681 0.0384031 -0.00308597 
1572161294.771803 1572161295.071841 -0.000406755 0.302838 0 0.999999 0 0 0.0013123 -66.438 102.578 1200.31 1 4.71952e-05 -0.000948692 -3.04351e-05 -2.95128 55.046 0 0.999674 0 0 0.0255201 2711.12 -86.6649 116833 0.998422 0.0417322 0.0374548 -0.003075 
1572161295.071841 1572161295.371765 -0.0003442 0.301801 0 0.999999 0 0 0.00105868 -64.1372 96.7856 1216.01 0.999999 -0.000206061 -0.00109104 -3.19451e-05 -2.96702 55.3474 0 0.999647 0 0 0.0265785 2738.7 -91.6387 118055 0.998471 0.041531 0.0363635 -0.00306908 
1572161295.371765 1572161295.671715 -9.58508e-05 0.302844 0 1 0 0 0.000297424 -69.7333 85.9619 1189.13 1 0.00030149 -0.000412716 -1.98554e-05 -2.98321 55.6498 0 0.999639 0 0 0.0268758 2755.99 -104.644 119249 0.998473 0.041834 0.0359515 -0.0030608 
1572161295.671715 1572161296.071673 -0.000400872 0.419945 0 1 0 0 0.000787407 -70.9721 127.413 1672.88 1 0.000116221 -0.000653405 -0.000237896 -3.00617 56.0691 0 0.999617 0 0 0.0276629 2806.03 -117.58 120927 0.998491 0.0419606 0.0352895 -0.00326682 
1572161296.071673 1572161296.371654 -0.000124394 0.327396 0 1 0 0 0.000340734 -61.3865 100.801 1296.49 1 5.5942e-05 -0.000311176 0.000174712 -3.02441 56.396 0 0.999608 0 0 0.0280035 2836.77 -125.854 122229 0.9985 0.0420113 0.0349863 -0.00307734 
1572161296.371654 1572161296.671613 -0.000318795 0.336925 0 1 0 0 0.000928041 -70.724 97.9956 1333.8 1 -0.000127818 -0.000583425 -0.000112879 -3.04359 56.7324 0 0.999581 0 0 0.0289312 2859.95 -140.168 123568 0.998525 0.0418894 0.0343986 -0.00317001 
1572161296.671613 1572161296.871600 -0.000221397 0.230857 0 0.999999 0 0 0.00101752 -35.569 62.7015 915.27 1 -0.000206244 -0.000768698 -8.24701e-05 -3.05716 56.9628 0 0.999551 0 0 0.0299482 2887.68 -154.332 124485 0.998559 0.0416887 0.0336269 -0.00322725 
1572161296.871600 1572161297.171570 -0.000476001 0.357947 0 0.999999 0 0 0.00135268 -68.322 118.429 1423.23 1 -0.000143609 -0.000723289 -0.000114939 -3.07907 57.3201 0 0.99951 0 0 0.0313003 2915.81 -154.871 125915 0.998589 0.0415515 0.0328994 -0.0033167 
1572161297.171570 1572161297.471538 -0.000390176 0.366478 0 0.999999 0 0 0.00104018 -90.4913 117.401 1447.44 1 2.57346e-05 -0.000385458 -0.000107415 -3.10239 57.6858 0 0.999477 0 0 0.0323399 2921.32 -157.959 127370 0.9986 0.041582 0.0325101 -0.0034071 
1572161297.471538 1572161297.771510 -0.00016643 0.361132 0 1 0 0 0.000422803 -52.8002 110.712 1429.66 1 0.000206645 -0.000619719 0.000291783 -3.1259 58.0462 0 0.999463 0 0 0.0327625 2962.1 -166.462 128804 0.998613 0.041781 0.0319041 -0.00308324 
1572161297.771510 1572161297.971492 9.82656e-07 0.233122 0 1 -0 0 -4.26234e-05 -35.2296 63.4482 922.16 1 7.80952e-06 -0.000174023 0.000379846 -3.14116 58.2788 0 0.999465 0 0 0.0327199 2986.03 -180.246 129729 0.998619 0.0417772 0.0317462 -0.0026964 
1572161297.971492 1572161298.271464 -5.01595e-05 0.334578 0 1 0 0 0.000169976 -77.7328 102.217 1326.32 1 -4.37756e-05 0.000114011 -0.000101427 -3.1631 58.6127 0 0.999459 0 0 0.0328898 2993.07 -189.068 131061 0.998617 0.0417364 0.0318557 -0.00280384 
1572161298.271464 1572161298.671422 -7.43035e-05 0.397449 0 1 0 0 0.000279926 -51.5861 116.604 1588.67 1 -0.000767357 -0.000177143 -0.00023044 -3.1893 59.0093 0 0.99945 0 0 0.0331696 3043.26 -205.432 132654 0.998653 0.0409779 0.031667 -0.00305101 
1572161298.671422 1572161299.071382 4.22687e-05 0.295973 0 1 -0 0 -6.11717e-05 -42.8955 97.121 1189.87 1 -0.000483 0.000239287 0.000790596 -3.20888 59.3046 0 0.999452 0 0 0.0331084 3076.25 -206.105 133848 0.998668 0.0404698 0.0319369 -0.00228658 
1572161299.071382 1572161335.067788 0.000754159 0.319195 0 0.999998 0 0 -0.00210543 -42.8785 78.4177 1153.74 0.999999 0.00139821 0.000296293 4.79077e-05 -3.22925 59.6231 0 0.999519 0 0 0.0310041 3107.41 -221.287 135005 0.998601 0.0418639 0.0322379 -0.00220607 
